379
-195
40
15
221
167
-53
288
-474
16
23
156
-223
29
-347
442
-153
331
469
351
-54
-331
-446
284
-321
-51
-436
266
-160
-68
496
-407
-254
329
44
-171
191
-450
-165
0
216
327
79
376
-144
-92
-213
145
362
199
356
219
256
291
353
-103
262
205
-495
346
-311
-316
289
-33
-319
-13
479
-42
189
-205
309
231
-154
302
-117
30
28
405
-469
-151
493
394
-460
-297
-351
142
428
21
338
-335
334
-425
-441
-232
-30
245
210
100
-455
195
-122
11
126
-139
448
-251
480
-296
-5
-338
-137
-249
253
32
-236
-392
90
-355
241
-70
305
70
-325
-363
107
37
-388
-240
337
-61
134
336
-269
-434
-114
-98
-60
-276
-52
418
380
435
-396
-278
-403
194
-374
-1
24
-204
-305
-481
269
-84
-237
-448
306
-121
-97
-354
-429
265
443
-493
-149
-489
-142
61
-413
255
138
10
-299
-431
259
-324
333
-197
121
99
459
120
129
78
316
489
-226
225
47
-336
-395
42
454
492
144
6
-437
7
322
-476
-49
-55
181
411
-262
-298
371
404
102
-410
422
-371
64
-500
433
85
98
-370
-498
373
174
-449
-267
171
-283
-353
83
58
33
481
-131
-261
201
-95
89
463
-27
153
-445
8
283
177
104
-301
-491
395
484
157
163
403
-63
321
438
-206
-87
-48
-186
214
488
292
264
4
310
375
169
426
62
86
367
-150
108
297
462
-221
314
249
57
-31
-308
495
304
-341
155
-12
308
250
27
207
-462
-310
396
75
-156
-75
352
400
97
-265
-168
-428
-18
470
-45
158
340
339
-3
-483
323
-225
-389
211
466
-412
-264
-220
-344
318
-362
183
-315
-72
-46
-313
-190
-74
-287
341
-282
-80
-170
103
-277
-6
95
-59
-418
39
111
-96
-38
420
-184
415
326
-76
-4
-345
117
278
359
77
-158
-259
50
-377
449
-78
68
294
5
-387
-244
-82
175
477
-400
499
-496
487
-106
440
-211
127
-454
-478
-138
-188
436
344
500
147
36
209
-148
-466
59
67
66
374
-116
22
151
-440
-238
274
-176
368
-447
119
416
-109
279
-247
453
-36
-406
383
-159
-123
-293
-323
-189
-107
-375
-17
-382
285
-393
164
273
124
-241
254
424
332
-419
465
-83
-383
-291
115
-125
-253
-2
-201
-135
109
-369
-16
238
136
-356
229
347
-77
-252
-360
439
63
275
-457
-458
-130
421
431
141
-421
464
-452
-352
-295
325
-129
-484
381
-414
-442
112
162
25
-394
184
-456
-304
149
-281
-426
-90
-66
473
-271
-294
-461
173
143
-23
35
-50
172
-350
-112
270
-86
280
125
55
-119
212
94
110
65
131
-416
218
31
-177
-9
91
-372
3
258
-93
491
-274
-89
154
360
185
-361
-490
-408
-290
-415
-174
45
-233
-34
324
-62
-328
-280
-409
-187
-279
-181
-379
-91
328
456
-216
80
-26
-67
-320
192
-306
-218
148
-69
398
-432
-132
188
-309
478
206
412
239
-231
-398
-126
-182
-85
-439
372
-230
170
430
387
-57
13
217
-19
-10
-465
123
96
476
54
1
312
-443
474
-199
-365
53
74
-459
-157
406
92
277
-37
445
-342
-217
-366
364
227
451
267
-268
165
105
317
52
-56
-488
483
295
-337
193
303
-79
-24
429
-492
-499
293
-71
307
-143
114
434
243
-7
-104
342
-289
-340
-332
-384
-145
202
417
-263
-391
176
432
-390
-227
-58
252
450
-215
-386
378
200
296
130
-346
84
-214
244
-397
-234
-260
-468
161
46
-111
397
281
315
409
248
-427
257
-385
-463
242
-494
232
9
118
-348
-228
413
311
-334
224
-333
-28
-473
48
247
335
-405
34
-402
-94
-475
497
-169
-20
-164
113
-497
301
215
-284
-286
-222
330
-399
49
-44
146
320
-485
-208
447
-359
427
384
-212
-257
-480
-108
-88
-65
276
-192
-64
93
51
-401
72
69
226
233
-242
-364
408
-173
160
237
-105
-128
132
87
182
343
-146
140
168
-101
446
-100
-417
457
272
290
-307
-243
261
180
-229
-200
-368
-99
208
-433
-258
-339
-219
-422
389
122
260
455
43
271
-191
386
-404
-115
150
-312
-424
-202
263
-194
-140
-245
-11
-300
-438
-22
441
357
458
18
17
-343
-8
-250
299
-464
-470
-113
268
425
486
-288
236
399
-40
14
-183
-367
197
-357
-43
494
222
363
26
-47
88
485
467
-209
-136
-21
-196
213
20
452
-358
-179
106
-482
-118
460
-486
-329
-423
-102
-147
437
-378
-256
235
220
-166
-376
-203
-471
-141
391
178
-178
-322
-451
354
414
471
82
365
498
-124
-246
482
-81
-477
240
-185
-330
-29
187
152
246
-39
-110
19
385
-167
-420
135
410
-127
-161
-487
350
298
-32
-152
-479
81
234
228
159
-193
198
133
401
-302
-15
-472
-133
-235
349
-381
348
2
179
223
38
313
-349
393
392
-134
369
56
390
139
-373
186
-73
-41
116
204
388
-380
-207
-318
402
468
-270
190
-210
355
-467
196
128
-411
-292
-317
-180
-275
-435
423
461
-155
-453
-239
-163
73
-224
203
166
230
60
490
137
370
-303
-327
475
-162
-248
-198
444
345
76
282
407
300
-314
-120
-273
-285
-25
287
377
-255
382
71
-14
361
419
-266
472
-326
41
-175
-430
-272
-172
251
101
-444
366
358
12
286
-35
319
