1137
-585
120
45
663
501
-159
864
-1422
48
69
468
-669
87
-1041
1326
-459
993
1407
1053
-162
-993
-1338
852
-963
-153
-1308
798
-480
-204
1488
-1221
-762
987
132
-513
573
-1350
-495
0
648
981
237
1128
-432
-276
-639
435
1086
597
1068
657
768
873
1059
-309
786
615
-1485
1038
-933
-948
867
-99
-957
-39
1437
-126
567
-615
927
693
-462
906
-351
90
84
1215
-1407
-453
1479
1182
-1380
-891
-1053
426
1284
63
1014
-1005
1002
-1275
-1323
-696
-90
735
630
300
-1365
585
-366
33
378
-417
1344
-753
1440
-888
-15
-1014
-411
-747
759
96
-708
-1176
270
-1065
723
-210
915
210
-975
-1089
321
111
-1164
-720
1011
-183
402
1008
-807
-1302
-342
-294
-180
-828
-156
1254
1140
1305
-1188
-834
-1209
582
-1122
-3
72
-612
-915
-1443
807
-252
-711
-1344
918
-363
-291
-1062
-1287
795
1329
-1479
-447
-1467
-426
183
-1239
765
414
30
-897
-1293
777
-972
999
-591
363
297
1377
360
387
234
948
1467
-678
675
141
-1008
-1185
126
1362
1476
432
18
-1311
21
966
-1428
-147
-165
543
1233
-786
-894
1113
1212
306
-1230
1266
-1113
192
-1500
1299
255
294
-1110
-1494
1119
522
-1347
-801
513
-849
-1059
249
174
99
1443
-393
-783
603
-285
267
1389
-81
459
-1335
24
849
531
312
-903
-1473
1185
1452
471
489
1209
-189
963
1314
-618
-261
-144
-558
642
1464
876
792
12
930
1125
507
1278
186
258
1101
-450
324
891
1386
-663
942
747
171
-93
-924
1485
912
-1023
465
-36
924
750
81
621
-1386
-930
1188
225
-468
-225
1056
1200
291
-795
-504
-1284
-54
1410
-135
474
1020
1017
-9
-1449
969
-675
-1167
633
1398
-1236
-792
-660
-1032
954
-1086
549
-945
-216
-138
-939
-570
-222
-861
1023
-846
-240
-510
309
-831
-18
285
-177
-1254
117
333
-288
-114
1260
-552
1245
978
-228
-12
-1035
351
834
1077
231
-474
-777
150
-1131
1347
-234
204
882
15
-1161
-732
-246
525
1431
-1200
1497
-1488
1461
-318
1320
-633
381
-1362
-1434
-414
-564
1308
1032
1500
441
108
627
-444
-1398
177
201
198
1122
-348
66
453
-1320
-714
822
-528
1104
-1341
357
1248
-327
837
-741
1359
-108
-1218
1149
-477
-369
-879
-969
-567
-321
-1125
-51
-1146
855
-1179
492
819
372
-723
762
1272
996
-1257
1395
-249
-1149
-873
345
-375
-759
-6
-603
-405
327
-1107
-48
714
408
-1068
687
1041
-231
-756
-1080
1317
189
825
-1371
-1374
-390
1263
1293
423
-1263
1392
-1356
-1056
-885
975
-387
-1452
1143
-1242
-1326
336
486
75
-1182
552
-1368
-912
447
-843
-1278
-270
-198
1419
-813
-882
-1383
519
429
-69
105
-150
516
-1050
-336
810
-258
840
375
165
-357
636
282
330
195
393
-1248
654
93
-531
-27
273
-1116
9
774
-279
1473
-822
-267
462
1080
555
-1083
-1470
-1224
-870
-1245
-522
135
-699
-102
972
-186
-984
-840
-1227
-561
-837
-543
-1137
-273
984
1368
-648
240
-78
-201
-960
576
-918
-654
444
-207
1194
-1296
-396
564
-927
1434
618
1236
717
-693
-1194
-378
-546
-255
-1317
1116
-690
510
1290
1161
-171
39
651
-57
-30
-1395
369
288
1428
162
3
936
-1329
1422
-597
-1095
159
222
-1377
-471
1218
276
831
-111
1335
-1026
-651
-1098
1092
681
1353
801
-804
495
315
951
156
-168
-1464
1449
885
-1011
579
909
-237
-72
1287
-1476
-1497
879
-213
921
-429
342
1302
729
-21
-312
1026
-867
-1020
-996
-1152
-435
606
1251
-789
-1173
528
1296
-1170
-681
-174
756
1350
-645
-1158
1134
600
888
390
-1038
252
-642
732
-1191
-702
-780
-1404
483
138
-333
1191
843
945
1227
744
-1281
771
-1155
-1389
726
-1482
696
27
354
-1044
-684
1239
933
-1002
672
-999
-84
-1419
144
741
1005
-1215
102
-1206
-282
-1425
1491
-507
-60
-492
339
-1491
903
645
-852
-858
-666
990
-1197
147
-132
438
960
-1455
-624
1341
-1077
1281
1152
-636
-771
-1440
-324
-264
-195
828
-576
-192
279
153
-1203
216
207
678
699
-726
-1092
1224
-519
480
711
-315
-384
396
261
546
1029
-438
420
504
-303
1338
-300
-1251
1371
816
870
-921
-729
783
540
-687
-600
-1104
-297
624
-1299
-774
-1017
-657
-1266
1167
366
780
1365
129
813
-573
1158
-1212
-345
450
-936
-1272
-606
789
-582
-420
-735
-33
-900
-1314
-66
1323
1071
1374
54
51
-1029
-24
-750
897
-1392
-1410
-339
804
1275
1458
-864
708
1197
-120
42
-549
-1101
591
-1071
-129
1482
666
1089
78
-141
264
1455
1401
-627
-408
-63
-588
639
60
1356
-1074
-537
318
-1446
-354
1380
-1458
-987
-1269
-306
-441
1311
-1134
-768
705
660
-498
-1128
-609
-1413
-423
1173
534
-534
-966
-1353
1062
1242
1413
246
1095
1494
-372
-738
1446
-243
-1431
720
-555
-990
-87
561
456
738
-117
-330
57
1155
-501
-1260
405
1230
-381
-483
-1461
1050
894
-96
-456
-1437
243
702
684
477
-579
594
399
1203
-906
-45
-1416
-399
-705
1047
-1143
1044
6
537
669
114
939
-1047
1179
1176
-402
1107
168
1170
417
-1119
558
-219
-123
348
612
1164
-1140
-621
-954
1206
1404
-810
570
-630
1065
-1401
588
384
-1233
-876
-951
-540
-825
-1305
1269
1383
-465
-1359
-717
-489
219
-672
609
498
690
180
1470
411
1110
-909
-981
1425
-486
-744
-594
1332
1035
228
846
1221
900
-942
-360
-819
-855
-75
861
1131
-765
1146
213
-42
1083
1257
-798
1416
-978
123
-525
-1290
-816
-516
753
303
-1332
1098
1074
36
858
-105
957
