0 99999
1 99999
2 99999
3 99999
4 99999
5 99999
6 99999
7 99999
8 99999
9 99999
0 12345
1 12345
2 12345
3 12345
4 12345
5 12345
6 12345
7 12345
8 12345
9 12345
0 012345
1 012345
2 012345
3 012345
4 012345
5 012345
6 012345
7 012345
8 012345
9 012345
0 0012345
1 0012345
2 0012345
3 0012345
4 0012345
5 0012345
6 0012345
7 0012345
8 0012345
9 0012345
0 001234500
1 001234500
2 001234500
3 001234500
4 001234500
5 001234500
6 001234500
7 001234500
8 001234500
9 001234500
0 999999999
1 999999999
2 999999999
3 999999999
4 999999999
5 999999999
6 999999999
7 999999999
8 999999999
9 999999999
0 987654321
1 987654321
2 987654321
3 987654321
4 987654321
5 987654321
6 987654321
7 987654321
8 987654321
9 987654321
0 123456789
1 123456789
2 123456789
3 123456789
4 123456789
5 123456789
6 123456789
7 123456789
8 123456789
9 123456789
0 100000001
1 100000001
2 100000001
3 100000001
4 100000001
5 100000001
6 100000001
7 100000001
8 100000001
9 100000001
