2 1
2 2
2 3
2 4
2 5
2 6
2 7
2 8
2 9
2 10
2 11
2 12
2 13
2 14
2 15
2 16
2 17
2 18
2 19
2 20
2 21
2 22
2 23
2 24
2 25
2 26
2 27
2 28
2 29
3 1
3 2
3 3
3 4
3 5
3 6
3 7
3 8
3 9
3 10
3 11
3 12
3 13
3 14
3 15
3 16
3 17
3 18
4 1
4 2
4 3
4 4
4 5
4 6
4 7
4 8
4 9
4 10
4 11
4 12
4 13
4 14
5 1
5 2
5 3
5 4
5 5
5 6
5 7
5 8
5 9
5 10
5 11
5 12
6 1
6 2
6 3
6 4
6 5
6 6
6 7
6 8
6 9
6 10
6 11
7 1
7 2
7 3
7 4
7 5
7 6
7 7
7 8
7 9
7 10
8 1
8 2
8 3
8 4
8 5
8 6
8 7
8 8
8 9
9 1
9 2
9 3
9 4
9 5
9 6
9 7
9 8
9 9
10 1
10 2
10 3
10 4
10 5
10 6
10 7
10 8
100 2
100 3
32 2
5 10
3 15
2 28
2 17
5 9
3 12
2 14
7 7
5 12
2 22
4 9
9 6
10 3
6 3
10 6
4 6
7 10
2 3
2 18
2 12
8 1
8 4
8 5
3 4
5 8
100 2
4 3
10 5
2 7
4 4
2 5
2 16
9 7
3 3
3 13
8 6
4 10
4 11
8 8
2 24
2 26
32 2
10 2
7 8
3 14
5 4
5 1
2 4
4 5
7 3
9 1
8 7
10 7
6 10
5 6
6 8
6 1
7 1
5 3
2 19
5 2
2 8
2 15
2 29
2 9
2 20
5 5
6 4
3 8
2 1
8 3
9 9
9 4
3 18
4 12
9 3
3 6
6 2
4 14
9 5
6 5
3 1
3 5
4 7
6 6
7 5
4 13
6 9
2 23
2 10
2 21
9 8
2 2
6 7
7 6
8 2
3 16
2 6
6 11
3 17
3 9
2 11
2 25
10 1
3 2
7 4
4 1
2 13
5 11
8 9
10 4
7 9
3 7
4 8
7 2
5 7
100 3
10 8
3 11
2 27
3 10
4 2
9 2
