1 10 2
2 10 2
3 10 2
4 10 2
5 10 2
6 10 2
7 10 2
8 10 2
9 10 2
10 10 2
11 10 2
12 10 2
13 10 2
14 10 2
15 10 2
16 10 2
17 10 2
18 10 2
19 10 2
20 10 2
21 10 2
22 10 2
23 10 2
24 10 2
25 10 2
26 10 2
27 10 2
28 10 2
29 10 2
30 10 2
31 10 2
32 10 2
33 10 2
34 10 2
35 10 2
36 10 2
37 10 2
38 10 2
39 10 2
40 10 2
41 10 2
42 10 2
43 10 2
44 10 2
45 10 2
46 10 2
47 10 2
48 10 2
49 10 2
50 10 2
51 10 2
52 10 2
53 10 2
54 10 2
55 10 2
56 10 2
57 10 2
58 10 2
59 10 2
60 10 2
61 10 2
62 10 2
63 10 2
64 10 2
65 10 2
66 10 2
67 10 2
68 10 2
69 10 2
70 10 2
71 10 2
72 10 2
73 10 2
74 10 2
75 10 2
76 10 2
77 10 2
78 10 2
79 10 2
80 10 2
81 10 2
82 10 2
83 10 2
84 10 2
85 10 2
86 10 2
87 10 2
88 10 2
89 10 2
90 10 2
91 10 2
92 10 2
93 10 2
94 10 2
95 10 2
96 10 2
97 10 2
98 10 2
99 10 2
100 10 2
101 10 2
102 10 2
103 10 2
104 10 2
105 10 2
106 10 2
107 10 2
108 10 2
109 10 2
110 10 2
111 10 2
112 10 2
113 10 2
114 10 2
115 10 2
116 10 2
117 10 2
118 10 2
119 10 2
120 10 2
121 10 2
122 10 2
123 10 2
124 10 2
125 10 2
126 10 2
127 10 2
128 10 2
129 10 2
130 10 2
131 10 2
132 10 2
133 10 2
134 10 2
135 10 2
136 10 2
137 10 2
138 10 2
139 10 2
140 10 2
141 10 2
142 10 2
143 10 2
144 10 2
145 10 2
146 10 2
147 10 2
148 10 2
149 10 2
150 10 2
151 10 2
152 10 2
153 10 2
154 10 2
155 10 2
156 10 2
157 10 2
158 10 2
159 10 2
160 10 2
161 10 2
162 10 2
163 10 2
164 10 2
165 10 2
166 10 2
167 10 2
168 10 2
169 10 2
170 10 2
171 10 2
172 10 2
173 10 2
174 10 2
175 10 2
176 10 2
177 10 2
178 10 2
179 10 2
180 10 2
181 10 2
182 10 2
183 10 2
184 10 2
185 10 2
186 10 2
187 10 2
188 10 2
189 10 2
190 10 2
191 10 2
192 10 2
193 10 2
194 10 2
195 10 2
196 10 2
197 10 2
198 10 2
199 10 2
200 10 2
201 10 2
202 10 2
203 10 2
204 10 2
205 10 2
206 10 2
207 10 2
208 10 2
209 10 2
210 10 2
211 10 2
212 10 2
213 10 2
214 10 2
215 10 2
216 10 2
217 10 2
218 10 2
219 10 2
220 10 2
221 10 2
222 10 2
223 10 2
224 10 2
225 10 2
226 10 2
227 10 2
228 10 2
229 10 2
230 10 2
231 10 2
232 10 2
233 10 2
234 10 2
235 10 2
236 10 2
237 10 2
238 10 2
239 10 2
240 10 2
241 10 2
242 10 2
243 10 2
244 10 2
245 10 2
246 10 2
247 10 2
248 10 2
249 10 2
250 10 2
251 10 2
252 10 2
253 10 2
254 10 2
255 10 2
256 10 2
257 10 2
258 10 2
259 10 2
260 10 2
261 10 2
262 10 2
263 10 2
264 10 2
265 10 2
266 10 2
267 10 2
268 10 2
269 10 2
270 10 2
271 10 2
272 10 2
273 10 2
274 10 2
275 10 2
276 10 2
277 10 2
278 10 2
279 10 2
280 10 2
281 10 2
282 10 2
283 10 2
284 10 2
285 10 2
286 10 2
287 10 2
288 10 2
289 10 2
290 10 2
291 10 2
292 10 2
293 10 2
294 10 2
295 10 2
296 10 2
297 10 2
298 10 2
299 10 2
300 10 2
301 10 2
302 10 2
303 10 2
304 10 2
305 10 2
306 10 2
307 10 2
308 10 2
309 10 2
310 10 2
311 10 2
312 10 2
313 10 2
314 10 2
315 10 2
316 10 2
317 10 2
318 10 2
319 10 2
320 10 2
321 10 2
322 10 2
323 10 2
324 10 2
325 10 2
326 10 2
327 10 2
328 10 2
329 10 2
330 10 2
331 10 2
332 10 2
333 10 2
334 10 2
335 10 2
336 10 2
337 10 2
338 10 2
339 10 2
340 10 2
341 10 2
342 10 2
343 10 2
344 10 2
345 10 2
346 10 2
347 10 2
348 10 2
349 10 2
350 10 2
351 10 2
352 10 2
353 10 2
354 10 2
355 10 2
356 10 2
357 10 2
358 10 2
359 10 2
360 10 2
361 10 2
362 10 2
363 10 2
364 10 2
365 10 2
366 10 2
367 10 2
368 10 2
369 10 2
370 10 2
371 10 2
372 10 2
373 10 2
374 10 2
375 10 2
376 10 2
377 10 2
378 10 2
379 10 2
380 10 2
381 10 2
382 10 2
383 10 2
384 10 2
385 10 2
386 10 2
387 10 2
388 10 2
389 10 2
390 10 2
391 10 2
392 10 2
393 10 2
394 10 2
395 10 2
396 10 2
397 10 2
398 10 2
399 10 2
400 10 2
401 10 2
402 10 2
403 10 2
404 10 2
405 10 2
406 10 2
407 10 2
408 10 2
409 10 2
410 10 2
411 10 2
412 10 2
413 10 2
414 10 2
415 10 2
416 10 2
417 10 2
418 10 2
419 10 2
420 10 2
421 10 2
422 10 2
423 10 2
424 10 2
425 10 2
426 10 2
427 10 2
428 10 2
429 10 2
430 10 2
431 10 2
432 10 2
433 10 2
434 10 2
435 10 2
436 10 2
437 10 2
438 10 2
439 10 2
440 10 2
441 10 2
442 10 2
443 10 2
444 10 2
445 10 2
446 10 2
447 10 2
448 10 2
449 10 2
450 10 2
451 10 2
452 10 2
453 10 2
454 10 2
455 10 2
456 10 2
457 10 2
458 10 2
459 10 2
460 10 2
461 10 2
462 10 2
463 10 2
464 10 2
465 10 2
466 10 2
467 10 2
468 10 2
469 10 2
470 10 2
471 10 2
472 10 2
473 10 2
474 10 2
475 10 2
476 10 2
477 10 2
478 10 2
479 10 2
480 10 2
481 10 2
482 10 2
483 10 2
484 10 2
485 10 2
486 10 2
487 10 2
488 10 2
489 10 2
490 10 2
491 10 2
492 10 2
493 10 2
494 10 2
495 10 2
496 10 2
497 10 2
498 10 2
499 10 2
500 10 2
1 10 16
2 10 16
3 10 16
4 10 16
5 10 16
6 10 16
7 10 16
8 10 16
9 10 16
10 10 16
11 10 16
12 10 16
13 10 16
14 10 16
15 10 16
16 10 16
17 10 16
18 10 16
19 10 16
20 10 16
21 10 16
22 10 16
23 10 16
24 10 16
25 10 16
26 10 16
27 10 16
28 10 16
29 10 16
30 10 16
31 10 16
32 10 16
33 10 16
34 10 16
35 10 16
36 10 16
37 10 16
38 10 16
39 10 16
40 10 16
41 10 16
42 10 16
43 10 16
44 10 16
45 10 16
46 10 16
47 10 16
48 10 16
49 10 16
50 10 16
51 10 16
52 10 16
53 10 16
54 10 16
55 10 16
56 10 16
57 10 16
58 10 16
59 10 16
60 10 16
61 10 16
62 10 16
63 10 16
64 10 16
65 10 16
66 10 16
67 10 16
68 10 16
69 10 16
70 10 16
71 10 16
72 10 16
73 10 16
74 10 16
75 10 16
76 10 16
77 10 16
78 10 16
79 10 16
80 10 16
81 10 16
82 10 16
83 10 16
84 10 16
85 10 16
86 10 16
87 10 16
88 10 16
89 10 16
90 10 16
91 10 16
92 10 16
93 10 16
94 10 16
95 10 16
96 10 16
97 10 16
98 10 16
99 10 16
100 10 16
101 10 16
102 10 16
103 10 16
104 10 16
105 10 16
106 10 16
107 10 16
108 10 16
109 10 16
110 10 16
111 10 16
112 10 16
113 10 16
114 10 16
115 10 16
116 10 16
117 10 16
118 10 16
119 10 16
120 10 16
121 10 16
122 10 16
123 10 16
124 10 16
125 10 16
126 10 16
127 10 16
128 10 16
129 10 16
130 10 16
131 10 16
132 10 16
133 10 16
134 10 16
135 10 16
136 10 16
137 10 16
138 10 16
139 10 16
140 10 16
141 10 16
142 10 16
143 10 16
144 10 16
145 10 16
146 10 16
147 10 16
148 10 16
149 10 16
150 10 16
151 10 16
152 10 16
153 10 16
154 10 16
155 10 16
156 10 16
157 10 16
158 10 16
159 10 16
160 10 16
161 10 16
162 10 16
163 10 16
164 10 16
165 10 16
166 10 16
167 10 16
168 10 16
169 10 16
170 10 16
171 10 16
172 10 16
173 10 16
174 10 16
175 10 16
176 10 16
177 10 16
178 10 16
179 10 16
180 10 16
181 10 16
182 10 16
183 10 16
184 10 16
185 10 16
186 10 16
187 10 16
188 10 16
189 10 16
190 10 16
191 10 16
192 10 16
193 10 16
194 10 16
195 10 16
196 10 16
197 10 16
198 10 16
199 10 16
200 10 16
201 10 16
202 10 16
203 10 16
204 10 16
205 10 16
206 10 16
207 10 16
208 10 16
209 10 16
210 10 16
211 10 16
212 10 16
213 10 16
214 10 16
215 10 16
216 10 16
217 10 16
218 10 16
219 10 16
220 10 16
221 10 16
222 10 16
223 10 16
224 10 16
225 10 16
226 10 16
227 10 16
228 10 16
229 10 16
230 10 16
231 10 16
232 10 16
233 10 16
234 10 16
235 10 16
236 10 16
237 10 16
238 10 16
239 10 16
240 10 16
241 10 16
242 10 16
243 10 16
244 10 16
245 10 16
246 10 16
247 10 16
248 10 16
249 10 16
250 10 16
251 10 16
252 10 16
253 10 16
254 10 16
255 10 16
256 10 16
257 10 16
258 10 16
259 10 16
260 10 16
261 10 16
262 10 16
263 10 16
264 10 16
265 10 16
266 10 16
267 10 16
268 10 16
269 10 16
270 10 16
271 10 16
272 10 16
273 10 16
274 10 16
275 10 16
276 10 16
277 10 16
278 10 16
279 10 16
280 10 16
281 10 16
282 10 16
283 10 16
284 10 16
285 10 16
286 10 16
287 10 16
288 10 16
289 10 16
290 10 16
291 10 16
292 10 16
293 10 16
294 10 16
295 10 16
296 10 16
297 10 16
298 10 16
299 10 16
300 10 16
301 10 16
302 10 16
303 10 16
304 10 16
305 10 16
306 10 16
307 10 16
308 10 16
309 10 16
310 10 16
311 10 16
312 10 16
313 10 16
314 10 16
315 10 16
316 10 16
317 10 16
318 10 16
319 10 16
320 10 16
321 10 16
322 10 16
323 10 16
324 10 16
325 10 16
326 10 16
327 10 16
328 10 16
329 10 16
330 10 16
331 10 16
332 10 16
333 10 16
334 10 16
335 10 16
336 10 16
337 10 16
338 10 16
339 10 16
340 10 16
341 10 16
342 10 16
343 10 16
344 10 16
345 10 16
346 10 16
347 10 16
348 10 16
349 10 16
350 10 16
351 10 16
352 10 16
353 10 16
354 10 16
355 10 16
356 10 16
357 10 16
358 10 16
359 10 16
360 10 16
361 10 16
362 10 16
363 10 16
364 10 16
365 10 16
366 10 16
367 10 16
368 10 16
369 10 16
370 10 16
371 10 16
372 10 16
373 10 16
374 10 16
375 10 16
376 10 16
377 10 16
378 10 16
379 10 16
380 10 16
381 10 16
382 10 16
383 10 16
384 10 16
385 10 16
386 10 16
387 10 16
388 10 16
389 10 16
390 10 16
391 10 16
392 10 16
393 10 16
394 10 16
395 10 16
396 10 16
397 10 16
398 10 16
399 10 16
400 10 16
401 10 16
402 10 16
403 10 16
404 10 16
405 10 16
406 10 16
407 10 16
408 10 16
409 10 16
410 10 16
411 10 16
412 10 16
413 10 16
414 10 16
415 10 16
416 10 16
417 10 16
418 10 16
419 10 16
420 10 16
421 10 16
422 10 16
423 10 16
424 10 16
425 10 16
426 10 16
427 10 16
428 10 16
429 10 16
430 10 16
431 10 16
432 10 16
433 10 16
434 10 16
435 10 16
436 10 16
437 10 16
438 10 16
439 10 16
440 10 16
441 10 16
442 10 16
443 10 16
444 10 16
445 10 16
446 10 16
447 10 16
448 10 16
449 10 16
450 10 16
451 10 16
452 10 16
453 10 16
454 10 16
455 10 16
456 10 16
457 10 16
458 10 16
459 10 16
460 10 16
461 10 16
462 10 16
463 10 16
464 10 16
465 10 16
466 10 16
467 10 16
468 10 16
469 10 16
470 10 16
471 10 16
472 10 16
473 10 16
474 10 16
475 10 16
476 10 16
477 10 16
478 10 16
479 10 16
480 10 16
481 10 16
482 10 16
483 10 16
484 10 16
485 10 16
486 10 16
487 10 16
488 10 16
489 10 16
490 10 16
491 10 16
492 10 16
493 10 16
494 10 16
495 10 16
496 10 16
497 10 16
498 10 16
499 10 16
500 10 16
1 2 10
10 2 10
11 2 10
100 2 10
101 2 10
110 2 10
111 2 10
1000 2 10
1001 2 10
1010 2 10
1011 2 10
1100 2 10
1101 2 10
1110 2 10
1111 2 10
10000 2 10
10001 2 10
10010 2 10
10011 2 10
10100 2 10
10101 2 10
10110 2 10
10111 2 10
11000 2 10
11001 2 10
11010 2 10
11011 2 10
11100 2 10
11101 2 10
11110 2 10
11111 2 10
100000 2 10
100001 2 10
100010 2 10
100011 2 10
100100 2 10
100101 2 10
100110 2 10
100111 2 10
101000 2 10
101001 2 10
101010 2 10
101011 2 10
101100 2 10
101101 2 10
101110 2 10
101111 2 10
110000 2 10
110001 2 10
110010 2 10
110011 2 10
110100 2 10
110101 2 10
110110 2 10
110111 2 10
111000 2 10
111001 2 10
111010 2 10
111011 2 10
111100 2 10
111101 2 10
111110 2 10
111111 2 10
1000000 2 10
1000001 2 10
1000010 2 10
1000011 2 10
1000100 2 10
1000101 2 10
1000110 2 10
1000111 2 10
1001000 2 10
1001001 2 10
1001010 2 10
1001011 2 10
1001100 2 10
1001101 2 10
1001110 2 10
1001111 2 10
1010000 2 10
1010001 2 10
1010010 2 10
1010011 2 10
1010100 2 10
1010101 2 10
1010110 2 10
1010111 2 10
1011000 2 10
1011001 2 10
1011010 2 10
1011011 2 10
1011100 2 10
1011101 2 10
1011110 2 10
1011111 2 10
1100000 2 10
1100001 2 10
1100010 2 10
1100011 2 10
1100100 2 10
1100101 2 10
1100110 2 10
1100111 2 10
1101000 2 10
1101001 2 10
1101010 2 10
1101011 2 10
1101100 2 10
1101101 2 10
1101110 2 10
1101111 2 10
1110000 2 10
1110001 2 10
1110010 2 10
1110011 2 10
1110100 2 10
1110101 2 10
1110110 2 10
1110111 2 10
1111000 2 10
1111001 2 10
1111010 2 10
1111011 2 10
1111100 2 10
1111101 2 10
1111110 2 10
1111111 2 10
10000000 2 10
10000001 2 10
10000010 2 10
10000011 2 10
10000100 2 10
10000101 2 10
10000110 2 10
10000111 2 10
10001000 2 10
10001001 2 10
10001010 2 10
10001011 2 10
10001100 2 10
10001101 2 10
10001110 2 10
10001111 2 10
10010000 2 10
10010001 2 10
10010010 2 10
10010011 2 10
10010100 2 10
10010101 2 10
10010110 2 10
10010111 2 10
10011000 2 10
10011001 2 10
10011010 2 10
10011011 2 10
10011100 2 10
10011101 2 10
10011110 2 10
10011111 2 10
10100000 2 10
10100001 2 10
10100010 2 10
10100011 2 10
10100100 2 10
10100101 2 10
10100110 2 10
10100111 2 10
10101000 2 10
10101001 2 10
10101010 2 10
10101011 2 10
10101100 2 10
10101101 2 10
10101110 2 10
10101111 2 10
10110000 2 10
10110001 2 10
10110010 2 10
10110011 2 10
10110100 2 10
10110101 2 10
10110110 2 10
10110111 2 10
10111000 2 10
10111001 2 10
10111010 2 10
10111011 2 10
10111100 2 10
10111101 2 10
10111110 2 10
10111111 2 10
11000000 2 10
11000001 2 10
11000010 2 10
11000011 2 10
11000100 2 10
11000101 2 10
11000110 2 10
11000111 2 10
11001000 2 10
11001001 2 10
11001010 2 10
11001011 2 10
11001100 2 10
11001101 2 10
11001110 2 10
11001111 2 10
11010000 2 10
11010001 2 10
11010010 2 10
11010011 2 10
11010100 2 10
11010101 2 10
11010110 2 10
11010111 2 10
11011000 2 10
11011001 2 10
11011010 2 10
11011011 2 10
11011100 2 10
11011101 2 10
11011110 2 10
11011111 2 10
11100000 2 10
11100001 2 10
11100010 2 10
11100011 2 10
11100100 2 10
11100101 2 10
11100110 2 10
11100111 2 10
11101000 2 10
11101001 2 10
11101010 2 10
11101011 2 10
11101100 2 10
11101101 2 10
11101110 2 10
11101111 2 10
11110000 2 10
11110001 2 10
11110010 2 10
11110011 2 10
11110100 2 10
11110101 2 10
11110110 2 10
11110111 2 10
11111000 2 10
11111001 2 10
11111010 2 10
11111011 2 10
11111100 2 10
11111101 2 10
11111110 2 10
11111111 2 10
100000000 2 10
100000001 2 10
100000010 2 10
100000011 2 10
100000100 2 10
100000101 2 10
100000110 2 10
100000111 2 10
100001000 2 10
100001001 2 10
100001010 2 10
100001011 2 10
100001100 2 10
100001101 2 10
100001110 2 10
100001111 2 10
100010000 2 10
100010001 2 10
100010010 2 10
100010011 2 10
100010100 2 10
100010101 2 10
100010110 2 10
100010111 2 10
100011000 2 10
100011001 2 10
100011010 2 10
100011011 2 10
100011100 2 10
100011101 2 10
100011110 2 10
100011111 2 10
100100000 2 10
100100001 2 10
100100010 2 10
100100011 2 10
100100100 2 10
100100101 2 10
100100110 2 10
100100111 2 10
100101000 2 10
100101001 2 10
100101010 2 10
100101011 2 10
100101100 2 10
100101101 2 10
100101110 2 10
100101111 2 10
100110000 2 10
100110001 2 10
100110010 2 10
100110011 2 10
100110100 2 10
100110101 2 10
100110110 2 10
100110111 2 10
100111000 2 10
100111001 2 10
100111010 2 10
100111011 2 10
100111100 2 10
100111101 2 10
100111110 2 10
100111111 2 10
101000000 2 10
101000001 2 10
101000010 2 10
101000011 2 10
101000100 2 10
101000101 2 10
101000110 2 10
101000111 2 10
101001000 2 10
101001001 2 10
101001010 2 10
101001011 2 10
101001100 2 10
101001101 2 10
101001110 2 10
101001111 2 10
101010000 2 10
101010001 2 10
101010010 2 10
101010011 2 10
101010100 2 10
101010101 2 10
101010110 2 10
101010111 2 10
101011000 2 10
101011001 2 10
101011010 2 10
101011011 2 10
101011100 2 10
101011101 2 10
101011110 2 10
101011111 2 10
101100000 2 10
101100001 2 10
101100010 2 10
101100011 2 10
101100100 2 10
101100101 2 10
101100110 2 10
101100111 2 10
101101000 2 10
101101001 2 10
101101010 2 10
101101011 2 10
101101100 2 10
101101101 2 10
101101110 2 10
101101111 2 10
101110000 2 10
101110001 2 10
101110010 2 10
101110011 2 10
101110100 2 10
101110101 2 10
101110110 2 10
101110111 2 10
101111000 2 10
101111001 2 10
101111010 2 10
101111011 2 10
101111100 2 10
101111101 2 10
101111110 2 10
101111111 2 10
110000000 2 10
110000001 2 10
110000010 2 10
110000011 2 10
110000100 2 10
110000101 2 10
110000110 2 10
110000111 2 10
110001000 2 10
110001001 2 10
110001010 2 10
110001011 2 10
110001100 2 10
110001101 2 10
110001110 2 10
110001111 2 10
110010000 2 10
110010001 2 10
110010010 2 10
110010011 2 10
110010100 2 10
110010101 2 10
110010110 2 10
110010111 2 10
110011000 2 10
110011001 2 10
110011010 2 10
110011011 2 10
110011100 2 10
110011101 2 10
110011110 2 10
110011111 2 10
110100000 2 10
110100001 2 10
110100010 2 10
110100011 2 10
110100100 2 10
110100101 2 10
110100110 2 10
110100111 2 10
110101000 2 10
110101001 2 10
110101010 2 10
110101011 2 10
110101100 2 10
110101101 2 10
110101110 2 10
110101111 2 10
110110000 2 10
110110001 2 10
110110010 2 10
110110011 2 10
110110100 2 10
110110101 2 10
110110110 2 10
110110111 2 10
110111000 2 10
110111001 2 10
110111010 2 10
110111011 2 10
110111100 2 10
110111101 2 10
110111110 2 10
110111111 2 10
111000000 2 10
111000001 2 10
111000010 2 10
111000011 2 10
111000100 2 10
111000101 2 10
111000110 2 10
111000111 2 10
111001000 2 10
111001001 2 10
111001010 2 10
111001011 2 10
111001100 2 10
111001101 2 10
111001110 2 10
111001111 2 10
111010000 2 10
111010001 2 10
111010010 2 10
111010011 2 10
111010100 2 10
111010101 2 10
111010110 2 10
111010111 2 10
111011000 2 10
111011001 2 10
111011010 2 10
111011011 2 10
111011100 2 10
111011101 2 10
111011110 2 10
111011111 2 10
111100000 2 10
111100001 2 10
111100010 2 10
111100011 2 10
111100100 2 10
111100101 2 10
111100110 2 10
111100111 2 10
111101000 2 10
111101001 2 10
111101010 2 10
111101011 2 10
111101100 2 10
111101101 2 10
111101110 2 10
111101111 2 10
111110000 2 10
111110001 2 10
111110010 2 10
111110011 2 10
111110100 2 10
1 16 10
2 16 10
3 16 10
4 16 10
5 16 10
6 16 10
7 16 10
8 16 10
9 16 10
a 16 10
b 16 10
c 16 10
d 16 10
e 16 10
f 16 10
10 16 10
11 16 10
12 16 10
13 16 10
14 16 10
15 16 10
16 16 10
17 16 10
18 16 10
19 16 10
1a 16 10
1b 16 10
1c 16 10
1d 16 10
1e 16 10
1f 16 10
20 16 10
21 16 10
22 16 10
23 16 10
24 16 10
25 16 10
26 16 10
27 16 10
28 16 10
29 16 10
2a 16 10
2b 16 10
2c 16 10
2d 16 10
2e 16 10
2f 16 10
30 16 10
31 16 10
32 16 10
33 16 10
34 16 10
35 16 10
36 16 10
37 16 10
38 16 10
39 16 10
3a 16 10
3b 16 10
3c 16 10
3d 16 10
3e 16 10
3f 16 10
40 16 10
41 16 10
42 16 10
43 16 10
44 16 10
45 16 10
46 16 10
47 16 10
48 16 10
49 16 10
4a 16 10
4b 16 10
4c 16 10
4d 16 10
4e 16 10
4f 16 10
50 16 10
51 16 10
52 16 10
53 16 10
54 16 10
55 16 10
56 16 10
57 16 10
58 16 10
59 16 10
5a 16 10
5b 16 10
5c 16 10
5d 16 10
5e 16 10
5f 16 10
60 16 10
61 16 10
62 16 10
63 16 10
64 16 10
65 16 10
66 16 10
67 16 10
68 16 10
69 16 10
6a 16 10
6b 16 10
6c 16 10
6d 16 10
6e 16 10
6f 16 10
70 16 10
71 16 10
72 16 10
73 16 10
74 16 10
75 16 10
76 16 10
77 16 10
78 16 10
79 16 10
7a 16 10
7b 16 10
7c 16 10
7d 16 10
7e 16 10
7f 16 10
80 16 10
81 16 10
82 16 10
83 16 10
84 16 10
85 16 10
86 16 10
87 16 10
88 16 10
89 16 10
8a 16 10
8b 16 10
8c 16 10
8d 16 10
8e 16 10
8f 16 10
90 16 10
91 16 10
92 16 10
93 16 10
94 16 10
95 16 10
96 16 10
97 16 10
98 16 10
99 16 10
9a 16 10
9b 16 10
9c 16 10
9d 16 10
9e 16 10
9f 16 10
a0 16 10
a1 16 10
a2 16 10
a3 16 10
a4 16 10
a5 16 10
a6 16 10
a7 16 10
a8 16 10
a9 16 10
aa 16 10
ab 16 10
ac 16 10
ad 16 10
ae 16 10
af 16 10
b0 16 10
b1 16 10
b2 16 10
b3 16 10
b4 16 10
b5 16 10
b6 16 10
b7 16 10
b8 16 10
b9 16 10
ba 16 10
bb 16 10
bc 16 10
bd 16 10
be 16 10
bf 16 10
c0 16 10
c1 16 10
c2 16 10
c3 16 10
c4 16 10
c5 16 10
c6 16 10
c7 16 10
c8 16 10
c9 16 10
ca 16 10
cb 16 10
cc 16 10
cd 16 10
ce 16 10
cf 16 10
d0 16 10
d1 16 10
d2 16 10
d3 16 10
d4 16 10
d5 16 10
d6 16 10
d7 16 10
d8 16 10
d9 16 10
da 16 10
db 16 10
dc 16 10
dd 16 10
de 16 10
df 16 10
e0 16 10
e1 16 10
e2 16 10
e3 16 10
e4 16 10
e5 16 10
e6 16 10
e7 16 10
e8 16 10
e9 16 10
ea 16 10
eb 16 10
ec 16 10
ed 16 10
ee 16 10
ef 16 10
f0 16 10
f1 16 10
f2 16 10
f3 16 10
f4 16 10
f5 16 10
f6 16 10
f7 16 10
f8 16 10
f9 16 10
fa 16 10
fb 16 10
fc 16 10
fd 16 10
fe 16 10
ff 16 10
100 16 10
101 16 10
102 16 10
103 16 10
104 16 10
105 16 10
106 16 10
107 16 10
108 16 10
109 16 10
10a 16 10
10b 16 10
10c 16 10
10d 16 10
10e 16 10
10f 16 10
110 16 10
111 16 10
112 16 10
113 16 10
114 16 10
115 16 10
116 16 10
117 16 10
118 16 10
119 16 10
11a 16 10
11b 16 10
11c 16 10
11d 16 10
11e 16 10
11f 16 10
120 16 10
121 16 10
122 16 10
123 16 10
124 16 10
125 16 10
126 16 10
127 16 10
128 16 10
129 16 10
12a 16 10
12b 16 10
12c 16 10
12d 16 10
12e 16 10
12f 16 10
130 16 10
131 16 10
132 16 10
133 16 10
134 16 10
135 16 10
136 16 10
137 16 10
138 16 10
139 16 10
13a 16 10
13b 16 10
13c 16 10
13d 16 10
13e 16 10
13f 16 10
140 16 10
141 16 10
142 16 10
143 16 10
144 16 10
145 16 10
146 16 10
147 16 10
148 16 10
149 16 10
14a 16 10
14b 16 10
14c 16 10
14d 16 10
14e 16 10
14f 16 10
150 16 10
151 16 10
152 16 10
153 16 10
154 16 10
155 16 10
156 16 10
157 16 10
158 16 10
159 16 10
15a 16 10
15b 16 10
15c 16 10
15d 16 10
15e 16 10
15f 16 10
160 16 10
161 16 10
162 16 10
163 16 10
164 16 10
165 16 10
166 16 10
167 16 10
168 16 10
169 16 10
16a 16 10
16b 16 10
16c 16 10
16d 16 10
16e 16 10
16f 16 10
170 16 10
171 16 10
172 16 10
173 16 10
174 16 10
175 16 10
176 16 10
177 16 10
178 16 10
179 16 10
17a 16 10
17b 16 10
17c 16 10
17d 16 10
17e 16 10
17f 16 10
180 16 10
181 16 10
182 16 10
183 16 10
184 16 10
185 16 10
186 16 10
187 16 10
188 16 10
189 16 10
18a 16 10
18b 16 10
18c 16 10
18d 16 10
18e 16 10
18f 16 10
190 16 10
191 16 10
192 16 10
193 16 10
194 16 10
195 16 10
196 16 10
197 16 10
198 16 10
199 16 10
19a 16 10
19b 16 10
19c 16 10
19d 16 10
19e 16 10
19f 16 10
1a0 16 10
1a1 16 10
1a2 16 10
1a3 16 10
1a4 16 10
1a5 16 10
1a6 16 10
1a7 16 10
1a8 16 10
1a9 16 10
1aa 16 10
1ab 16 10
1ac 16 10
1ad 16 10
1ae 16 10
1af 16 10
1b0 16 10
1b1 16 10
1b2 16 10
1b3 16 10
1b4 16 10
1b5 16 10
1b6 16 10
1b7 16 10
1b8 16 10
1b9 16 10
1ba 16 10
1bb 16 10
1bc 16 10
1bd 16 10
1be 16 10
1bf 16 10
1c0 16 10
1c1 16 10
1c2 16 10
1c3 16 10
1c4 16 10
1c5 16 10
1c6 16 10
1c7 16 10
1c8 16 10
1c9 16 10
1ca 16 10
1cb 16 10
1cc 16 10
1cd 16 10
1ce 16 10
1cf 16 10
1d0 16 10
1d1 16 10
1d2 16 10
1d3 16 10
1d4 16 10
1d5 16 10
1d6 16 10
1d7 16 10
1d8 16 10
1d9 16 10
1da 16 10
1db 16 10
1dc 16 10
1dd 16 10
1de 16 10
1df 16 10
1e0 16 10
1e1 16 10
1e2 16 10
1e3 16 10
1e4 16 10
1e5 16 10
1e6 16 10
1e7 16 10
1e8 16 10
1e9 16 10
1ea 16 10
1eb 16 10
1ec 16 10
1ed 16 10
1ee 16 10
1ef 16 10
1f0 16 10
1f1 16 10
1f2 16 10
1f3 16 10
1f4 16 10
