290288
843433
173962
705886
55185
243623
547672
177187
338565
746475
377348
918672
721582
926391
727643
747599
738688
841534
349741
666172
35995
84128
863925
207511
732148
587993
31407
996194
435960
300488
309957
679658
664959
322980
6677
250337
967568
542107
918932
112734
957087
200070
48074
407488
564400
692378
328428
929888
824196
691658
34605
201167
84907
548373
333975
471069
123105
917483
211012
16526
634583
661602
649368
657537
792668
858327
302734
655108
776358
444765
880648
140980
280472
139361
877492
766310
870547
240993
281600
38158
339525
490150
714694
295845
335911
926813
618271
94660
636615
591154
84563
936225
634402
608359
415330
349954
955622
681770
345798
72880
610032
982081
687046
686043
220078
654078
361824
35879
500034
61528
716298
468203
64936
340396
527227
228071
291228
753777
814942
638131
616787
175427
145112
215013
412463
956829
654567
722512
575894
50944
355009
910449
277295
469078
82441
595230
945762
800610
847808
339961
436123
532331
25002
492240
298713
602552
394875
317062
549878
577642
447096
242535
958439
333945
426051
590235
645944
632114
67949
363089
941723
33218
921775
660503
399684
160323
590743
905759
373400
933888
672250
81940
8753
931830
508468
621102
949971
449419
182564
699197
904661
111289
432352
222426
52855
131859
750644
990417
660125
175906
10435
30647
459361
867195
482651
970462
996759
763163
796138
19927
280406
665573
268545
507341
488785
864536
876341
185701
128697
281116
937021
283122
162580
184280
850679
69213
326050
142670
578482
481131
690401
975322
386993
74317
304071
825614
971801
364161
530450
319641
115821
14593
430421
857207
562715
69441
437275
891883
231076
428863
910749
401018
244230
913029
433804
715883
906522
517525
846186
134623
546842
222976
917192
235837
201209
138527
90094
837826
376138
819671
825784
724887
392557
326105
269810
402124
468235
45766
952457
717293
404969
754581
169772
955412
515243
814020
186594
161796
276332
252545
741723
427077
299299
936728
528633
584306
151422
871337
446184
870557
373375
153217
986737
756577
951599
499612
359607
879431
350722
505724
120424
704558
645383
617903
923103
306757
629199
121422
143639
834369
352091
554517
249035
81370
906758
845822
57546
582017
292181
952349
788721
146030
127097
280291
708700
137432
1769
189818
837129
893947
647124
115015
446348
911563
869873
203743
595071
686731
545332
276623
827133
329806
3808
628455
432529
862224
379249
54168
213071
289750
592633
273033
401113
678623
744152
407664
824010
283073
911959
861166
944273
62924
55649
85001
943833
432771
286633
523427
672804
568417
363775
466452
505635
478828
526090
622693
794393
522167
416066
744201
366196
819224
73829
237246
380967
603204
418947
889361
426377
524156
849658
171133
761299
273497
352861
336306
974564
34020
807404
802580
317018
767025
68636
443461
191101
778553
706327
587177
783389
949104
184292
632583
35134
534665
568889
201254
149931
925278
11897
567098
960452
682883
969181
777693
851037
750257
407445
84875
476466
443331
475945
705709
428873
536411
209536
639171
523948
88832
917851
685277
174051
523997
5649
37095
236830
200364
918091
922899
608786
291157
239394
542224
775093
994777
22631
360640
719953
322555
949835
224079
816514
399357
603560
504295
328620
243614
883022
421250
646677
442036
669291
592319
202265
516432
668158
302866
330961
316054
368808
478940
990328
373949
229324
385483
861417
593760
637610
201799
530234
81823
207143
302581
964472
629662
416687
5528
416428
463026
516132
836359
480661
808317
560927
822697
715805
315968
359050
232338
151095
69701
755285
712678
262590
964150
968165
816386
782669
141643
422746
163576
565026
48569
761447
728553
113434
80431
754806
88304
309745
888898
748023
523034
553856
862711
36494
113637
532302
644930
746459
269804
441561
392271
524330
232994
595948
140076
862060
841636
631596
130033
413891
943477
951707
298529
598843
814444
317787
666924
549080
976579
181690
297980
328331
736784
636526
821197
693
720609
946806
366732
976651
79599
643857
247244
262168
945668
534446
59130
519773
401713
751542
284459
229430
649119
720303
31421
897063
253261
751972
304503
16048
336472
962889
203286
500927
630408
550527
371887
211048
873070
106281
789777
191265
892979
791363
403211
587610
154884
579416
574270
336505
708938
286382
799093
621713
478392
962643
750111
379102
884469
553437
103062
571096
730801
674026
910067
745377
798986
709208
464090
918718
799613
324834
572972
17666
587695
153934
516696
302202
579789
116218
743443
557224
780540
548725
721144
441923
768749
395458
142339
250279
47871
568596
141657
620216
989794
316550
95217
323135
383287
487322
883800
138071
28703
971285
554160
991696
637013
973307
179272
955072
536971
3399
1880
933675
911842
769546
674990
539260
485856
566186
914284
904800
328443
631752
382661
513769
646420
626816
236693
428829
836560
630346
612662
429179
450555
793948
129376
55111
686535
224267
571767
640240
645407
450508
179701
485902
639352
686234
759941
897016
746285
931047
172554
116630
334710
551433
727487
272323
127629
69233
254366
454585
672455
214298
133225
499317
890629
257778
756895
929249
442167
435283
293376
895449
390592
910442
744314
609553
426396
143703
687736
892751
782541
359248
690279
801518
435212
610752
150501
457561
33928
222482
831294
235034
823178
361116
559747
20163
832496
492136
997681
820047
663104
172843
323310
579525
824443
789242
75954
116985
847101
991749
621066
899373
845376
332333
592343
794314
997002
929578
800164
465514
74010
269594
397516
952771
544522
22418
298348
799610
115889
462924
646990
794630
984881
540803
423186
425782
688624
410470
820680
21257
33585
130920
565941
528489
4559
60599
377718
940570
862281
228317
4874
645574
887108
202165
866703
554618
185366
520856
998958
363399
103229
967529
350226
542416
838018
388023
437986
219073
707618
876241
11872
926528
134162
422523
189511
843158
127470
445278
12057
218648
793756
411082
995696
70266
82986
93785
785911
733582
459199
181797
415479
16929
672614
762848
252670
47212
351481
202466
780434
743746
237352
990024
357033
618932
42851
993390
358431
627070
635820
570896
567491
616208
552887
792133
522011
949888
725513
572636
269760
471564
774052
356633
65419
154926
387307
240279
797752
266880
140767
732702
544543
579157
919040
699364
684032
198465
99482
806088
175040
181501
524088
960326
89932
952561
79744
614475
498449
361561
518944
406367
661188
694628
468952
38716
670899
693193
910852
285995
582239
145545
893274
906205
178264
124488
943466
263008
485961
894543
538242
825467
526153
398449
975068
109516
652105
528771
915793
842549
547218
900776
444429
148463
375258
329487
828566
370381
820137
502922
57808
198424
801971
771122
875565
45254
222047
902502
777418
919939
247319
178309
753094
361551
516351
203551
165091
731744
355299
461039
496768
36131
302519
97791
997718
888020
937395
927340
983016
683385
174854
907705
673579
747785
183795
918715
937419
798917
994812
462269
696353
245056
252660
274543
577361
465563
968055
974295
968726
551829
800597
399067
639708
20078
682391
318540
98858
861374
13543
600701
555887
109074
705202
592647
781693
160459
413463
52926
931872
308150
708464
652631
671188
18195
459606
568789
318170
377717
304683
895518
67784
810325
728754
923210
356557
594008
925606
589293
125135
273804
845473
967508
233389
854862
883395
619492
140413
636742
270090
753946
298382
491428
128173
931088
991351
564005
877440
840020
585050
609362
856213
408958
578847
321424
327725
42069
742263
428895
991392
917984
114167
276535
649196
41946
918456
881911
908775
796251
617604
