1
12
6.6
0.159
1
12
6.6
0.159
1
2
3
4
5
6
7
8
9
10
11
12
13
14
15
16
17
18
19
20
21
22
23
24
25
26
27
28
29
30
31
32
33
34
35
36
37
38
39
40
41
42
43
44
45
46
47
48
49
50
51
52
53
54
55
56
57
58
59
60
61
62
63
64
65
66
67
68
69
70
71
72
73
74
75
76
77
78
79
80
81
82
83
84
85
86
87
88
90
91
92
93
94
95
96
97
98
99
100
101
102
103
105
107
108
109
110
111
112
113
114
115
116
117
118
119
120
121
123
124
125
127
129
131
132
133
134
135
136
137
138
139
141
142
143
144
146
148
149
151
152
153
154
156
157
158
159
160
162
163
165
166
167
168
169
170
171
172
173
174
178
179
180
181
182
183
184
185
186
187
188
189
190
192
194
195
196
197
198
199
201
202
203
204
208
209
213
214
215
218
220
221
222
224
228
230
231
232
233
234
235
236
237
239
241
242
244
246
249
251
252
253
255
256
257
258
260
264
265
266
267
268
272
275
280
281
284
285
290
293
296
297
300
301
305
307
309
313
314
315
316
317
320
323
325
330
331
332
339
346
347
348
353
357
360
361
366
367
370
372
374
375
384
387
389
392
393
397
398
399
402
404
412
420
437
439
459
466
468
471
473
476
486
488
496
507
510
524
530
532
536
545
553
562
564
566
568
574
591
615
628
630
632
633
639
646
653
659
678
692
694
696
706
719
749
768
781
786
808
815
821
825
869
913
981
989
0.1
0.2
0.3
0.4
0.5
0.6
0.7
0.8
0.9
1.0
1.1
1.2
1.3
1.4
1.5
1.6
1.7
1.8
1.9
2.0
2.1
2.2
2.3
2.4
2.5
2.6
2.7
2.8
2.9
3.0
3.1
3.2
3.3
3.4
3.5
3.6
3.7
3.8
3.9
4.0
4.1
4.2
4.3
4.4
4.5
4.6
4.7
4.8
4.9
5.0
5.1
5.2
5.3
5.4
5.5
5.6
5.7
5.8
5.9
6.0
6.1
6.2
6.3
6.4
6.5
6.6
6.7
6.8
6.9
7.0
7.1
7.2
7.3
7.4
7.5
7.6
7.7
7.8
7.9
8.0
8.1
8.2
8.3
8.4
8.5
8.6
8.7
8.8
8.9
9.0
9.1
9.2
9.3
9.4
9.5
9.6
9.7
9.8
9.9
10.0
10.1
10.2
10.3
10.4
10.5
10.6
10.7
10.8
10.9
11.0
11.1
11.2
11.3
11.4
11.5
11.6
11.7
11.8
11.9
12.0
12.1
12.2
12.3
12.4
12.5
12.6
12.7
12.8
12.9
13.0
13.1
13.2
13.3
13.4
13.5
13.6
13.7
13.8
13.9
14.0
14.1
14.2
14.3
14.4
14.5
14.6
14.7
14.8
14.9
15.0
15.1
15.2
15.3
15.4
15.5
15.6
15.7
15.8
15.9
16.0
16.1
16.2
16.3
16.4
16.5
16.6
16.7
16.8
16.9
17.0
17.1
17.2
17.3
17.4
17.5
17.6
17.7
17.8
17.9
18.0
18.1
18.2
18.3
18.4
18.5
18.6
18.7
18.8
18.9
19.0
19.1
19.2
19.3
19.4
19.5
19.6
19.7
19.8
19.9
20.0
20.1
20.2
20.3
20.4
20.5
20.6
20.7
20.8
20.9
21.0
21.1
21.2
21.3
21.4
21.5
21.6
21.7
21.8
21.9
22.0
22.1
22.2
22.3
22.4
22.5
22.6
22.7
22.8
22.9
23.0
23.1
23.2
23.3
23.4
23.5
23.6
23.7
23.8
23.9
24.0
24.1
24.2
24.3
24.4
24.5
24.6
24.7
24.8
24.9
25.0
25.1
25.2
25.3
25.4
25.5
25.6
25.7
25.8
25.9
26.0
26.1
26.2
26.3
26.4
26.5
26.6
26.7
26.8
26.9
27.0
27.1
27.2
27.3
27.4
27.5
27.6
27.7
27.8
27.9
28.0
28.1
28.2
28.3
28.4
28.5
28.6
28.7
28.8
28.9
29.0
29.1
29.2
29.3
29.4
29.5
29.6
29.7
29.8
29.9
30.0
30.1
30.2
30.3
30.4
30.5
30.6
30.7
30.8
30.9
31.0
31.1
31.2
31.3
31.4
31.5
31.6
31.7
31.8
31.9
32.0
32.1
32.2
32.3
32.4
32.5
32.6
32.7
32.8
32.9
33.0
33.1
33.2
33.3
33.4
33.5
33.6
33.7
33.8
33.9
34.0
34.2
34.3
34.4
34.5
34.6
34.7
34.8
34.9
35.0
35.1
35.2
35.3
35.4
35.5
35.6
35.7
35.8
35.9
36.0
36.1
36.2
36.3
36.4
36.5
36.6
36.7
36.8
36.9
37.0
37.1
37.2
37.3
37.4
37.5
37.6
37.7
37.8
37.9
38.0
38.1
38.2
38.3
38.4
38.5
38.6
38.7
38.8
38.9
39.0
39.1
39.2
39.3
39.4
39.5
39.6
39.7
39.8
39.9
40.0
40.1
40.2
40.3
40.4
40.5
40.6
40.7
40.8
40.9
41.0
41.1
41.2
41.3
41.4
41.5
41.6
41.7
41.8
41.9
42.0
42.1
42.2
42.3
42.4
42.5
42.6
42.7
42.9
43.0
43.1
43.2
43.3
43.4
43.5
43.6
43.7
43.8
43.9
44.0
44.1
44.2
44.3
44.4
44.5
44.6
44.8
44.9
45.0
45.1
45.2
45.3
45.4
45.5
45.6
45.8
45.9
46.0
46.1
46.2
46.3
46.4
46.5
46.6
46.7
46.8
46.9
47.0
47.1
47.2
47.3
47.5
47.6
47.7
47.8
47.9
48.0
48.1
48.2
48.3
48.4
48.5
48.6
48.7
48.8
48.9
49.0
49.1
49.3
49.4
49.5
49.6
49.7
49.8
49.9
50.0
50.1
50.2
50.3
50.4
50.5
50.6
50.7
50.8
50.9
51.0
51.1
51.2
51.3
51.4
51.5
51.6
51.7
51.8
51.9
52.0
52.1
52.2
52.3
52.4
52.5
52.6
52.7
52.8
52.9
53.0
53.1
53.2
53.3
53.4
53.5
53.6
53.7
53.8
53.9
54.0
54.1
54.2
54.3
54.4
54.5
54.6
54.7
54.8
54.9
55.0
55.1
55.2
55.3
55.4
55.5
55.6
55.7
55.8
55.9
56.0
56.1
56.2
56.4
56.5
56.6
56.8
56.9
57.0
57.1
57.2
57.3
57.4
57.5
57.6
57.7
57.8
57.9
58.0
58.1
58.2
58.3
58.4
58.5
58.6
58.8
59.0
59.1
59.2
59.3
59.4
59.5
59.6
59.7
59.8
59.9
60.0
60.1
60.2
60.3
60.4
60.5
60.6
60.7
60.8
60.9
61.0
61.2
61.3
61.4
61.5
61.6
61.7
61.8
61.9
62.0
62.1
62.2
62.3
62.4
62.5
62.6
62.7
62.8
62.9
63.0
63.1
63.2
63.3
63.4
63.5
63.6
63.7
63.8
63.9
64.0
64.1
64.2
64.3
64.4
64.5
64.6
64.7
64.8
64.9
65.0
65.1
65.5
65.6
65.7
65.8
65.9
66.0
66.1
66.2
66.3
66.4
66.5
66.6
66.7
66.8
66.9
67.0
67.1
67.2
67.4
67.5
67.6
67.7
67.8
67.9
68.0
68.1
68.2
68.4
68.5
68.6
68.7
68.8
68.9
69.0
69.1
69.3
69.4
69.5
69.6
69.7
69.8
69.9
70.0
70.1
70.2
70.4
70.5
70.6
70.7
70.8
70.9
71.0
71.1
71.3
71.4
71.5
71.6
71.7
71.9
72.0
72.1
72.2
72.3
72.5
72.6
72.7
72.8
72.9
73.0
73.1
73.2
73.3
73.4
73.5
73.6
73.7
73.8
73.9
74.0
74.1
74.2
74.3
74.4
74.5
74.7
74.8
74.9
75.0
75.1
75.2
75.4
75.5
75.6
75.8
75.9
76.0
76.1
76.2
76.3
76.4
76.6
76.7
76.8
76.9
77.0
77.1
77.2
77.3
77.4
77.5
77.6
77.8
77.9
78.0
78.1
78.2
78.3
78.4
78.5
78.6
78.7
78.8
78.9
79.0
79.1
79.2
79.4
79.5
79.6
79.7
79.8
79.9
80.0
80.1
80.2
80.3
80.4
80.5
80.6
80.7
80.8
80.9
81.0
81.1
81.2
81.4
81.5
81.6
81.8
81.9
82.0
82.1
82.2
82.3
82.4
82.5
82.6
82.7
82.8
82.9
83.0
83.1
83.2
83.3
83.4
83.5
83.7
83.8
83.9
84.0
84.1
84.2
84.3
84.4
84.5
84.6
84.7
84.8
84.9
85.0
85.2
85.3
85.4
85.5
85.6
85.9
86.0
86.1
86.3
86.5
86.6
86.9
87.0
87.1
87.2
87.3
87.4
87.5
87.6
87.7
87.8
87.9
88.0
88.1
88.2
88.3
88.5
88.6
88.7
88.8
88.9
89.1
89.2
89.3
89.4
89.5
89.6
89.7
89.8
89.9
90.0
90.1
90.2
90.3
90.4
90.5
90.6
90.7
90.8
90.9
91.0
91.1
91.2
91.3
91.4
91.5
91.6
91.8
91.9
92.0
92.1
92.3
92.4
92.5
92.6
92.9
93.0
93.1
93.2
93.3
93.4
93.5
93.6
93.7
93.9
94.0
94.1
94.2
94.3
94.4
94.5
94.8
95.0
95.2
95.3
95.4
95.5
95.7
95.8
95.9
96.0
96.1
96.2
96.3
96.5
96.6
96.7
96.8
96.9
97.0
97.1
97.2
97.3
97.4
97.5
97.6
97.7
97.8
97.9
98.0
98.1
98.2
98.4
98.5
98.6
98.7
98.8
98.9
99.0
99.1
99.2
99.3
99.4
99.5
99.6
99.7
99.8
99.9
100.0
1.000
0.500
2.000
0.333
3.000
0.250
0.667
1.500
4.000
0.200
5.000
0.167
0.400
0.750
1.333
2.500
6.000
0.143
0.600
1.667
7.000
0.125
0.286
0.800
1.250
3.500
8.000
0.111
0.429
2.333
9.000
0.100
0.222
0.375
0.571
0.833
1.200
1.750
2.667
4.500
10.000
0.091
0.714
1.400
11.000
0.083
0.182
0.300
0.444
0.625
0.857
1.167
1.600
2.250
3.333
5.500
12.000
0.077
0.273
0.556
1.800
3.667
13.000
0.071
0.154
0.364
0.875
1.143
2.750
6.500
14.000
0.067
0.231
0.455
0.778
1.286
2.200
4.333
15.000
0.062
0.133
0.214
0.308
0.417
0.545
0.700
0.889
1.125
1.429
1.833
2.400
3.250
4.667
7.500
16.000
0.059
0.385
0.636
1.571
2.600
17.000
0.056
0.118
0.188
0.267
0.357
0.462
0.583
0.727
0.900
1.111
1.375
1.714
2.167
2.800
3.750
5.333
8.500
18.000
0.053
0.176
0.538
0.818
1.222
1.857
5.667
19.000
0.050
0.105
0.235
0.312
0.615
0.909
1.100
1.625
3.200
4.250
9.500
20.000
0.048
0.158
0.294
0.467
0.692
1.444
2.143
3.400
6.333
21.000
0.045
0.095
0.150
0.211
0.278
0.353
0.438
0.533
0.643
0.769
0.917
1.091
1.300
1.556
1.875
2.286
2.833
3.600
4.750
6.667
10.500
22.000
0.043
0.263
0.412
0.846
1.182
2.429
3.800
23.000
0.042
0.087
0.136
0.190
0.316
0.389
0.471
0.562
0.786
0.923
1.083
1.273
1.778
2.125
2.571
3.167
5.250
7.333
11.500
24.000
0.040
0.130
0.238
0.368
0.529
0.733
1.364
1.889
2.714
4.200
7.667
25.000
0.038
0.080
0.174
0.227
0.350
0.421
0.588
0.688
0.929
1.077
1.455
1.700
2.375
2.857
4.400
5.750
12.500
26.000
0.037
0.120
0.217
0.474
0.647
0.867
1.154
1.545
2.111
4.600
8.333
27.000
0.036
0.074
0.115
0.160
0.208
0.261
0.318
0.381
0.450
0.526
0.611
0.706
0.812
0.933
1.071
1.231
1.417
1.636
1.900
2.222
2.625
3.143
3.833
4.800
6.250
8.667
13.500
28.000
0.034
0.304
0.579
0.765
1.308
1.727
3.286
29.000
0.033
0.069
0.107
0.148
0.192
0.240
0.292
0.348
0.409
0.476
0.550
0.632
0.722
0.824
0.938
1.067
1.214
1.385
1.583
1.818
2.100
2.444
2.875
3.429
4.167
5.200
6.750
9.333
14.500
30.000
0.032
0.103
0.185
0.280
0.391
0.524
0.684
0.882
1.133
1.462
1.909
2.556
3.571
5.400
9.667
31.000
0.031
0.065
0.138
0.179
0.269
0.320
0.435
0.650
0.737
0.941
1.062
1.357
1.538
2.300
3.125
3.714
5.600
7.250
15.500
32.000
0.030
0.097
0.172
0.259
0.360
0.478
0.619
0.789
1.267
1.615
2.091
2.778
3.857
5.800
10.333
33.000
0.029
0.061
0.094
0.129
0.207
0.296
0.346
0.458
0.522
0.591
0.842
0.944
1.059
1.188
1.692
1.917
2.182
2.889
3.375
4.833
7.750
10.667
16.500
34.000
0.029
0.161
0.241
0.440
0.565
0.895
1.118
1.769
2.273
4.143
6.200
35.000
0.028
0.057
0.088
0.121
0.156
0.194
0.233
0.276
0.321
0.370
0.423
0.480
0.542
0.609
0.682
0.762
0.850
0.947
1.056
1.176
1.312
1.467
1.643
1.846
2.083
2.364
2.700
3.111
3.625
4.286
5.167
6.400
8.250
11.333
17.500
36.000
0.027
0.086
0.152
0.226
0.310
0.407
0.520
0.652
0.810
1.235
1.533
1.923
2.455
3.222
4.429
6.600
11.667
37.000
0.026
0.054
0.114
0.147
0.219
0.258
0.345
0.393
0.560
0.696
0.773
0.950
1.053
1.294
1.438
1.786
2.545
2.900
3.875
4.571
6.800
8.750
18.500
38.000
0.026
0.081
0.212
0.290
0.379
0.481
0.739
0.905
1.105
1.353
2.077
2.636
3.444
4.714
12.333
39.000
0.025
0.051
0.079
0.108
0.139
0.171
0.206
0.242
0.281
0.323
0.367
0.414
0.464
0.519
0.577
0.640
0.708
0.783
0.864
0.952
1.050
1.158
1.278
1.412
1.562
1.733
1.929
2.154
2.417
2.727
3.100
3.556
4.125
4.857
5.833
7.200
9.250
12.667
19.500
40.000
0.024
0.135
0.355
0.448
0.680
0.826
1.211
1.471
2.231
2.818
7.400
41.000
0.024
0.049
0.075
0.103
0.132
0.162
0.194
0.229
0.265
0.303
0.344
0.387
0.433
0.483
0.536
0.593
0.654
0.720
0.792
0.870
0.955
1.048
1.150
1.263
1.389
1.529
1.688
1.867
2.071
2.308
2.583
2.909
3.300
3.778
4.375
5.143
6.167
7.600
9.750
13.333
20.500
42.000
0.023
0.073
0.128
0.189
0.257
0.419
0.517
0.630
0.760
0.913
1.095
1.316
1.588
1.933
2.385
3.889
5.286
7.800
13.667
43.000
0.023
0.047
0.098
0.184
0.216
0.324
0.406
0.452
0.552
0.607
0.731
0.957
1.045
1.368
1.647
1.812
2.214
2.462
3.091
4.625
5.429
10.250
21.500
44.000
0.022
0.070
0.122
0.179
0.243
0.314
0.394
0.484
0.586
0.704
0.840
1.190
1.421
1.706
2.067
2.538
3.182
4.111
5.571
8.200
14.333
45.000
0.022
0.044
0.068
0.093
0.119
0.146
0.175
0.205
0.237
0.270
0.306
0.343
0.382
0.424
0.469
0.516
0.567
0.621
0.679
0.741
0.808
0.880
0.958
1.043
1.136
1.238
1.350
1.474
1.611
1.765
1.938
2.133
2.357
2.615
2.917
3.273
3.700
4.222
4.875
5.714
6.833
8.400
10.750
14.667
22.500
46.000
0.021
0.116
0.171
0.297
0.371
0.548
0.655
0.920
1.087
1.526
1.824
2.692
3.364
5.857
8.600
47.000
0.021
0.043
0.065
0.089
0.114
0.140
0.195
0.225
0.256
0.289
0.324
0.361
0.441
0.485
0.531
0.581
0.633
0.690
0.815
0.885
0.960
1.042
1.130
1.227
1.450
1.579
1.722
1.882
2.062
2.267
2.769
3.083
3.455
3.900
4.444
5.125
7.167
8.800
11.250
15.333
23.500
48.000
0.020
0.064
0.163
0.220
0.282
0.351
0.515
0.613
0.724
0.852
1.174
1.381
1.632
1.941
2.846
3.545
4.556
6.143
15.667
49.000
0.020
0.041
0.085
0.109
0.159
0.186
0.244
0.275
0.342
0.378
0.457
0.594
0.645
0.759
0.821
0.962
1.040
1.217
1.318
1.550
1.684
2.188
2.643
2.923
3.636
4.100
5.375
6.286
9.200
11.750
24.500
50.000
0.020
0.061
0.106
0.156
0.209
0.268
0.405
0.486
0.576
0.677
0.793
0.926
1.080
1.261
1.476
1.737
2.059
2.467
3.727
4.778
6.429
9.400
16.333
51.000
0.019
0.039
0.060
0.082
0.104
0.128
0.152
0.178
0.205
0.233
0.262
0.293
0.325
0.359
0.395
0.432
0.472
0.514
0.559
0.606
0.656
0.710
0.767
0.828
0.893
0.963
1.038
1.120
1.208
1.304
1.409
1.524
1.650
1.789
1.944
2.118
2.312
2.533
2.786
3.077
3.417
3.818
4.300
4.889
5.625
6.571
7.833
9.600
12.250
16.667
25.500
52.000
0.019
0.102
0.149
0.256
0.317
0.459
0.543
0.742
0.862
1.160
1.348
1.842
2.176
3.154
3.909
6.714
9.800
53.000
0.019
0.038
0.058
0.078
0.122
0.146
0.170
0.196
0.279
0.310
0.341
0.410
0.447
0.486
0.528
0.618
0.719
0.774
0.897
0.964
1.037
1.115
1.292
1.391
1.619
1.895
2.056
2.235
2.438
2.929
3.231
3.583
5.111
5.875
6.857
8.167
12.750
17.333
26.500
54.000
0.018
0.057
0.098
0.191
0.244
0.302
0.366
0.436
0.514
0.697
0.806
0.931
1.074
1.240
1.435
1.947
2.294
2.733
3.308
4.091
5.222
10.200
17.667
55.000
0.018
0.036
0.075
0.096
0.140
0.163
0.213
0.239
0.295
0.326
0.390
0.425
0.541
0.629
0.676
0.781
0.839
0.966
1.036
1.192
1.280
1.478
1.591
1.850
2.353
2.562
3.071
3.385
4.182
4.700
6.125
7.143
10.400
13.250
27.500
56.000
0.018
0.055
0.094
0.137
0.184
0.234
0.289
0.349
0.415
0.487
0.568
0.657
0.758
0.871
1.148
1.320
1.522
1.762
2.053
2.412
2.867
3.462
4.273
5.444
7.286
10.600
18.333
57.000
0.017
0.035
0.054
0.073
0.093
0.113
0.135
0.157
0.180
0.204
0.229
0.255
0.283
0.311
0.341
0.372
0.405
0.439
0.475
0.513
0.553
0.595
0.639
0.686
0.735
0.788
0.844
0.903
0.967
1.034
1.107
1.185
1.269
1.360
1.458
1.565
1.682
1.810
1.950
2.105
2.278
2.471
2.688
2.933
3.214
3.538
3.917
4.364
4.900
5.556
6.375
7.429
8.833
