6.28 3.14
6.28 3.14
75.40 452.39
41.47 136.85
1.00 0.08
6.28 3.14
75.40 452.39
41.47 136.85
1.00 0.08
6.28 3.14
12.57 12.57
18.85 28.27
25.13 50.27
31.42 78.54
37.70 113.10
43.98 153.94
50.27 201.06
56.55 254.47
62.83 314.16
69.12 380.13
75.40 452.39
81.68 530.93
87.96 615.75
94.25 706.86
100.53 804.25
106.81 907.92
113.10 1017.88
119.38 1134.11
125.66 1256.64
131.95 1385.44
138.23 1520.53
144.51 1661.90
150.80 1809.56
157.08 1963.50
163.36 2123.72
169.65 2290.22
175.93 2463.01
182.21 2642.08
188.50 2827.43
194.78 3019.07
201.06 3216.99
207.35 3421.19
213.63 3631.68
219.91 3848.45
226.19 4071.50
232.48 4300.84
238.76 4536.46
245.04 4778.36
251.33 5026.55
257.61 5281.02
263.89 5541.77
270.18 5808.80
276.46 6082.12
282.74 6361.73
289.03 6647.61
295.31 6939.78
301.59 7238.23
307.88 7542.96
314.16 7853.98
320.44 8171.28
326.73 8494.87
333.01 8824.73
339.29 9160.88
345.58 9503.32
351.86 9852.03
358.14 10207.03
364.42 10568.32
370.71 10935.88
376.99 11309.73
383.27 11689.87
389.56 12076.28
395.84 12468.98
402.12 12867.96
408.41 13273.23
414.69 13684.78
420.97 14102.61
427.26 14526.72
433.54 14957.12
439.82 15393.80
446.11 15836.77
452.39 16286.02
458.67 16741.55
464.96 17203.36
471.24 17671.46
477.52 18145.84
483.81 18626.50
490.09 19113.45
496.37 19606.68
502.65 20106.19
508.94 20611.99
515.22 21124.07
521.50 21642.43
527.79 22167.08
534.07 22698.01
540.35 23235.22
546.64 23778.71
552.92 24328.49
565.49 25446.90
571.77 26015.53
578.05 26590.44
584.34 27171.63
590.62 27759.11
596.90 28352.87
603.19 28952.92
609.47 29559.25
615.75 30171.86
622.04 30790.75
628.32 31415.93
634.60 32047.39
640.88 32685.13
647.17 33329.16
659.73 34636.06
672.30 35968.09
678.58 36643.54
684.87 37325.26
691.15 38013.27
697.43 38707.56
703.72 39408.14
710.00 40115.00
716.28 40828.14
722.57 41547.56
728.85 42273.27
735.13 43005.26
741.42 43743.54
747.70 44488.09
753.98 45238.93
760.27 45996.06
772.83 47529.16
779.11 48305.13
785.40 49087.39
797.96 50670.75
810.53 52279.24
823.10 53912.87
829.38 54739.11
835.66 55571.63
841.95 56410.44
848.23 57255.53
854.51 58106.90
860.80 58964.55
867.08 59828.49
873.36 60698.71
885.93 62458.00
892.21 63347.07
898.50 64242.43
904.78 65144.07
917.35 66966.19
929.91 68813.45
936.19 69746.50
948.76 71631.45
955.04 72583.36
961.33 73541.54
967.61 74506.01
980.18 76453.80
986.46 77437.12
992.74 78426.72
999.03 79422.60
1005.31 80424.77
1017.88 82447.96
1024.16 83468.98
1036.73 85529.86
1043.01 86569.73
1049.29 87615.88
1055.58 88668.31
1061.86 89727.03
1068.14 90792.03
1074.42 91863.31
1080.71 92940.88
1086.99 94024.73
1093.27 95114.86
1118.41 99538.22
1124.69 100659.77
1130.97 101787.60
1137.26 102921.72
1143.54 104062.12
1149.82 105208.80
1156.11 106361.76
1162.39 107521.01
1168.67 108686.54
1174.96 109858.35
1181.24 111036.45
1187.52 112220.83
1193.81 113411.49
1206.37 115811.67
1218.94 118236.98
1225.22 119459.06
1231.50 120687.42
1237.79 121922.07
1244.07 123163.00
1250.35 124410.21
1262.92 126923.48
1269.20 128189.55
1275.49 129461.89
1281.77 130740.52
1306.90 135917.86
1313.19 137227.91
1338.32 142530.92
1344.60 143872.38
1350.88 145220.12
1369.73 149301.05
1382.30 152053.08
1388.58 153438.53
1394.87 154830.25
1407.43 157632.55
1432.57 163312.55
1445.13 166190.25
1451.42 167638.53
1457.70 169093.08
1463.98 170553.92
1470.27 172021.05
1476.55 173494.45
1482.83 174974.14
1489.11 176460.12
1501.68 179450.91
1514.25 182466.84
1520.53 183984.23
1533.10 187037.86
1545.66 190116.62
1564.51 194781.89
1577.08 197923.48
1583.36 199503.70
1589.65 201090.20
1602.21 204282.06
1608.50 205887.42
1614.78 207499.05
1621.06 209116.97
1633.63 212371.66
1658.76 218956.44
1665.04 220618.34
1671.33 222286.53
1677.61 223961.00
1683.89 225641.75
1709.03 232427.59
1727.88 237582.94
1759.29 246300.86
1765.58 248063.30
1784.42 253388.30
1790.71 255175.86
1822.12 264207.94
1840.97 269702.59
1859.82 275253.78
1866.11 277116.75
1884.96 282743.34
1891.24 284631.44
1916.37 292246.66
1928.94 296091.97
1941.50 299962.41
1966.64 307778.69
1972.92 309748.47
1979.20 311724.53
1985.49 313706.88
1991.77 315695.50
2010.62 321699.09
2029.47 327759.22
2042.04 331830.72
2073.45 342119.44
2079.73 344196.03
2086.02 346278.91
2130.00 361034.97
2173.98 376098.91
2180.27 378276.03
2186.55 380459.44
2217.96 391470.72
2243.10 400392.84
2261.95 407150.41
2268.23 409415.50
2299.65 420835.19
2305.93 423137.97
2324.78 430084.03
2337.34 434746.16
2349.91 439433.41
2356.19 441786.47
2412.74 463246.69
2431.59 470513.19
2444.16 475388.94
2463.01 482749.69
2469.29 485215.84
2494.42 495143.28
2500.71 497640.84
2506.99 500144.69
2525.84 507693.94
2538.41 512758.19
2588.67 533266.50
2638.94 554176.94
2745.75 599946.81
2758.32 605450.88
2883.98 661873.88
2927.96 682215.69
2940.53 688084.19
2959.38 696934.06
2971.95 702865.38
2990.80 711809.50
3053.63 742031.62
3066.19 748151.44
3116.46 772882.06
3185.57 807543.25
3204.42 817128.25
3292.39 862605.94
3330.09 882473.38
3342.65 889146.12
3367.79 902567.00
3424.34 933131.56
3474.60 960727.31
3531.15 992253.19
3543.72 999328.06
3556.28 1006428.06
3568.85 1013553.19
3606.55 1035079.38
3713.36 1097298.62
3864.16 1188228.88
3945.84 1238993.88
3958.41 1246898.12
3970.97 1254827.50
3977.26 1258801.62
4014.96 1282778.25
4058.94 1311036.88
4102.92 1339603.38
4140.62 1364334.00
4260.00 1444139.88
4347.96 1504395.62
4360.53 1513104.12
4373.10 1521837.75
4435.93 1565882.88
4517.61 1624080.88
4706.11 1762436.62
4825.49 1852986.75
4907.17 1916249.00
4938.58 1940863.38
5076.81 2051032.75
5120.80 2086724.38
5158.50 2117562.25
5183.63 2138246.50
5460.09 2372408.25
5736.55 2618734.25
6163.80 3023346.25
6214.07 3072857.75
0.63 0.03
1.26 0.13
1.88 0.28
2.51 0.50
3.14 0.79
3.77 1.13
4.40 1.54
5.03 2.01
5.65 2.54
6.28 3.14
6.91 3.80
7.54 4.52
8.17 5.31
8.80 6.16
9.42 7.07
10.05 8.04
10.68 9.08
11.31 10.18
11.94 11.34
12.57 12.57
13.19 13.85
13.82 15.21
14.45 16.62
15.08 18.10
15.71 19.63
16.34 21.24
16.96 22.90
17.59 24.63
18.22 26.42
18.85 28.27
19.48 30.19
20.11 32.17
20.73 34.21
21.36 36.32
21.99 38.48
22.62 40.72
23.25 43.01
23.88 45.36
24.50 47.78
25.13 50.27
25.76 52.81
26.39 55.42
27.02 58.09
27.65 60.82
28.27 63.62
28.90 66.48
29.53 69.40
30.16 72.38
30.79 75.43
31.42 78.54
32.04 81.71
32.67 84.95
33.30 88.25
33.93 91.61
34.56 95.03
35.19 98.52
35.81 102.07
36.44 105.68
37.07 109.36
37.70 113.10
38.33 116.90
38.96 120.76
39.58 124.69
40.21 128.68
40.84 132.73
41.47 136.85
42.10 141.03
42.73 145.27
43.35 149.57
43.98 153.94
44.61 158.37
45.24 162.86
45.87 167.42
46.50 172.03
47.12 176.71
47.75 181.46
48.38 186.27
49.01 191.13
49.64 196.07
50.27 201.06
50.89 206.12
51.52 211.24
52.15 216.42
52.78 221.67
53.41 226.98
54.04 232.35
54.66 237.79
55.29 243.28
55.92 248.85
56.55 254.47
57.18 260.16
57.81 265.90
58.43 271.72
59.06 277.59
59.69 283.53
60.32 289.53
60.95 295.59
61.58 301.72
62.20 307.91
62.83 314.16
63.46 320.47
64.09 326.85
64.72 333.29
65.35 339.79
65.97 346.36
66.60 352.99
67.23 359.68
67.86 366.44
68.49 373.25
69.12 380.13
69.74 387.08
70.37 394.08
71.00 401.15
71.63 408.28
72.26 415.48
72.88 422.73
73.51 430.05
74.14 437.44
74.77 444.88
75.40 452.39
76.03 459.96
76.65 467.59
77.28 475.29
77.91 483.05
78.54 490.87
79.17 498.76
79.80 506.71
80.42 514.72
81.05 522.79
81.68 530.93
82.31 539.13
82.94 547.39
83.57 555.72
84.19 564.10
84.82 572.56
85.45 581.07
86.08 589.65
86.71 598.28
87.34 606.99
87.96 615.75
88.59 624.58
89.22 633.47
89.85 642.42
90.48 651.44
91.11 660.52
91.73 669.66
92.36 678.87
92.99 688.13
93.62 697.46
94.25 706.86
94.88 716.31
95.50 725.83
96.13 735.42
96.76 745.06
97.39 754.77
98.02 764.54
98.65 774.37
99.27 784.27
99.90 794.23
100.53 804.25
101.16 814.33
101.79 824.48
102.42 834.69
103.04 844.96
103.67 855.30
104.30 865.70
104.93 876.16
105.56 886.68
106.19 897.27
106.81 907.92
107.44 918.63
108.07 929.41
108.70 940.25
109.33 951.15
109.96 962.11
110.58 973.14
111.21 984.23
111.84 995.38
112.47 1006.60
113.10 1017.88
113.73 1029.22
114.35 1040.62
114.98 1052.09
115.61 1063.62
116.24 1075.21
116.87 1086.87
117.50 1098.58
118.12 1110.36
118.75 1122.21
119.38 1134.11
120.01 1146.08
120.64 1158.12
121.27 1170.21
121.89 1182.37
122.52 1194.59
123.15 1206.87
123.78 1219.22
124.41 1231.63
125.04 1244.10
125.66 1256.64
126.29 1269.23
126.92 1281.90
127.55 1294.62
128.18 1307.41
128.81 1320.25
129.43 1333.17
130.06 1346.14
130.69 1359.18
131.32 1372.28
131.95 1385.44
132.58 1398.67
133.20 1411.96
133.83 1425.31
134.46 1438.72
135.09 1452.20
135.72 1465.74
136.35 1479.34
136.97 1493.01
137.60 1506.74
138.23 1520.53
138.86 1534.39
139.49 1548.30
140.12 1562.28
140.74 1576.33
141.37 1590.43
142.00 1604.60
142.63 1618.83
143.26 1633.13
143.88 1647.48
144.51 1661.90
145.14 1676.39
145.77 1690.93
146.40 1705.54
147.03 1720.21
147.65 1734.94
148.28 1749.74
148.91 1764.60
149.54 1779.52
150.17 1794.51
150.80 1809.56
151.42 1824.67
152.05 1839.84
152.68 1855.08
153.31 1870.38
153.94 1885.74
154.57 1901.17
155.19 1916.65
155.82 1932.21
156.45 1947.82
157.08 1963.50
157.71 1979.23
158.34 1995.04
158.96 2010.90
159.59 2026.83
160.22 2042.82
160.85 2058.87
161.48 2074.99
162.11 2091.17
162.73 2107.41
163.36 2123.72
163.99 2140.08
164.62 2156.51
165.25 2173.01
165.88 2189.56
166.50 2206.18
167.13 2222.87
167.76 2239.61
168.39 2256.42
169.02 2273.29
169.65 2290.22
170.27 2307.22
170.90 2324.28
171.53 2341.40
172.16 2358.58
172.79 2375.83
173.42 2393.14
174.04 2410.51
174.67 2427.95
175.30 2445.45
175.93 2463.01
176.56 2480.63
177.19 2498.32
177.81 2516.07
178.44 2533.88
179.07 2551.76
179.70 2569.70
180.33 2587.70
180.96 2605.76
181.58 2623.89
182.21 2642.08
182.84 2660.33
183.47 2678.65
184.10 2697.03
184.73 2715.47
185.35 2733.97
185.98 2752.54
186.61 2771.17
187.24 2789.86
187.87 2808.62
188.50 2827.43
189.12 2846.31
189.75 2865.26
190.38 2884.26
191.01 2903.33
191.64 2922.47
192.27 2941.66
192.89 2960.92
193.52 2980.24
194.15 2999.62
194.78 3019.07
195.41 3038.58
196.04 3058.15
196.66 3077.79
197.29 3097.48
197.92 3117.25
198.55 3137.07
199.18 3156.96
199.81 3176.90
200.43 3196.92
201.06 3216.99
201.69 3237.13
202.32 3257.33
202.95 3277.59
203.58 3297.92
204.20 3318.31
204.83 3338.76
205.46 3359.27
206.09 3379.85
206.72 3400.49
207.35 3421.19
207.97 3441.96
208.60 3462.79
209.23 3483.68
209.86 3504.64
210.49 3525.65
211.12 3546.73
211.74 3567.88
212.37 3589.08
213.00 3610.35
213.63 3631.68
214.88 3674.53
215.51 3696.05
216.14 3717.64
216.77 3739.28
217.40 3760.99
218.03 3782.76
218.65 3804.59
219.28 3826.49
219.91 3848.45
220.54 3870.47
221.17 3892.56
221.80 3914.71
222.42 3936.92
223.05 3959.19
223.68 3981.53
224.31 4003.93
224.94 4026.39
225.57 4048.92
226.19 4071.50
226.82 4094.15
227.45 4116.87
228.08 4139.65
228.71 4162.48
229.34 4185.39
229.96 4208.35
230.59 4231.38
231.22 4254.47
231.85 4277.62
232.48 4300.84
233.11 4324.12
233.73 4347.46
234.36 4370.87
234.99 4394.33
235.62 4417.86
236.25 4441.46
236.88 4465.11
237.50 4488.83
238.13 4512.62
238.76 4536.46
239.39 4560.37
240.02 4584.34
240.65 4608.37
241.27 4632.47
241.90 4656.63
242.53 4680.85
243.16 4705.13
243.79 4729.48
244.42 4753.89
245.04 4778.36
245.67 4802.90
246.30 4827.50
246.93 4852.16
247.56 4876.88
248.19 4901.67
248.81 4926.52
249.44 4951.43
250.07 4976.41
250.70 5001.45
251.33 5026.55
251.96 5051.71
252.58 5076.94
253.21 5102.23
253.84 5127.58
254.47 5153.00
255.10 5178.48
255.73 5204.02
256.35 5229.62
256.98 5255.29
257.61 5281.02
258.24 5306.81
258.87 5332.67
259.50 5358.58
260.12 5384.56
260.75 5410.61
261.38 5436.71
262.01 5462.88
262.64 5489.12
263.27 5515.41
263.89 5541.77
264.52 5568.19
265.15 5594.67
265.78 5621.22
266.41 5647.83
267.04 5674.50
267.66 5701.24
268.29 5728.03
269.55 5781.82
270.18 5808.80
270.81 5835.85
271.43 5862.97
272.06 5890.14
272.69 5917.38
273.32 5944.68
273.95 5972.04
274.58 5999.47
275.20 6026.96
275.83 6054.51
276.46 6082.12
277.09 6109.80
277.72 6137.54
278.35 6165.34
278.97 6193.21
279.60 6221.14
280.23 6249.13
281.49 6305.30
282.12 6333.48
282.74 6361.73
283.37 6390.03
284.00 6418.40
284.63 6446.83
285.26 6475.33
285.88 6503.88
286.51 6532.50
287.77 6589.93
288.40 6618.74
289.03 6647.61
289.65 6676.54
290.28 6705.54
290.91 6734.60
291.54 6763.72
292.17 6792.91
292.80 6822.16
293.42 6851.47
294.05 6880.84
294.68 6910.28
295.31 6939.78
295.94 6969.34
296.57 6998.97
297.19 7028.65
298.45 7088.22
299.08 7118.09
299.71 7148.03
300.34 7178.04
300.96 7208.10
301.59 7238.23
302.22 7268.42
302.85 7298.67
303.48 7328.99
304.11 7359.37
304.73 7389.81
305.36 7420.32
305.99 7450.88
306.62 7481.51
307.25 7512.21
307.88 7542.96
308.50 7573.78
309.76 7635.61
310.39 7666.62
311.02 7697.69
311.65 7728.82
312.27 7760.02
312.90 7791.28
313.53 7822.60
314.16 7853.98
314.79 7885.43
315.42 7916.94
316.04 7948.51
316.67 7980.15
317.30 8011.85
317.93 8043.61
318.56 8075.43
319.19 8107.32
319.81 8139.27
320.44 8171.28
321.07 8203.36
321.70 8235.50
322.33 8267.70
322.96 8299.96
323.58 8332.29
324.21 8364.68
324.84 8397.13
325.47 8429.65
326.10 8462.23
326.73 8494.87
327.35 8527.57
327.98 8560.34
328.61 8593.17
329.24 8626.06
329.87 8659.01
330.50 8692.03
331.12 8725.11
331.75 8758.26
332.38 8791.46
333.01 8824.73
333.64 8858.07
334.27 8891.46
334.89 8924.92
335.52 8958.44
336.15 8992.02
336.78 9025.67
337.41 9059.38
338.04 9093.15
338.66 9126.99
339.29 9160.88
339.92 9194.84
340.55 9228.87
341.18 9262.95
341.81 9297.10
342.43 9331.32
343.06 9365.59
343.69 9399.93
344.32 9434.33
344.95 9468.79
345.58 9503.32
346.20 9537.91
346.83 9572.56
347.46 9607.27
348.09 9642.05
348.72 9676.89
349.35 9711.79
349.97 9746.76
350.60 9781.79
351.23 9816.88
351.86 9852.03
352.49 9887.25
353.12 9922.53
354.37 9993.28
355.00 10028.75
355.63 10064.28
356.88 10135.53
357.51 10171.25
358.14 10207.03
358.77 10242.88
359.40 10278.79
360.03 10314.76
360.65 10350.79
361.28 10386.89
361.91 10423.05
362.54 10459.27
363.17 10495.56
363.80 10531.91
364.42 10568.32
365.05 10604.79
365.68 10641.33
366.31 10677.93
366.94 10714.59
367.57 10751.32
368.19 10788.10
369.45 10861.87
370.71 10935.88
371.34 10972.99
371.96 11010.15
372.59 11047.38
373.22 11084.67
373.85 11122.02
374.48 11159.44
375.11 11196.92
375.73 11234.46
376.36 11272.07
376.99 11309.73
377.62 11347.46
378.25 11385.26
378.88 11423.11
379.50 11461.03
380.13 11499.01
380.76 11537.06
381.39 11575.17
382.02 11613.34
382.65 11651.57
383.27 11689.87
384.53 11766.65
385.16 11805.13
385.79 11843.68
386.42 11882.29
387.04 11920.96
387.67 11959.70
388.30 11998.50
388.93 12037.36
389.56 12076.28
390.19 12115.27
390.81 12154.32
391.44 12193.43
392.07 12232.61
392.70 12271.85
393.33 12311.15
393.96 12350.51
394.58 12389.94
395.21 12429.43
395.84 12468.98
396.47 12508.60
397.10 12548.28
397.73 12588.02
398.35 12627.82
398.98 12667.69
399.61 12707.62
400.24 12747.61
400.87 12787.66
401.50 12827.78
402.12 12867.96
402.75 12908.21
403.38 12948.51
404.01 12988.88
404.64 13029.32
405.27 13069.81
405.89 13110.37
406.52 13150.99
407.15 13191.67
407.78 13232.42
408.41 13273.23
409.04 13314.10
411.55 13478.22
412.18 13519.40
412.81 13560.65
413.43 13601.97
414.06 13643.34
414.69 13684.78
415.32 13726.28
415.95 13767.84
416.58 13809.47
417.20 13851.16
417.83 13892.91
418.46 13934.72
419.09 13976.60
419.72 14018.54
420.35 14060.54
420.97 14102.61
421.60 14144.74
422.23 14186.93
423.49 14271.50
424.12 14313.88
424.74 14356.32
425.37 14398.83
426.00 14441.40
426.63 14484.03
427.26 14526.72
427.88 14569.48
428.51 14612.30
429.77 14698.13
430.40 14741.14
431.03 14784.21
431.65 14827.34
432.28 14870.54
432.91 14913.80
433.54 14957.12
434.17 15000.51
435.42 15087.47
436.05 15131.04
436.68 15174.68
437.31 15218.38
437.94 15262.14
438.57 15305.97
439.19 15349.85
439.82 15393.80
440.45 15437.82
441.08 15481.89
442.34 15570.24
442.96 15614.50
443.59 15658.83
444.22 15703.22
444.85 15747.67
445.48 15792.19
446.11 15836.77
446.73 15881.41
447.99 15970.88
448.62 16015.71
449.25 16060.61
449.88 16105.56
450.50 16150.58
451.76 16240.81
452.39 16286.02
453.02 16331.29
453.65 16376.62
454.27 16422.02
455.53 16513.00
456.16 16558.58
456.79 16604.23
457.42 16649.94
458.04 16695.71
458.67 16741.55
459.30 16787.45
459.93 16833.41
460.56 16879.43
461.19 16925.52
461.81 16971.67
462.44 17017.88
463.07 17064.16
463.70 17110.50
464.33 17156.90
464.96 17203.36
465.58 17249.89
466.21 17296.48
466.84 17343.13
467.47 17389.85
468.10 17436.62
469.35 17530.37
469.98 17577.34
470.61 17624.37
471.24 17671.46
471.87 17718.61
472.50 17765.83
473.75 17860.46
474.38 17907.86
475.01 17955.33
476.27 18050.46
476.89 18098.12
477.52 18145.84
478.15 18193.62
478.78 18241.47
479.41 18289.38
480.04 18337.35
481.29 18433.48
481.92 18481.64
482.55 18529.87
483.18 18578.15
483.81 18626.50
484.43 18674.91
485.06 18723.39
485.69 18771.93
486.32 18820.53
486.95 18869.19
487.58 18917.92
488.83 19015.56
489.46 19064.47
490.09 19113.45
490.72 19162.49
491.35 19211.59
491.97 19260.76
492.60 19309.99
493.23 19359.28
493.86 19408.63
494.49 19458.05
495.12 19507.53
495.74 19557.07
496.37 19606.68
497.00 19656.35
497.63 19706.08
498.88 19805.73
499.51 19855.65
500.14 19905.63
500.77 19955.68
501.40 20005.79
502.03 20055.96
502.65 20106.19
503.28 20156.49
503.91 20206.85
504.54 20257.27
505.17 20307.76
505.80 20358.31
506.42 20408.92
507.05 20459.59
507.68 20510.33
508.31 20561.13
508.94 20611.99
509.57 20662.91
510.19 20713.90
511.45 20816.07
512.08 20867.24
512.71 20918.48
513.96 21021.15
514.59 21072.58
515.22 21124.07
515.85 21175.62
516.48 21227.24
517.11 21278.92
517.73 21330.66
518.36 21382.46
518.99 21434.33
519.62 21486.26
520.25 21538.26
520.88 21590.31
521.50 21642.43
522.13 21694.61
522.76 21746.86
523.39 21799.17
524.02 21851.54
524.65 21903.97
525.90 22009.02
526.53 22061.65
527.16 22114.33
527.79 22167.08
528.42 22219.89
529.04 22272.76
529.67 22325.70
530.30 22378.70
530.93 22431.76
531.56 22484.88
532.19 22538.07
532.81 22591.32
533.44 22644.63
534.07 22698.01
535.33 22804.95
535.96 22858.51
536.58 22912.14
537.21 22965.83
537.84 23019.58
539.73 23181.22
540.35 23235.22
540.98 23289.29
542.24 23397.61
543.50 23506.18
544.12 23560.56
546.01 23724.08
546.64 23778.71
547.27 23833.41
547.89 23888.17
548.52 23942.99
549.15 23997.87
549.78 24052.82
550.41 24107.83
551.04 24162.90
551.66 24218.04
552.29 24273.23
552.92 24328.49
553.55 24383.82
554.18 24439.20
554.81 24494.65
556.06 24605.74
556.69 24661.38
557.32 24717.08
557.95 24772.84
558.58 24828.67
559.83 24940.51
560.46 24996.52
561.09 25052.60
561.72 25108.74
562.35 25164.94
562.97 25221.21
563.60 25277.54
564.23 25333.93
564.86 25390.38
565.49 25446.90
566.11 25503.48
566.74 25560.12
567.37 25616.83
568.00 25673.60
568.63 25730.43
569.26 25787.32
569.88 25844.28
570.51 25901.30
571.14 25958.38
571.77 26015.53
572.40 26072.74
573.03 26130.01
573.65 26187.34
574.28 26244.74
574.91 26302.20
575.54 26359.72
576.80 26474.96
577.42 26532.67
578.05 26590.44
578.68 26648.28
579.94 26764.14
580.57 26822.16
581.19 26880.25
581.82 26938.40
583.71 27113.23
584.34 27171.63
584.96 27230.10
585.59 27288.63
586.22 27347.22
586.85 27405.87
587.48 27464.59
588.11 27523.37
588.73 27582.21
589.99 27700.08
590.62 27759.11
591.25 27818.21
591.88 27877.36
592.50 27936.58
593.13 27995.86
593.76 28055.21
595.65 28233.62
596.90 28352.87
598.16 28472.38
598.79 28532.23
599.42 28592.14
600.04 28652.11
601.30 28772.24
601.93 28832.41
602.56 28892.63
603.19 28952.92
603.81 29013.27
604.44 29073.68
605.07 29134.16
606.33 29255.30
606.96 29315.96
607.58 29376.69
608.21 29437.48
608.84 29498.33
609.47 29559.25
610.10 29620.22
610.73 29681.26
611.35 29742.37
611.98 29803.54
612.61 29864.77
613.24 29926.06
613.87 29987.41
614.50 30048.83
615.12 30110.31
615.75 30171.86
616.38 30233.46
617.01 30295.13
618.27 30418.66
618.89 30480.52
619.52 30542.44
620.15 30604.42
620.78 30666.47
621.41 30728.58
622.04 30790.75
622.66 30852.98
623.29 30915.28
623.92 30977.64
624.55 31040.07
625.18 31102.55
625.81 31165.10
626.43 31227.71
627.06 31290.39
627.69 31353.13
628.32 31415.93
6.28 3.14
3.14 0.79
12.57 12.57
2.09 0.35
18.85 28.27
1.57 0.20
4.19 1.40
9.42 7.07
25.13 50.27
1.26 0.13
31.42 78.54
1.05 0.09
2.51 0.50
4.71 1.77
8.38 5.58
15.71 19.63
37.70 113.10
0.90 0.06
3.77 1.13
10.47 8.73
43.98 153.94
0.79 0.05
1.80 0.26
5.03 2.01
7.85 4.91
21.99 38.48
50.27 201.06
0.70 0.04
2.70 0.58
14.66 17.10
56.55 254.47
0.63 0.03
1.39 0.15
2.36 0.44
3.59 1.02
5.23 2.18
7.54 4.52
11.00 9.62
16.76 22.35
28.27 63.62
62.83 314.16
0.57 0.03
4.49 1.60
8.80 6.16
69.12 380.13
0.52 0.02
1.14 0.10
1.88 0.28
2.79 0.62
3.93 1.23
5.38 2.31
7.33 4.28
10.05 8.04
14.14 15.90
20.94 34.90
34.56 95.03
75.40 452.39
0.48 0.02
1.72 0.23
3.49 0.97
11.31 10.18
23.04 42.24
81.68 530.93
0.45 0.02
0.97 0.07
2.29 0.42
5.50 2.41
7.18 4.10
17.28 23.76
40.84 132.73
87.96 615.75
0.42 0.01
1.45 0.17
2.86 0.65
4.89 1.90
8.08 5.20
13.82 15.21
27.23 58.98
94.25 706.86
0.39 0.01
0.84 0.06
1.34 0.14
1.94 0.30
2.62 0.55
3.42 0.93
4.40 1.54
5.59 2.48
7.07 3.98
8.98 6.42
11.52 10.56
15.08 18.10
20.42 33.18
29.32 68.43
47.12 176.71
100.53 804.25
0.37 0.01
2.42 0.47
4.00 1.27
9.87 7.75
16.34 21.24
106.81 907.92
0.35 0.01
0.74 0.04
1.18 0.11
1.68 0.22
2.24 0.40
2.90 0.67
3.66 1.07
4.57 1.66
5.65 2.54
6.98 3.88
8.64 5.94
10.77 9.23
13.62 14.75
17.59 24.63
23.56 44.18
33.51 89.35
53.41 226.98
113.10 1017.88
0.33 0.01
1.11 0.10
3.38 0.91
5.14 2.10
7.68 4.69
11.67 10.83
35.61 100.89
119.38 1134.11
0.31 0.01
0.66 0.03
1.48 0.17
1.96 0.31
3.86 1.19
5.71 2.60
6.91 3.80
10.21 8.30
20.11 32.17
26.70 56.75
59.69 283.53
125.66 1256.64
0.30 0.01
0.99 0.08
1.85 0.27
2.93 0.69
4.35 1.50
9.07 6.55
13.46 14.43
21.36 36.32
39.79 126.00
131.95 1385.44
0.28 0.01
0.60 0.03
0.94 0.07
1.33 0.14
1.75 0.24
2.22 0.39
2.75 0.60
3.35 0.89
4.04 1.30
4.83 1.86
5.76 2.64
6.85 3.74
8.17 5.31
9.78 7.61
11.78 11.04
14.36 16.42
17.80 25.21
22.62 40.72
29.85 70.88
41.89 139.64
65.97 346.36
138.23 1520.53
0.27 0.01
1.65 0.22
2.59 0.53
5.32 2.25
7.43 4.39
15.26 18.54
23.88 45.36
144.51 1661.90
0.26 0.01
0.55 0.02
0.85 0.06
1.19 0.11
1.99 0.31
2.44 0.48
2.96 0.70
3.53 0.99
4.94 1.94
5.80 2.68
6.80 3.68
8.00 5.09
11.17 9.93
13.35 14.19
16.15 20.77
19.90 31.51
32.99 86.59
46.07 168.93
72.26 415.48
150.80 1809.56
0.25 0.01
0.82 0.05
1.50 0.18
2.31 0.43
3.32 0.88
4.61 1.69
8.57 5.84
11.87 11.21
17.05 23.14
26.39 55.42
48.17 184.67
157.08 1963.50
0.24 0.00
0.50 0.02
1.09 0.10
1.43 0.16
2.20 0.38
2.65 0.56
3.69 1.09
4.32 1.49
5.84 2.71
6.77 3.64
9.14 6.65
10.68 9.08
14.92 17.72
17.95 25.64
27.65 60.82
36.13 103.87
78.54 490.87
163.36 2123.72
0.23 0.00
0.75 0.05
1.36 0.15
2.98 0.71
4.07 1.32
5.45 2.36
7.25 4.18
9.71 7.50
13.26 14.00
28.90 66.48
52.36 218.15
169.65 2290.22
0.23 0.00
0.46 0.02
0.72 0.04
1.01 0.08
1.31 0.14
1.64 0.21
2.00 0.32
2.39 0.46
2.83 0.64
3.30 0.87
3.84 1.17
4.44 1.57
5.10 2.07
5.86 2.73
6.73 3.60
7.73 4.76
8.90 6.31
10.28 8.41
11.94 11.34
13.96 15.51
16.49 21.65
19.75 31.03
24.08 46.16
30.16 72.38
39.27 122.72
54.46 235.99
84.82 572.56
175.93 2463.01
0.21 0.00
1.91 0.29
3.64 1.05
4.81 1.84
8.22 5.37
10.85 9.37
20.65 33.92
182.21 2642.08
0.21 0.00
0.43 0.01
0.67 0.04
0.93 0.07
1.21 0.12
1.51 0.18
1.83 0.27
2.19 0.38
2.57 0.53
2.99 0.71
3.46 0.95
3.97 1.25
4.54 1.64
5.18 2.13
5.89 2.76
6.70 3.58
7.63 4.63
8.70 6.03
9.95 7.87
11.42 10.38
13.19 13.85
15.36 18.77
18.06 25.97
21.55 36.94
26.18 54.55
32.67 84.95
42.41 143.14
58.64 273.65
91.11 660.52
188.50 2827.43
0.20 0.00
0.65 0.03
1.16 0.11
1.76 0.25
2.46 0.48
3.29 0.86
4.30 1.47
5.54 2.44
7.12 4.03
9.19 6.71
11.99 11.45
16.06 20.52
22.44 40.06
33.93 91.61
60.74 293.58
194.78 3019.07
0.19 0.00
0.41 0.01
0.87 0.06
1.12 0.10
1.69 0.23
2.01 0.32
2.73 0.59
4.08 1.33
4.63 1.71
5.91 2.78
6.67 3.54
8.53 5.79
9.66 7.43
14.45 16.62
19.63 30.68
23.34 43.33
35.19 98.52
45.55 165.13
97.39 754.77
201.06 3216.99
0.19 0.00
0.61 0.03
1.08 0.09
1.63 0.21
2.26 0.41
3.00 0.72
3.89 1.20
4.96 1.96
7.96 5.04
10.15 8.19
13.14 13.74
17.45 24.24
24.23 46.74
36.44 105.68
64.92 335.43
207.35 3421.19
0.18 0.00
0.38 0.01
0.59 0.03
0.81 0.05
1.30 0.13
1.86 0.28
2.17 0.38
2.88 0.66
3.28 0.86
3.71 1.10
5.29 2.23
5.93 2.80
6.65 3.52
7.46 4.43
10.63 8.99
12.04 11.55
13.71 14.96
18.15 26.22
21.21 35.78
30.37 73.38
48.69 188.69
67.02 357.47
103.67 855.30
213.63 3631.68
0.18 0.00
1.01 0.08
1.51 0.18
2.76 0.61
3.55 1.00
5.62 2.52
7.02 3.93
11.11 9.83
14.28 16.23
26.03 53.92
38.96 120.76
219.91 3848.45
0.18 0.00
0.36 0.01
0.55 0.02
0.76 0.05
0.98 0.08
1.22 0.12
1.46 0.17
1.73 0.24
2.02 0.32
2.32 0.43
2.66 0.56
3.02 0.72
3.41 0.92
3.83 1.17
4.29 1.46
4.79 1.82
5.34 2.27
5.95 2.82
6.64 3.50
7.39 4.34
8.24 5.41
9.22 6.76
10.32 8.48
11.60 10.71
13.09 13.63
14.85 17.56
16.96 22.90
19.55 30.41
22.78 41.28
26.93 57.71
32.47 83.87
40.21 128.68
51.84 213.82
71.21 403.50
109.96 962.11
226.19 4071.50
0.17 0.00
0.54 0.02
0.96 0.07
1.42 0.16
1.95 0.30
2.56 0.52
3.27 0.85
4.10 1.34
5.09 2.06
7.76 4.79
9.63 7.38
12.08 11.62
15.43 18.93
20.24 32.61
27.83 61.63
41.47 136.85
73.31 427.63
232.48 4300.84
0.16 0.00
0.34 0.01
0.72 0.04
0.92 0.07
1.38 0.15
1.62 0.21
2.17 0.37
2.47 0.49
3.52 0.99
4.37 1.52
4.86 1.88
5.97 2.84
6.62 3.48
8.13 5.26
9.04 6.50
11.22 10.02
15.99 20.35
18.22 26.42
24.35 47.17
28.72 65.64
42.73 145.27
54.98 240.53
116.24 1075.21
238.76 4536.46
0.16 0.00
0.51 0.02
1.33 0.14
1.82 0.26
2.38 0.45
3.02 0.73
4.64 1.72
5.69 2.57
6.94 3.84
8.50 5.75
13.05 13.55
16.56 21.83
21.64 37.26
29.62 69.81
77.49 477.85
245.04 4778.36
0.16 0.00
0.32 0.01
0.50 0.02
0.68 0.04
0.87 0.06
1.07 0.09
1.29 0.13
1.52 0.18
1.77 0.25
2.03 0.33
2.31 0.42
2.60 0.54
2.92 0.68
3.26 0.85
3.63 1.05
4.02 1.29
4.45 1.57
4.92 1.93
5.43 2.35
5.98 2.85
6.60 3.46
7.28 4.21
8.03 5.13
8.87 6.26
9.81 7.66
10.89 9.44
12.12 11.69
13.53 14.58
15.19 18.35
17.13 23.36
19.48 30.19
22.34 39.73
25.92 53.46
30.52 74.11
36.65 106.89
45.24 162.86
58.12 268.80
79.59 504.08
122.52 1194.59
251.33 5026.55
0.15 0.00
0.85 0.06
2.23 0.40
2.81 0.63
4.27 1.45
5.19 2.14
7.61 4.61
9.24 6.80
14.02 15.64
17.71 24.95
46.50 172.03
257.61 5281.02
0.15 0.00
0.31 0.01
0.47 0.02
0.65 0.03
0.83 0.05
1.02 0.08
1.22 0.12
1.44 0.16
1.67 0.22
1.90 0.29
2.16 0.37
2.43 0.47
2.72 0.59
3.03 0.73
3.37 0.90
3.73 1.10
4.11 1.34
4.52 1.63
4.98 1.97
5.47 2.38
6.00 2.87
6.58 3.45
7.23 4.15
7.94 5.01
8.73 6.06
9.61 7.34
10.61 8.95
11.73 10.95
13.01 13.47
14.50 16.73
16.23 20.96
18.28 26.59
20.73 34.21
23.74 44.84
27.49 60.13
32.31 83.10
38.75 119.48
47.75 181.46
61.26 298.65
83.77 558.48
128.81 1320.25
263.89 5541.77
0.14 0.00
0.46 0.02
0.80 0.05
1.19 0.11
1.61 0.21
2.63 0.55
3.25 0.84
3.96 1.25
4.78 1.81
5.74 2.62
6.88 3.77
8.27 5.44
9.98 7.92
12.15 11.74
14.99 17.87
24.44 47.51
33.21 87.78
49.01 191.13
85.87 586.81
270.18 5808.80
0.14 0.00
0.30 0.01
0.62 0.03
1.16 0.11
1.36 0.15
2.04 0.33
2.55 0.52
2.84 0.64
3.47 0.96
3.81 1.16
4.59 1.68
6.01 2.88
6.57 3.43
8.60 5.88
10.35 8.52
11.39 10.31
13.91 15.40
15.47 19.04
19.42 30.02
29.06 67.20
34.11 92.60
64.40 330.06
135.09 1452.20
276.46 6082.12
0.14 0.00
0.44 0.02
0.77 0.05
1.12 0.10
1.53 0.19
1.97 0.31
2.48 0.49
3.04 0.74
3.68 1.08
4.42 1.56
5.28 2.22
7.48 4.45
8.93 6.34
10.72 9.14
12.99 13.42
15.95 20.24
19.99 31.81
25.83 53.09
35.00 97.50
51.52 211.24
90.06 645.39
282.74 6361.73
0.14 0.00
0.28 0.01
0.43 0.01
0.58 0.03
0.75 0.04
0.92 0.07
1.10 0.10
1.29 0.13
1.49 0.18
1.70 0.23
1.92 0.29
2.16 0.37
2.40 0.46
2.66 0.56
2.95 0.69
3.24 0.84
3.56 1.01
3.90 1.21
4.27 1.45
4.66 1.72
5.08 2.05
5.53 2.43
6.02 2.88
6.55 3.42
7.14 4.05
7.78 4.81
8.48 5.73
9.26 6.83
10.12 8.15
11.09 9.79
12.18 11.80
13.40 14.29
14.81 17.45
16.43 21.48
18.33 26.73
20.56 33.65
23.25 43.01
26.53 56.00
30.63 74.66
35.90 102.57
42.93 146.68
52.78 221.67
67.54 363.05
92.16 675.82
141.37 1590.43
289.03 6647.61
0.13 0.00
0.73 0.04
1.07 0.09
1.87 0.28
2.33 0.43
3.44 0.94
4.12 1.35
5.78 2.66
6.83 3.71
9.59 7.32
11.46 10.45
16.91 22.77
21.14 35.55
36.80 107.77
54.04 232.35
295.31 6939.78
0.13 0.00
0.27 0.01
0.41 0.01
0.56 0.02
0.72 0.04
0.88 0.06
1.23 0.12
1.41 0.16
1.61 0.21
1.82 0.26
2.04 0.33
2.27 0.41
2.77 0.61
3.05 0.74
3.34 0.89
3.65 1.06
3.98 1.26
4.34 1.50
5.12 2.09
5.56 2.46
6.03 2.90
6.55 3.41
7.10 4.01
7.71 4.73
9.11 6.61
9.92 7.83
10.82 9.32
11.82 11.13
12.96 13.36
14.24 16.15
17.40 24.09
19.37 29.86
21.71 37.50
24.50 47.78
27.92 62.04
32.20 82.52
45.03 161.37
55.29 243.28
70.69 397.61
96.34 738.59
147.65 1734.94
301.59 7238.23
0.13 0.00
0.40 0.01
1.02 0.08
1.38 0.15
1.77 0.25
2.21 0.39
3.24 0.83
3.85 1.18
4.55 1.65
5.35 2.28
7.38 4.33
8.68 5.99
10.25 8.37
12.20 11.84
17.88 25.45
22.27 39.48
28.63 65.21
38.60 118.55
98.44 771.12
307.88 7542.96
0.13 0.00
0.26 0.01
0.53 0.02
0.68 0.04
1.00 0.08
1.17 0.11
1.53 0.19
1.73 0.24
2.15 0.37
2.38 0.45
2.87 0.66
3.73 1.11
4.05 1.31
4.77 1.81
5.16 2.12
6.04 2.91
6.53 3.40
7.65 4.65
8.28 5.46
9.74 7.55
10.58 8.91
13.75 15.04
16.61 21.95
18.37 26.84
22.85 41.53
25.76 52.81
33.77 90.76
39.50 124.14
57.81 265.90
73.83 433.74
153.94 1885.74
314.16 7853.98
0.13 0.00
0.38 0.01
0.67 0.04
0.98 0.08
1.31 0.14
1.68 0.23
2.54 0.52
3.05 0.74
3.62 1.04
4.25 1.44
4.98 1.98
5.82 2.69
6.79 3.66
7.92 5.00
9.27 6.84
10.91 9.48
12.94 13.32
15.50 19.12
23.42 43.64
30.02 71.72
40.39 129.85
59.06 277.59
102.62 838.07
320.44 8171.28
0.12 0.00
0.25 0.00
0.38 0.01
0.52 0.02
0.65 0.03
0.80 0.05
0.96 0.07
1.12 0.10
1.29 0.13
1.46 0.17
1.65 0.22
1.84 0.27
2.04 0.33
2.26 0.40
2.48 0.49
2.71 0.59
2.97 0.70
3.23 0.83
3.51 0.98
3.81 1.15
4.12 1.35
4.46 1.58
4.82 1.85
5.20 2.15
5.61 2.51
6.05 2.91
6.52 3.38
7.04 3.94
7.59 4.58
8.19 5.34
8.85 6.24
9.58 7.30
10.37 8.55
11.24 10.05
12.21 11.87
13.31 14.09
14.53 16.79
15.92 20.16
17.50 24.38
19.33 29.74
21.47 36.68
23.99 45.80
27.02 58.09
30.72 75.09
35.34 99.40
41.29 135.65
49.22 192.76
60.32 289.53
76.97 471.44
104.72 872.70
160.22 2042.82
326.73 8494.87
0.12 0.00
0.64 0.03
0.94 0.07
1.61 0.21
1.99 0.32
2.88 0.66
3.41 0.93
4.66 1.73
5.42 2.33
7.29 4.23
8.47 5.71
11.57 10.66
13.67 14.88
19.82 31.25
24.56 48.00
42.19 141.62
61.58 301.72
333.01 8824.73
0.12 0.00
0.24 0.00
0.36 0.01
0.49 0.02
0.77 0.05
0.92 0.07
1.07 0.09
1.23 0.12
1.75 0.24
1.95 0.30
2.14 0.37
2.58 0.53
2.81 0.63
3.05 0.74
3.32 0.88
3.88 1.20
4.52 1.62
4.86 1.88
5.64 2.53
6.06 2.92
6.52 3.38
7.01 3.91
8.12 5.24
8.74 6.08
10.17 8.23
11.91 11.28
12.92 13.28
14.04 15.69
15.32 18.67
18.40 26.95
20.30 32.80
22.51 40.33
32.11 82.07
36.91 108.43
43.08 147.71
51.31 209.54
80.11 510.71
108.91 943.84
166.50 2206.18
339.29 9160.88
0.11 0.00
0.36 0.01
0.62 0.03
1.20 0.11
1.53 0.19
1.90 0.29
2.30 0.42
2.74 0.60
3.23 0.83
4.38 1.53
5.06 2.04
5.85 2.72
6.75 3.62
7.79 4.83
9.02 6.47
12.23 11.91
14.41 16.53
17.17 23.47
20.78 34.38
25.70 52.58
32.81 85.67
64.09 326.85
111.01 980.56
345.58 9503.32
0.11 0.00
0.23 0.00
0.47 0.02
0.60 0.03
0.88 0.06
1.02 0.08
1.34 0.14
1.50 0.18
1.85 0.27
2.05 0.33
2.45 0.48
2.67 0.57
3.40 0.92
3.95 1.24
4.25 1.44
4.91 1.92
5.27 2.21
6.07 2.93
6.51 3.37
7.49 4.46
8.04 5.15
9.29 6.86
10.00 7.95
11.62 10.75
14.78 17.39
16.10 20.62
19.30 29.63
21.27 36.00
26.28 54.94
29.53 69.40
38.48 117.86
44.88 160.29
65.35 339.79
83.25 551.55
172.79 2375.83
351.86 9852.03
0.11 0.00
0.35 0.01
0.59 0.03
0.86 0.06
1.16 0.11
1.47 0.17
1.82 0.26
2.19 0.38
2.61 0.54
3.06 0.75
3.57 1.01
4.13 1.36
4.76 1.81
5.47 2.38
7.21 4.14
8.29 5.47
9.56 7.28
11.07 9.75
12.90 13.24
15.16 18.28
18.01 25.82
21.75 37.65
26.85 57.36
34.21 93.11
45.78 166.77
66.60 352.99
115.19 1055.89
358.14 10207.03
0.11 0.00
0.22 0.00
0.34 0.01
0.46 0.02
0.58 0.03
0.71 0.04
0.85 0.06
0.99 0.08
1.13 0.10
1.28 0.13
1.44 0.16
1.60 0.20
1.78 0.25
1.95 0.30
2.14 0.37
2.34 0.43
2.54 0.52
2.76 0.61
2.98 0.71
3.22 0.83
3.47 0.96
3.74 1.11
4.01 1.28
4.31 1.48
4.62 1.70
4.95 1.95
5.30 2.24
5.67 2.56
6.08 2.94
6.50 3.36
6.96 3.85
7.45 4.41
7.97 5.06
8.55 5.81
9.16 6.68
9.83 7.69
10.57 8.89
11.37 10.29
12.25 11.95
13.23 13.92
14.31 16.30
15.53 19.18
16.89 22.70
18.43 27.03
20.19 32.45
22.23 39.32
24.61 48.20
27.42 59.83
30.79 75.43
34.91 96.98
40.06 127.68
46.68 173.38
55.50 245.11
