0
0
0
0
0
0
0
0
0
1
11
111
1111
11111
111111
1111111
11111111
111111111111111
1111111111111111
11111111111111111111111111
111111111111111111111111111
1111111111111111111111111111
11111111111111111111111111111
1
10
100
1000
10000
100000
1000000
10000000
100000000
1000000000
10000000000
100000000000
1000000000000
10000000000000
100000000000000
1000000000000000
10000000000000000
100000000000000000
1000000000000000000
10000000000000000000
100000000000000000000
1000000000000000000000
10000000000000000000000
100000000000000000000000
1000000000000000000000000
10000000000000000000000000
100000000000000000000000000
1000000000000000000000000000
10000000000000000000000000000
100000000000000000000000000000
1
1
1
1
1
1010
1100100
1111101000
10
10
10
10100
11
11
11
11110
10001
1
1000100010001
100000001
100010001000100010001000100
10000000100000001000000
10010001
10000001
1001000100010001
1000000100000001
100100010001000100010001000100
100000010000000100000001000000
