3 8581
4 157
8 4521
9 8082
3 8773
3 2827
5 291
2 1584
7 6719
2 3519
6 448
3 9313
4 4233
6 4884
9 7312
5 1412
4 1706
2 4951
4 1813
9 5976
1 8501
2 3442
3 9297
6 3273
9 1500
2 9745
5 6018
8 9151
1 6293
7 13
3 2282
6 7633
4 2676
3 7583
6 7223
5 8165
1 9811
9 245
6 8254
9 8393
7 1462
2 5992
3 6180
3 374
8 6952
4 3168
6 6482
6 5626
2 8178
1 882
9 5497
7 4498
9 8063
7 2297
6 6541
3 5902
8 697
6 8203
4 6305
1 6546
8 8485
7 8861
9 9854
1 9730
2 7533
6 4576
3 4566
8 6708
6 1705
3 1435
8 8416
3 882
2 3612
1 1432
4 6051
6 7863
5 6946
7 7360
5 8779
4 713
9 9642
1 7473
1 1287
3 2484
7 506
1 2620
1 7398
3 4774
5 5332
8 9209
2 3300
3 9823
7 8435
2 8320
6 8661
8 8056
9 325
9 3497
7 1901
7 3540
6 5128
3 6974
4 2265
7 3372
7 7453
4 9056
4 7353
9 1302
5 3886
3 1532
6 9080
6 3319
5 6897
4 8176
6 7464
6 467
1 6801
7 7559
9 8085
8 2469
9 1732
7 6059
3 2339
6 8367
4 9554
5 5237
1 966
2 9974
1 392
3 1250
2 1051
7 8426
8 8889
4 1378
4 3203
3 1806
5 7432
7 2786
5 859
2 4169
4 7128
3 9668
4 9725
8 5225
2 9174
7 8116
5 5493
3 517
5 8535
9 3235
9 8380
8 1309
6 9538
9 2142
5 3887
7 4629
5 8248
2 5976
1 2085
8 3423
1 6943
4 6219
4 4468
2 888
7 7716
5 317
5 7400
3 8634
6 3181
7 1607
3 1836
4 9786
3 9366
9 2567
1 9043
3 7349
3 1823
6 946
7 7280
7 3336
5 7154
8 9033
5 8710
8 1894
1 7230
6 5450
4 2093
9 4483
3 2566
9 4269
1 1374
1 9779
9 6672
3 6160
4 8508
3 8018
9 7168
1 8525
9 8505
7 7796
1 5963
2 2059
1 7870
1 646
3 4337
4 8668
3 3897
7 7938
5 8629
4 9646
8 988
5 5125
5 9850
1 6831
9 7700
3 1519
2 4026
1 4258
9 367
3 6183
6 7700
3 2320
1 176
5 6248
1 6869
1 7625
7 1937
8 4185
2 1952
1 4295
7 2563
1 4141
9 8338
3 8524
1 3671
8 9907
6 2188
2 3405
2 368
4 3408
8 2120
8 4891
4 3808
6 57
2 2157
1 5484
9 800
9 3643
8 4127
8 4441
4 7554
5 5967
9 1485
2 2739
8 2924
4 9715
3 5749
3 9774
1 8530
5 3980
3 7985
5 8713
2 3417
7 9092
2 524
7 7966
9 6816
3 9000
8 9475
3 8443
2 4968
4 8198
5 2830
4 9602
5 7460
2 4873
7 1781
6 7967
8 2470
9 4935
1 1608
5 7597
2 9859
5 5139
5 5882
5 4709
3 1268
9 5752
2 133
7 3442
5 9839
8 1526
6 749
6 7215
2 2822
7 2850
2 7786
5 6353
8 6978
4 3470
8 1337
9 132
9 9778
3 1639
5 7358
1 482
8 7427
2 5825
4 1923
9 148
8 6903
7 8341
4 6415
8 869
4 6380
2 6969
1 553
7 2714
9 5427
3 5943
9 8492
7 7226
4 1460
2 6395
7 8035
4 1464
3 2496
3 3243
9 4523
4 5295
2 9500
3 3671
7 6527
7 6877
8 8278
9 9562
1 5565
5 9545
3 1161
3 622
9 1628
1 6271
7 7740
7 9518
3 2224
8 2531
2 3212
3 9059
9 7694
2 1142
8 4869
2 9376
3 9664
7 3797
8 2334
3 4264
1 6553
3 4573
7 8723
5 4685
1 1275
1 3896
6 5701
9 7380
3 8781
3 9494
2 9802
9 3605
1 3810
6 9622
7 1456
4 5828
2 155
4 7703
5 8091
5 7838
9 2430
7 7192
1 7525
3 425
7 1797
9 2969
5 6304
1 7097
6 6483
8 750
9 1407
5 7191
7 6205
5 716
6 6549
7 9394
7 4046
7 224
6 7751
8 1380
3 2071
2 3235
2 7642
3 7955
5 1237
6 2797
8 8666
9 157
6 4291
1 1811
5 8958
5 6485
2 4130
8 1195
9 3997
7 2518
8 5094
7 350
3 4578
9 8416
2 3615
3 8724
7 2662
2 9557
6 4883
4 9356
4 7822
8 5381
4 2638
5 8587
4 3342
1 1624
3 488
3 2494
1 3026
1 8386
6 1372
8 5030
4 9117
6 9199
4 8922
1 3388
6 5217
4 7106
7 8737
6 3966
1 8247
4 8695
1 3162
5 8932
5 5795
1 4685
4 3638
7 4871
5 9255
4 642
8 1747
3 5238
1 473
5 1582
3 663
7 9284
1 719
5 1259
1 4484
2 5520
5 3701
5 4179
8 1006
8 5952
4 9337
1 119
5 9555
4 1629
7 4263
3 4777
8 1987
3 7906
5 4964
6 5693
5 2507
5 7069
5 6624
2 1847
9 7742
7 5026
3 3272
4 3712
4 6601
5 2171
8 5639
4 9250
7 3925
6 5172
9 6919
6 5330
4 252
3 6750
5 896
2 6282
8 2148
8 6055
5 5701
4 2983
3 4146
8 875
4 7003
1 2588
3 7638
4 9772
4 496
9 1079
9 9369
5 7489
4 4474
6 4589
4 2368
2 5501
4 3829
9 7817
8 5284
7 9615
4 5464
7 3083
5 1384
2 5293
4 1430
4 6125
3 6587
9 3820
9 2578
1 6697
7 8510
7 8118
3 8137
4 9272
5 2242
6 6012
8 6412
7 370
4 6239
9 4845
7 1452
8 4640
2 1093
5 974
2 7607
5 61
2 2970
7 405
4 5511
2 1253
2 5204
7 2346
4 3225
3 6766
1 1173
5 4087
5 5392
4 9085
5 5570
2 3690
4 8436
6 3545
4 7950
7 5719
6 182
9 4123
1 6917
1 9349
9 6414
2 3423
1 2228
5 9045
7 5930
4 5145
2 3998
1 8818
3 4952
1 5555
5 4315
5 1386
1 3525
5 1559
4 1789
6 9761
7 1575
4 4054
9 498
9 3442
6 5824
7 8561
5 3651
2 7740
2 8556
1 180
9 6990
1 1553
2 8899
6 81
6 2050
7 9795
8 3601
9 5975
7 7209
5 1096
3 493
9 2193
6 2181
9 4635
9 4617
9 9116
5 9387
1 8263
6 7562
3 359
1 4280
3 7475
3 1411
4 7173
6 7989
1 9105
4 6787
8 7768
9 1091
3 5992
2 1410
2 204
3 9683
7 8160
5 5296
8 7412
8 490
4 200
1 818
9 5335
8 8655
4 4853
3 8000
3 9263
8 6514
9 2902
4 6620
1 152
2 2280
4 8183
2 4261
3 9082
7 5009
2 5093
6 208
6 5874
3 7216
6 1369
9 5709
9 328
9 4038
2 9939
1 7536
1 5735
5 206
8 748
5 1835
8 1521
9 6271
8 3963
8 5782
6 248
3 2729
8 9806
7 8031
2 7784
2 2286
5 3378
8 2058
7 9849
3 6192
6 4511
8 645
8 8504
4 2389
9 361
5 2857
7 6720
1 3395
5 5839
7 164
9 2993
3 4198
9 4294
5 9099
1 8280
8 5199
5 2532
7 3996
5 8288
5 2695
6 6555
3 770
4 9931
9 7782
7 434
7 8172
1 8282
5 928
7 896
6 5889
5 468
5 9577
8 6709
5 3210
2 5254
6 387
4 2746
6 4075
7 8743
7 2847
9 6663
9 9715
7 5139
7 4989
5 2032
3 3928
9 9804
6 3774
5 7316
8 5777
4 9120
9 1051
6 9706
3 3558
8 7470
7 3245
7 2747
4 3060
5 3157
8 8650
4 1225
2 2528
3 3849
8 2578
3 9003
4 7087
8 7524
7 3306
9 6823
8 9347
9 5382
3 7054
5 7186
2 680
4 436
9 8553
4 650
7 352
7 9945
7 301
7 3286
1 2067
7 123
9 5764
7 2230
7 7223
5 9534
5 311
1 3758
3 7587
3 9831
6 6469
8 4091
6 1714
8 5161
7 1298
2 3637
7 3014
9 1497
7 4387
5 2513
7 2300
2 5741
6 9019
6 4648
8 7268
9 4815
9 3966
8 8091
7 4641
6 1511
2 789
2 1876
8 2341
1 5155
3 28
9 4868
5 4928
8 5517
2 5030
6 3786
9 5832
6 7481
4 1509
5 4478
1 4343
7 4004
9 9587
5 6531
3 9353
4 7956
5 5678
4 7817
8 2530
9 1052
5 9071
4 4836
5 7926
4 7622
1 5519
3 3400
1 337
3 7738
3 3689
5 3774
7 4462
7 1003
4 290
3 1624
8 2154
4 5610
6 6426
8 8780
5 6881
9 7306
6 4947
2 9702
7 9080
5 1878
5 8808
9 9233
7 2969
8 4782
9 6010
2 4074
6 4004
3 8414
5 7923
5 3309
9 5141
7 8835
3 5265
8 4257
3 3047
6 7140
1 8583
5 462
6 742
3 3403
3 4370
9 1744
5 3712
6 957
3 8583
3 6808
5 9636
3 2744
2 1525
5 2565
8 342
6 1381
6 2413
1 9397
5 1825
5 7585
5 1857
1 5910
7 3595
7 5644
2 2789
8 2385
3 2346
2 4782
3 9903
7 1292
9 3774
7 9109
5 7965
9 943
9 7124
7 5029
4 7676
1 5052
2 482
7 6135
5 5120
1 9577
4 8498
4 6158
2 2289
1 9664
5 795
6 491
8 6605
4 8843
2 5450
6 5109
6 4347
5 5585
1 3595
5 7107
4 7855
9 7768
9 5441
5 7765
5 1321
8 4742
4 8563
7 9598
1 5933
3 6004
5 122
7 8525
5 5448
1 7384
1 6777
6 3363
8 5590
5 6233
7 6554
1 4464
6 3543
4 2163
3 4072
2 8882
5 763
4 8861
3 6403
8 5872
9 2710
1 1801
1 1187
4 2817
5 2604
3 883
2 4201
4 3422
4 1754
2 5007
3 7388
6 6710
2 848
6 216
9 2443
8 9046
9 8178
1 3735
8 6760
1 2537
6 6164
1 991
9 4519
3 5075
9 6106
2 3861
5 5084
2 6475
3 5515
7 8101
6 6253
7 3198
9 9238
9 5542
8 6597
7 4032
3 1738
3 3840
8 8089
9 2453
2 8608
1 9449
8 4868
8 6362
8 356
9 3000
4 1490
5 5841
7 8632
4 6935
2 7363
2 6451
8 7739
5 2822
9 8754
2 8196
5 4735
7 7005
9 1652
1 7151
7 3849
7 7746
9 6690
6 6036
3 4931
9 5979
8 8672
2 9017
1 6199
5 3605
4 6132
3 6251
6 1330
9 4345
5 4698
5 9208
6 2433
1 3016
5 704
9 3821
8 7549
1 4621
8 3732
3 9196
1 3136
8 2544
2 2094
2 9357
2 9299
5 5645
4 5566
4 8180
5 1526
8 6392
2 7136
3 1328
8 3409
8 4259
6 1734
9 2226
9 8523
6 1137
5 4723
1 6589
3 1442
6 1119
9 1592
2 4440
1 1349
2 6736
8 9885
4 7716
2 3854
7 7418
6 9702
2 5664
1 6384
7 4903
4 4337
5 6110
2 6436
4 3208
5 8688
4 691
1 5263
7 9247
8 6017
1 4687
4 5738
8 6323
3 1666
4 8620
2 3020
4 429
9 3003
6 1551
5 4658
9 2955
2 6760
1 3320
9 7712
9 1581
5 4605
2 7091
9 8001
9 3509
3 944
9 6044
