? 20 0 20
20 60 00 ?
020 020 010 ?
? 20 010 60
20 020 10 ?
? 00 00 20
10 ? 00 20
60 010 ? 060
060 ? 10 60
? 010 10 010
60 020 20 ?
? 020 020 60
060 ? 00 060
? 020 20 020
20 10 ? 20
00 ? 00 10
020 60 00 ?
0 20 ? 20
10 60 00 ?
020 010 0 ?
60 60 010 ?
0 00 ? 0
060 20 0 ?
20 060 ? 60
20 10 0 ?
0 20 00 ?
? 20 020 020
0 ? 00 10
10 0 ? 10
0 ? 00 20
10 ? 10 10
0 ? 0 010
010 010 00 ?
60 060 060 ?
? 010 00 020
020 ? 20 60
? 0 00 00
10 ? 10 060
010 ? 00 60
060 60 ? 60
? 20 10 060
? 0 0 60
0 ? 0 020
020 020 ? 20
10 ? 010 010
? 60 020 60
00 ? 0 010
010 20 10 ?
60 ? 10 060
? 060 060 60
? 00 0 10
? 010 010 010
020 060 00 ?
020 ? 00 60
060 ? 60 60
20 20 ? 020
020 ? 010 60
10 ? 10 020
? 10 10 060
020 060 ? 060
? 020 010 60
060 060 60 ?
010 10 00 ?
010 ? 10 010
? 10 0 20
020 060 ? 60
60 ? 00 060
60 20 020 ?
10 ? 00 060
10 010 10 ?
? 10 0 020
20 ? 10 060
20 20 0 ?
60 020 0 ?
060 ? 60 060
? 60 060 060
060 060 20 ?
010 ? 010 10
060 ? 00 60
010 ? 00 010
60 020 ? 60
? 0 0 0
060 ? 0 060
0 20 ? 020
60 60 020 ?
00 20 00 ?
060 60 020 ?
10 ? 010 10
010 10 10 ?
20 10 00 ?
10 0 0 ?
0 ? 00 010
? 20 0 60
60 60 60 ?
60 060 020 ?
020 ? 020 60
10 00 00 ?
60 ? 20 60
00 0 ? 00
? 0 00 10
20 60 0 ?
020 10 ? 020
? 020 020 020
00 20 ? 020
20 20 10 ?
10 020 10 ?
020 010 ? 020
010 60 ? 060
0 ? 0 10
00 00 ? 0
10 60 010 ?
0 20 0 ?
10 ? 0 60
20 060 10 ?
? 10 0 60
10 60 ? 060
020 060 010 ?
010 60 10 ?
60 60 ? 60
010 020 ? 20
020 010 010 ?
0 0 0 ?
00 60 00 ?
010 ? 010 060
60 ? 0 60
020 20 0 ?
060 20 10 ?
10 0 ? 010
60 060 0 ?
060 20 020 ?
00 ? 00 60
10 ? 0 020
10 20 010 ?
60 ? 060 060
10 60 10 ?
060 60 00 ?
60 00 0 ?
060 060 10 ?
20 ? 00 020
20 060 0 ?
010 020 10 ?
020 060 020 ?
60 60 10 ?
020 10 00 ?
20 010 00 ?
010 ? 10 020
0 ? 00 00
020 10 ? 20
60 060 010 ?
010 60 00 ?
60 10 0 ?
10 ? 010 20
020 060 20 ?
20 ? 20 060
00 0 00 ?
? 10 00 10
060 060 00 ?
? 00 00 020
010 ? 10 20
? 060 020 060
60 60 ? 060
? 00 00 60
020 060 10 ?
00 ? 0 020
? 020 20 60
20 ? 10 020
60 00 00 ?
? 020 0 20
00 00 ? 00
60 060 00 ?
010 010 010 ?
60 010 10 ?
10 ? 0 060
? 20 20 020
? 0 0 00
60 010 0 ?
60 00 ? 060
060 060 010 ?
20 0 ? 20
20 ? 00 20
20 060 00 ?
60 20 20 ?
20 ? 010 20
? 020 10 060
20 60 010 ?
00 10 00 ?
060 060 020 ?
? 00 00 010
60 ? 010 060
? 060 020 60
60 20 ? 60
20 ? 20 20
020 60 20 ?
? 060 60 060
00 ? 0 10
20 020 00 ?
? 020 20 060
010 ? 0 060
20 ? 00 060
00 ? 00 010
? 020 0 060
60 20 ? 060
020 ? 20 060
020 ? 010 20
00 ? 00 00
? 020 0 60
020 ? 010 020
20 ? 0 020
20 ? 10 20
60 ? 0 060
00 20 0 ?
? 10 00 20
20 60 ? 060
0 60 00 ?
020 020 0 ?
? 020 0 020
10 020 010 ?
020 60 020 ?
? 10 010 020
010 ? 10 10
? 060 00 60
0 0 ? 00
010 020 00 ?
010 ? 010 020
10 ? 10 010
00 10 ? 10
? 10 10 20
060 60 60 ?
0 10 00 ?
? 020 00 060
? 60 20 60
0 00 0 ?
20 60 020 ?
10 ? 00 10
? 010 010 060
? 10 10 60
010 ? 0 10
020 020 00 ?
? 60 60 60
060 020 20 ?
010 20 ? 020
020 ? 0 20
60 ? 060 60
20 ? 020 060
020 ? 10 20
60 ? 010 60
? 060 010 60
10 20 00 ?
60 010 00 ?
? 60 060 60
020 ? 0 060
00 10 0 ?
060 ? 020 60
? 060 060 060
010 ? 0 020
60 20 00 ?
? 020 00 20
060 020 0 ?
? 010 00 10
20 20 20 ?
? 0 0 20
? 020 20 20
60 060 60 ?
? 10 010 60
? 0 0 060
10 ? 010 60
60 20 0 ?
020 020 ? 020
? 010 0 020
? 20 10 60
00 10 ? 010
? 020 020 060
020 010 10 ?
? 020 010 020
10 00 ? 010
10 010 ? 010
10 10 10 ?
00 ? 0 20
? 20 020 20
? 010 0 060
? 10 10 010
00 ? 00 060
010 ? 00 20
0 60 0 ?
? 020 00 020
? 010 0 20
020 60 0 ?
20 060 020 ?
0 ? 0 0
? 60 10 60
060 20 ? 060
010 ? 010 20
060 60 20 ?
10 60 0 ?
20 ? 00 60
10 10 00 ?
10 20 ? 020
60 010 ? 60
010 ? 0 60
? 60 010 060
60 ? 60 60
? 010 00 20
60 ? 020 060
010 ? 00 10
? 010 10 10
020 010 ? 20
? 10 00 60
060 ? 020 060
10 ? 00 020
? 60 0 060
? 0 00 60
00 ? 0 60
060 020 ? 60
10 ? 10 60
? 60 0 60
? 20 0 020
60 60 20 ?
? 060 20 060
10 20 ? 20
00 ? 0 0
60 060 ? 60
60 060 ? 060
? 00 0 60
? 10 10 10
020 10 010 ?
20 ? 20 60
? 20 00 020
20 20 010 ?
010 010 0 ?
? 10 010 010
60 20 010 ?
? 020 010 20
00 00 0 ?
020 020 20 ?
? 20 20 060
60 ? 10 60
020 60 ? 60
? 20 020 060
060 ? 010 60
? 060 20 60
060 ? 20 060
0 ? 00 60
060 60 ? 060
00 0 ? 0
020 060 0 ?
10 ? 0 20
010 ? 00 020
20 020 0 ?
10 ? 00 010
? 10 010 10
060 060 060 ?
20 010 0 ?
00 ? 0 00
20 60 20 ?
020 ? 020 020
20 ? 010 020
? 20 20 60
020 ? 10 020
? 010 0 60
20 10 ? 020
? 00 00 0
? 10 010 20
? 010 010 60
020 20 ? 020
? 00 0 00
? 0 00 010
00 ? 00 20
10 ? 010 060
0 ? 0 060
? 010 10 20
0 60 ? 060
060 60 0 ?
20 020 010 ?
020 20 020 ?
? 60 10 060
060 020 10 ?
20 ? 010 060
020 ? 10 060
020 60 010 ?
20 060 20 ?
010 20 ? 20
10 0 00 ?
060 60 010 ?
20 020 020 ?
20 0 0 ?
20 60 10 ?
? 00 0 060
? 20 010 060
20 10 10 ?
60 ? 00 60
020 ? 00 020
0 ? 00 020
10 010 0 ?
20 ? 0 20
20 060 ? 060
0 ? 0 60
60 0 00 ?
010 10 0 ?
60 ? 60 060
10 020 00 ?
010 20 010 ?
20 ? 020 020
? 20 00 60
010 20 00 ?
010 10 ? 10
10 10 ? 010
0 00 ? 00
? 60 00 060
20 20 ? 20
060 020 ? 060
60 010 010 ?
020 ? 00 060
010 020 0 ?
10 10 ? 020
20 ? 0 60
20 00 ? 20
? 00 0 20
20 ? 20 020
20 00 ? 020
0 10 0 ?
00 ? 0 060
? 20 020 60
10 10 ? 20
? 020 10 60
20 010 010 ?
010 ? 010 60
020 020 020 ?
60 020 00 ?
0 10 ? 10
? 010 00 060
20 00 00 ?
? 020 10 020
020 10 0 ?
60 10 ? 060
? 10 10 020
60 10 10 ?
? 20 10 020
10 60 ? 60
060 ? 0 60
20 020 20 ?
10 ? 10 20
? 020 020 20
60 0 ? 60
? 010 10 60
010 010 ? 010
0 ? 0 20
? 20 010 020
10 ? 0 10
020 20 00 ?
? 060 0 060
010 10 010 ?
60 60 00 ?
20 020 ? 020
20 ? 020 20
10 ? 00 60
10 00 ? 10
10 010 00 ?
? 60 010 60
0 ? 0 00
20 020 ? 20
00 60 0 ?
? 20 0 060
20 ? 0 060
020 20 ? 20
060 60 060 ?
20 ? 010 60
0 ? 00 060
? 20 00 20
? 0 00 020
010 ? 010 010
020 20 20 ?
20 20 020 ?
? 0 0 10
60 10 010 ?
? 10 010 060
10 10 010 ?
60 020 ? 060
? 0 00 0
? 10 0 060
? 10 0 10
020 ? 0 020
? 060 010 060
? 00 00 00
00 60 ? 060
10 20 0 ?
? 10 00 020
10 020 0 ?
? 20 00 060
? 010 10 020
60 0 ? 060
10 010 ? 10
020 010 00 ?
60 ? 20 060
60 20 10 ?
020 ? 020 20
020 20 10 ?
? 60 20 060
? 060 0 60
20 0 ? 020
? 060 10 60
? 20 20 20
010 ? 00 060
020 ? 010 060
? 20 010 20
010 ? 0 20
? 010 0 010
60 020 020 ?
010 ? 10 60
20 ? 020 60
010 60 ? 60
060 20 20 ?
060 ? 10 060
060 060 ? 060
060 020 010 ?
020 60 ? 060
0 60 ? 60
0 0 ? 0
010 020 010 ?
20 010 10 ?
? 010 00 010
? 00 0 0
020 20 010 ?
20 10 010 ?
20 060 010 ?
? 60 60 060
? 020 10 20
10 10 ? 10
010 ? 0 010
020 ? 20 20
020 10 10 ?
060 ? 010 060
? 00 0 020
60 020 010 ?
? 10 00 010
010 020 ? 020
060 20 00 ?
060 20 010 ?
? 010 010 020
? 010 010 20
? 60 020 060
10 020 ? 020
020 ? 0 60
10 ? 0 010
0 0 00 ?
010 ? 10 060
00 ? 00 020
? 060 60 60
10 ? 010 020
? 0 0 010
10 20 10 ?
? 00 00 060
60 ? 020 60
? 10 0 010
00 00 00 ?
? 0 00 20
20 00 0 ?
10 010 010 ?
0 10 ? 010
? 020 010 060
0 ? 00 0
60 060 10 ?
10 020 ? 20
60 0 0 ?
060 060 ? 60
? 060 10 060
060 ? 20 60
00 0 0 ?
20 010 ? 020
060 020 00 ?
? 00 00 10
010 010 10 ?
60 00 ? 60
20 0 00 ?
10 10 0 ?
060 ? 060 060
? 010 010 10
00 20 ? 20
010 10 ? 010
? 0 0 020
060 60 10 ?
? 20 10 20
060 ? 060 60
010 010 ? 10
60 10 ? 60
? 010 00 60
10 00 0 ?
60 060 20 ?
? 020 00 60
20 20 00 ?
060 020 020 ?
010 60 0 ?
? 0 00 060
010 20 0 ?
020 020 10 ?
60 60 060 ?
60 60 0 ?
00 ? 00 0
0 00 00 ?
? 010 0 10
060 060 0 ?
00 60 ? 60
20 ? 10 60
60 10 00 ?
060 20 ? 60
020 ? 10 60
020 ? 00 20
? 060 00 060
020 60 10 ?
? 010 10 060
020 ? 20 020
? 10 00 060
20 010 ? 20
60 020 10 ?
? 60 00 60
20 60 ? 60
020 ? 020 060
010 60 010 ?
? 00 0 010
