0
80
30
50
30
20
10
10
10
10
60
60
0
20
10
10
80
0
70
30
110
0
80
20
30
20
20
10
0
20
10
10
20
60
10
60
0
60
50
60
50
60
20
20
10
20
10
20
10
60
10
10
80
40
60
20
50
20
60
20
50
60
20
10
10
20
0
60
50
10
10
50
40
80
60
60
100
10
0
0
20
0
0
0
100
20
100
10
10
30
10
10
40
60
100
60
10
20
0
10
80
10
20
0
30
20
10
10
10
0
60
20
50
70
50
10
70
60
60
10
20
0
60
60
0
40
70
0
120
60
60
10
20
60
60
120
60
110
0
80
20
60
110
30
30
20
0
10
110
70
70
20
60
60
0
0
120
20
20
20
60
60
70
20
60
10
60
0
0
120
10
60
50
20
0
70
0
110
0
0
80
60
10
50
70
10
100
10
10
20
20
20
60
60
10
40
60
50
40
10
40
20
60
10
0
40
10
0
10
0
20
10
20
60
40
0
20
60
20
10
0
0
30
20
10
0
20
60
10
40
20
0
60
0
60
60
0
40
60
60
10
0
60
60
10
10
10
30
70
60
40
10
20
60
10
80
0
80
0
20
20
20
60
60
60
60
80
20
10
50
0
60
20
10
0
10
10
20
20
50
10
60
10
60
0
10
80
60
0
10
20
20
100
70
40
20
10
10
50
10
60
10
20
0
10
10
50
20
10
0
60
60
20
60
0
0
100
20
10
0
60
60
60
10
20
60
0
30
20
10
70
10
0
20
60
10
20
60
10
20
20
60
60
0
80
10
10
40
0
10
60
30
0
60
20
10
60
10
50
10
0
20
60
20
0
10
20
60
60
20
0
120
30
20
10
70
50
50
70
60
10
10
110
20
20
70
60
50
20
0
0
20
20
0
20
60
60
20
60
30
20
20
40
30
10
10
0
0
20
20
60
40
30
0
40
0
20
20
0
10
60
60
0
50
20
60
20
80
0
50
20
10
30
10
20
60
10
10
0
20
20
20
0
60
10
20
10
0
40
0
10
120
20
20
50
0
20
10
0
20
60
40
40
20
60
50
60
0
20
10
20
20
10
60
60
10
20
0
50
0
0
10
0
0
30
10
30
40
20
0
10
30
20
70
20
30
20
0
0
10
20
50
50
10
10
0
60
60
60
10
60
10
60
70
20
0
0
20
20
0
0
30
20
70
60
10
10
0
20
20
10
20
70
0
10
80
70
20
20
20
10
40
0
0
60
20
60
20
10
20
60
20
0
0
20
20
10
0
50
0
110
10
60
60
10
20
0
10
80
10
10
0
20
20
60
10
0
10
20
110
10
60
10
10
50
10
100
40
40
60
70
60
30
30
60
120
0
0
0
120
0
50
70
20
50
0
0
70
60
20
50
10
70
0
20
60
60
10
