0 0
0 1
0 2
0 3
0 4
0 5
0 6
0 7
0 8
0 9
0 10
0 11
0 12
0 60
0 360
0 1080
0 5040
0 10080
0 10
0 100
0 1000
0 10000
0 100000
0 99
0 999
0 9999
0 99999
1 0
1 1
1 2
1 3
1 4
1 5
1 6
1 7
1 8
1 9
1 10
1 11
1 12
1 60
1 360
1 1080
1 5040
1 10080
1 10
1 100
1 1000
1 10000
1 100000
1 99
1 999
1 9999
1 99999
2 0
2 1
2 2
2 3
2 4
2 5
2 6
2 7
2 8
2 9
2 10
2 11
2 12
2 60
2 360
2 1080
2 5040
2 10080
2 10
2 100
2 1000
2 10000
2 100000
2 99
2 999
2 9999
2 99999
3 0
3 1
3 2
3 3
3 4
3 5
3 6
3 7
3 8
3 9
3 10
3 11
3 12
3 60
3 360
3 1080
3 5040
3 10080
3 10
3 100
3 1000
3 10000
3 100000
3 99
3 999
3 9999
3 99999
4 0
4 1
4 2
4 3
4 4
4 5
4 6
4 7
4 8
4 9
4 10
4 11
4 12
4 60
4 360
4 1080
4 5040
4 10080
4 10
4 100
4 1000
4 10000
4 100000
4 99
4 999
4 9999
4 99999
5 0
5 1
5 2
5 3
5 4
5 5
5 6
5 7
5 8
5 9
5 10
5 11
5 12
5 60
5 360
5 1080
5 5040
5 10080
5 10
5 100
5 1000
5 10000
5 100000
5 99
5 999
5 9999
5 99999
6 0
6 1
6 2
6 3
6 4
6 5
6 6
6 7
6 8
6 9
6 10
6 11
6 12
6 60
6 360
6 1080
6 5040
6 10080
6 10
6 100
6 1000
6 10000
6 100000
6 99
6 999
6 9999
6 99999
7 0
7 1
7 2
7 3
7 4
7 5
7 6
7 7
7 8
7 9
7 10
7 11
7 12
7 60
7 360
7 1080
7 5040
7 10080
7 10
7 100
7 1000
7 10000
7 100000
7 99
7 999
7 9999
7 99999
8 0
8 1
8 2
8 3
8 4
8 5
8 6
8 7
8 8
8 9
8 10
8 11
8 12
8 60
8 360
8 1080
8 5040
8 10080
8 10
8 100
8 1000
8 10000
8 100000
8 99
8 999
8 9999
8 99999
9 0
9 1
9 2
9 3
9 4
9 5
9 6
9 7
9 8
9 9
9 10
9 11
9 12
9 60
9 360
9 1080
9 5040
9 10080
9 10
9 100
9 1000
9 10000
9 100000
9 99
9 999
9 9999
9 99999
10 0
10 1
10 2
10 3
10 4
10 5
10 6
10 7
10 8
10 9
10 10
10 11
10 12
10 60
10 360
10 1080
10 5040
10 10080
10 10
10 100
10 1000
10 10000
10 100000
10 99
10 999
10 9999
10 99999
11 0
11 1
11 2
11 3
11 4
11 5
11 6
11 7
11 8
11 9
11 10
11 11
11 12
11 60
11 360
11 1080
11 5040
11 10080
11 10
11 100
11 1000
11 10000
11 100000
11 99
11 999
11 9999
11 99999
12 0
12 1
12 2
12 3
12 4
12 5
12 6
12 7
12 8
12 9
12 10
12 11
12 12
12 60
12 360
12 1080
12 5040
12 10080
12 10
12 100
12 1000
12 10000
12 100000
12 99
12 999
12 9999
12 99999
60 0
60 1
60 2
60 3
60 4
60 5
60 6
60 7
60 8
60 9
60 10
60 11
60 12
60 60
60 360
60 1080
60 5040
60 10080
60 10
60 100
60 1000
60 10000
60 100000
60 99
60 999
60 9999
60 99999
360 0
360 1
360 2
360 3
360 4
360 5
360 6
360 7
360 8
360 9
360 10
360 11
360 12
360 60
360 360
360 1080
360 5040
360 10080
360 10
360 100
360 1000
360 10000
360 100000
360 99
360 999
360 9999
360 99999
1080 0
1080 1
1080 2
1080 3
1080 4
1080 5
1080 6
1080 7
1080 8
1080 9
1080 10
1080 11
1080 12
1080 60
1080 360
1080 1080
1080 5040
1080 10080
1080 10
1080 100
1080 1000
1080 10000
1080 100000
1080 99
1080 999
1080 9999
1080 99999
5040 0
5040 1
5040 2
5040 3
5040 4
5040 5
5040 6
5040 7
5040 8
5040 9
5040 10
5040 11
5040 12
5040 60
5040 360
5040 1080
5040 5040
5040 10080
5040 10
5040 100
5040 1000
5040 10000
5040 100000
5040 99
5040 999
5040 9999
5040 99999
10080 0
10080 1
10080 2
10080 3
10080 4
10080 5
10080 6
10080 7
10080 8
10080 9
10080 10
10080 11
10080 12
10080 60
10080 360
10080 1080
10080 5040
10080 10080
10080 10
10080 100
10080 1000
10080 10000
10080 100000
10080 99
10080 999
10080 9999
10080 99999
10 0
10 1
10 2
10 3
10 4
10 5
10 6
10 7
10 8
10 9
10 10
10 11
10 12
10 60
10 360
10 1080
10 5040
10 10080
10 10
10 100
10 1000
10 10000
10 100000
10 99
10 999
10 9999
10 99999
100 0
100 1
100 2
100 3
100 4
100 5
100 6
100 7
100 8
100 9
100 10
100 11
100 12
100 60
100 360
100 1080
100 5040
100 10080
100 10
100 100
100 1000
100 10000
100 100000
100 99
100 999
100 9999
100 99999
1000 0
1000 1
1000 2
1000 3
1000 4
1000 5
1000 6
1000 7
1000 8
1000 9
1000 10
1000 11
1000 12
1000 60
1000 360
1000 1080
1000 5040
1000 10080
1000 10
1000 100
1000 1000
1000 10000
1000 100000
1000 99
1000 999
1000 9999
1000 99999
10000 0
10000 1
10000 2
10000 3
10000 4
10000 5
10000 6
10000 7
10000 8
10000 9
10000 10
10000 11
10000 12
10000 60
10000 360
10000 1080
10000 5040
10000 10080
10000 10
10000 100
10000 1000
10000 10000
10000 100000
10000 99
10000 999
10000 9999
10000 99999
100000 0
100000 1
100000 2
100000 3
100000 4
100000 5
100000 6
100000 7
100000 8
100000 9
100000 10
100000 11
100000 12
100000 60
100000 360
100000 1080
100000 5040
100000 10080
100000 10
100000 100
100000 1000
100000 10000
100000 100000
100000 99
100000 999
100000 9999
100000 99999
99 0
99 1
99 2
99 3
99 4
99 5
99 6
99 7
99 8
99 9
99 10
99 11
99 12
99 60
99 360
99 1080
99 5040
99 10080
99 10
99 100
99 1000
99 10000
99 100000
99 99
99 999
99 9999
99 99999
999 0
999 1
999 2
999 3
999 4
999 5
999 6
999 7
999 8
999 9
999 10
999 11
999 12
999 60
999 360
999 1080
999 5040
999 10080
999 10
999 100
999 1000
999 10000
999 100000
999 99
999 999
999 9999
999 99999
9999 0
9999 1
9999 2
9999 3
9999 4
9999 5
9999 6
9999 7
9999 8
9999 9
9999 10
9999 11
9999 12
9999 60
9999 360
9999 1080
9999 5040
9999 10080
9999 10
9999 100
9999 1000
9999 10000
9999 100000
9999 99
9999 999
9999 9999
9999 99999
99999 0
99999 1
99999 2
99999 3
99999 4
99999 5
99999 6
99999 7
99999 8
99999 9
99999 10
99999 11
99999 12
99999 60
99999 360
99999 1080
99999 5040
99999 10080
99999 10
99999 100
99999 1000
99999 10000
99999 100000
99999 99
99999 999
99999 9999
99999 99999
