0
0
1
2
3
4
5
6
7
8
9
10
11
12
60
360
1080
5040
10080
10
100
1000
10000
100000
99
999
9999
99999
1
2
3
4
5
6
7
8
9
10
11
12
13
61
361
1081
5041
10081
11
101
1001
10001
100001
100
1000
10000
100000
2
3
4
5
6
7
8
9
10
11
12
13
14
62
362
1082
5042
10082
12
102
1002
10002
100002
101
1001
10001
100001
3
4
5
6
7
8
9
10
11
12
13
14
15
63
363
1083
5043
10083
13
103
1003
10003
100003
102
1002
10002
100002
4
5
6
7
8
9
10
11
12
13
14
15
16
64
364
1084
5044
10084
14
104
1004
10004
100004
103
1003
10003
100003
5
6
7
8
9
10
11
12
13
14
15
16
17
65
365
1085
5045
10085
15
105
1005
10005
100005
104
1004
10004
100004
6
7
8
9
10
11
12
13
14
15
16
17
18
66
366
1086
5046
10086
16
106
1006
10006
100006
105
1005
10005
100005
7
8
9
10
11
12
13
14
15
16
17
18
19
67
367
1087
5047
10087
17
107
1007
10007
100007
106
1006
10006
100006
8
9
10
11
12
13
14
15
16
17
18
19
20
68
368
1088
5048
10088
18
108
1008
10008
100008
107
1007
10007
100007
9
10
11
12
13
14
15
16
17
18
19
20
21
69
369
1089
5049
10089
19
109
1009
10009
100009
108
1008
10008
100008
10
11
12
13
14
15
16
17
18
19
20
21
22
70
370
1090
5050
10090
20
110
1010
10010
100010
109
1009
10009
100009
11
12
13
14
15
16
17
18
19
20
21
22
23
71
371
1091
5051
10091
21
111
1011
10011
100011
110
1010
10010
100010
12
13
14
15
16
17
18
19
20
21
22
23
24
72
372
1092
5052
10092
22
112
1012
10012
100012
111
1011
10011
100011
60
61
62
63
64
65
66
67
68
69
70
71
72
120
420
1140
5100
10140
70
160
1060
10060
100060
159
1059
10059
100059
360
361
362
363
364
365
366
367
368
369
370
371
372
420
720
1440
5400
10440
370
460
1360
10360
100360
459
1359
10359
100359
1080
1081
1082
1083
1084
1085
1086
1087
1088
1089
1090
1091
1092
1140
1440
2160
6120
11160
1090
1180
2080
11080
101080
1179
2079
11079
101079
5040
5041
5042
5043
5044
5045
5046
5047
5048
5049
5050
5051
5052
5100
5400
6120
10080
15120
5050
5140
6040
15040
105040
5139
6039
15039
105039
10080
10081
10082
10083
10084
10085
10086
10087
10088
10089
10090
10091
10092
10140
10440
11160
15120
20160
10090
10180
11080
20080
110080
10179
11079
20079
110079
10
11
12
13
14
15
16
17
18
19
20
21
22
70
370
1090
5050
10090
20
110
1010
10010
100010
109
1009
10009
100009
100
101
102
103
104
105
106
107
108
109
110
111
112
160
460
1180
5140
10180
110
200
1100
10100
100100
199
1099
10099
100099
1000
1001
1002
1003
1004
1005
1006
1007
1008
1009
1010
1011
1012
1060
1360
2080
6040
11080
1010
1100
2000
11000
101000
1099
1999
10999
100999
10000
10001
10002
10003
10004
10005
10006
10007
10008
10009
10010
10011
10012
10060
10360
11080
15040
20080
10010
10100
11000
20000
110000
10099
10999
19999
109999
100000
100001
100002
100003
100004
100005
100006
100007
100008
100009
100010
100011
100012
100060
100360
101080
105040
110080
100010
100100
101000
110000
200000
100099
100999
109999
199999
99
100
101
102
103
104
105
106
107
108
109
110
111
159
459
1179
5139
10179
109
199
1099
10099
100099
198
1098
10098
100098
999
1000
1001
1002
1003
1004
1005
1006
1007
1008
1009
1010
1011
1059
1359
2079
6039
11079
1009
1099
1999
10999
100999
1098
1998
10998
100998
9999
10000
10001
10002
10003
10004
10005
10006
10007
10008
10009
10010
10011
10059
10359
11079
15039
20079
10009
10099
10999
19999
109999
10098
10998
19998
109998
99999
100000
100001
100002
100003
100004
100005
100006
100007
100008
100009
100010
100011
100059
100359
101079
105039
110079
100009
100099
100999
109999
199999
100098
100998
109998
199998
