0 36 10
the 36 10
quick 36 10
brown 36 10
fox 36 10
jumps 36 10
over 36 10
the 36 10
lazy 36 10
dog 36 10
123 36 10
456 36 10
789 36 10
0 36 2
the 36 2
quick 36 2
brown 36 2
fox 36 2
jumps 36 2
over 36 2
the 36 2
lazy 36 2
dog 36 2
123 36 2
456 36 2
789 36 2
00 36 10
0the 36 10
0quick 36 10
0brown 36 10
0fox 36 10
0jumps 36 10
0over 36 10
0the 36 10
0lazy 36 10
0dog 36 10
0123 36 10
0456 36 10
0789 36 10
00 36 2
0the 36 2
0quick 36 2
0brown 36 2
0fox 36 2
0jumps 36 2
0over 36 2
0the 36 2
0lazy 36 2
0dog 36 2
0123 36 2
0456 36 2
0789 36 2
0 2 2
1 2 2
10 2 2
11 2 2
101 2 2
111 2 2
1011 2 2
1101 2 2
10001 2 2
0 3 3
1 3 3
2 3 3
10 3 3
12 3 3
21 3 3
102 3 3
111 3 3
122 3 3
0 4 4
1 4 4
2 4 4
3 4 4
11 4 4
13 4 4
23 4 4
31 4 4
101 4 4
0 5 5
1 5 5
2 5 5
3 5 5
10 5 5
12 5 5
21 5 5
23 5 5
32 5 5
0 6 6
1 6 6
2 6 6
3 6 6
5 6 6
11 6 6
15 6 6
21 6 6
25 6 6
0 7 7
1 7 7
2 7 7
3 7 7
5 7 7
10 7 7
14 7 7
16 7 7
23 7 7
0 8 8
1 8 8
2 8 8
3 8 8
5 8 8
7 8 8
13 8 8
15 8 8
21 8 8
0 9 9
1 9 9
2 9 9
3 9 9
5 9 9
7 9 9
12 9 9
14 9 9
18 9 9
0 10 10
1 10 10
2 10 10
3 10 10
5 10 10
7 10 10
11 10 10
13 10 10
17 10 10
0 11 11
1 11 11
2 11 11
3 11 11
5 11 11
7 11 11
10 11 11
12 11 11
16 11 11
0 12 12
1 12 12
2 12 12
3 12 12
5 12 12
7 12 12
b 12 12
11 12 12
15 12 12
0 13 13
1 13 13
2 13 13
3 13 13
5 13 13
7 13 13
b 13 13
10 13 13
14 13 13
0 14 14
1 14 14
2 14 14
3 14 14
5 14 14
7 14 14
b 14 14
d 14 14
13 14 14
0 15 15
1 15 15
2 15 15
3 15 15
5 15 15
7 15 15
b 15 15
d 15 15
12 15 15
0 16 16
1 16 16
2 16 16
3 16 16
5 16 16
7 16 16
b 16 16
d 16 16
11 16 16
0 17 17
1 17 17
2 17 17
3 17 17
5 17 17
7 17 17
b 17 17
d 17 17
10 17 17
0 18 18
1 18 18
2 18 18
3 18 18
5 18 18
7 18 18
b 18 18
d 18 18
h 18 18
0 19 19
1 19 19
2 19 19
3 19 19
5 19 19
7 19 19
b 19 19
d 19 19
h 19 19
0 20 20
1 20 20
2 20 20
3 20 20
5 20 20
7 20 20
b 20 20
d 20 20
h 20 20
0 21 21
1 21 21
2 21 21
3 21 21
5 21 21
7 21 21
b 21 21
d 21 21
h 21 21
0 22 22
1 22 22
2 22 22
3 22 22
5 22 22
7 22 22
b 22 22
d 22 22
h 22 22
0 23 23
1 23 23
2 23 23
3 23 23
5 23 23
7 23 23
b 23 23
d 23 23
h 23 23
0 24 24
1 24 24
2 24 24
3 24 24
5 24 24
7 24 24
b 24 24
d 24 24
h 24 24
0 25 25
1 25 25
2 25 25
3 25 25
5 25 25
7 25 25
b 25 25
d 25 25
h 25 25
0 26 26
1 26 26
2 26 26
3 26 26
5 26 26
7 26 26
b 26 26
d 26 26
h 26 26
0 27 27
1 27 27
2 27 27
3 27 27
5 27 27
7 27 27
b 27 27
d 27 27
h 27 27
0 28 28
1 28 28
2 28 28
3 28 28
5 28 28
7 28 28
b 28 28
d 28 28
h 28 28
0 29 29
1 29 29
2 29 29
3 29 29
5 29 29
7 29 29
b 29 29
d 29 29
h 29 29
0 30 30
1 30 30
2 30 30
3 30 30
5 30 30
7 30 30
b 30 30
d 30 30
h 30 30
0 31 31
1 31 31
2 31 31
3 31 31
5 31 31
7 31 31
b 31 31
d 31 31
h 31 31
0 32 32
1 32 32
2 32 32
3 32 32
5 32 32
7 32 32
b 32 32
d 32 32
h 32 32
0 33 33
1 33 33
2 33 33
3 33 33
5 33 33
7 33 33
b 33 33
d 33 33
h 33 33
0 34 34
1 34 34
2 34 34
3 34 34
5 34 34
7 34 34
b 34 34
d 34 34
h 34 34
0 35 35
1 35 35
2 35 35
3 35 35
5 35 35
7 35 35
b 35 35
d 35 35
h 35 35
0 36 36
1 36 36
2 36 36
3 36 36
5 36 36
7 36 36
b 36 36
d 36 36
h 36 36
0 2 2
1 2 2
0 2 3
1 2 3
0 2 6
1 2 6
0 2 10
1 2 10
0 2 12
1 2 12
0 2 16
1 2 16
0 2 30
1 2 30
0 2 36
1 2 36
0 3 2
1 3 2
0 3 3
1 3 3
0 3 6
1 3 6
0 3 10
1 3 10
0 3 12
1 3 12
0 3 16
1 3 16
0 3 30
1 3 30
0 3 36
1 3 36
0 6 2
1 6 2
0 6 3
1 6 3
0 6 6
1 6 6
0 6 10
1 6 10
0 6 12
1 6 12
0 6 16
1 6 16
0 6 30
1 6 30
0 6 36
1 6 36
0 10 2
1 10 2
0 10 3
1 10 3
0 10 6
1 10 6
0 10 10
1 10 10
0 10 12
1 10 12
0 10 16
1 10 16
0 10 30
1 10 30
0 10 36
1 10 36
0 12 2
1 12 2
0 12 3
1 12 3
0 12 6
1 12 6
0 12 10
1 12 10
0 12 12
1 12 12
0 12 16
1 12 16
0 12 30
1 12 30
0 12 36
1 12 36
0 16 2
1 16 2
0 16 3
1 16 3
0 16 6
1 16 6
0 16 10
1 16 10
0 16 12
1 16 12
0 16 16
1 16 16
0 16 30
1 16 30
0 16 36
1 16 36
0 30 2
1 30 2
0 30 3
1 30 3
0 30 6
1 30 6
0 30 10
1 30 10
0 30 12
1 30 12
0 30 16
1 30 16
0 30 30
1 30 30
0 30 36
1 30 36
0 36 2
1 36 2
0 36 3
1 36 3
0 36 6
1 36 6
0 36 10
1 36 10
0 36 12
1 36 12
0 36 16
1 36 16
0 36 30
1 36 30
0 36 36
1 36 36
