0
38210
45093476
19767767
20337
33341824
1160451
38210
994030
17728
1371
5370
9369
0
1001010101000010
10101100000001001001100100
1001011011010000111010111
100111101110001
1111111001100000110000000
100011011010100000011
1001010101000010
11110010101011101110
100010101000000
10101011011
1010011111010
10010010011001
0
38210
45093476
19767767
20337
33341824
1160451
38210
994030
17728
1371
5370
9369
0
1001010101000010
10101100000001001001100100
1001011011010000111010111
100111101110001
1111111001100000110000000
100011011010100000011
1001010101000010
11110010101011101110
100010101000000
10101011011
1010011111010
10010010011001
0
1
10
11
101
111
1011
1101
10001
0
1
2
10
12
21
102
111
122
0
1
2
3
11
13
23
31
101
0
1
2
3
10
12
21
23
32
0
1
2
3
5
11
15
21
25
0
1
2
3
5
10
14
16
23
0
1
2
3
5
7
13
15
21
0
1
2
3
5
7
12
14
18
0
1
2
3
5
7
11
13
17
0
1
2
3
5
7
10
12
16
0
1
2
3
5
7
b
11
15
0
1
2
3
5
7
b
10
14
0
1
2
3
5
7
b
d
13
0
1
2
3
5
7
b
d
12
0
1
2
3
5
7
b
d
11
0
1
2
3
5
7
b
d
10
0
1
2
3
5
7
b
d
h
0
1
2
3
5
7
b
d
h
0
1
2
3
5
7
b
d
h
0
1
2
3
5
7
b
d
h
0
1
2
3
5
7
b
d
h
0
1
2
3
5
7
b
d
h
0
1
2
3
5
7
b
d
h
0
1
2
3
5
7
b
d
h
0
1
2
3
5
7
b
d
h
0
1
2
3
5
7
b
d
h
0
1
2
3
5
7
b
d
h
0
1
2
3
5
7
b
d
h
0
1
2
3
5
7
b
d
h
0
1
2
3
5
7
b
d
h
0
1
2
3
5
7
b
d
h
0
1
2
3
5
7
b
d
h
0
1
2
3
5
7
b
d
h
0
1
2
3
5
7
b
d
h
0
1
2
3
5
7
b
d
h
0
1
0
1
0
1
0
1
0
1
0
1
0
1
0
1
0
1
0
1
0
1
0
1
0
1
0
1
0
1
0
1
0
1
0
1
0
1
0
1
0
1
0
1
0
1
0
1
0
1
0
1
0
1
0
1
0
1
0
1
0
1
0
1
0
1
0
1
0
1
0
1
0
1
0
1
0
1
0
1
0
1
0
1
0
1
0
1
0
1
0
1
0
1
0
1
0
1
0
1
0
1
0
1
0
1
0
1
0
1
0
1
0
1
0
1
0
1
0
1
0
1
0
1
0
1
0
1
