174
354
285
2132
1300
3080
690
870
2340
3363
110
90
525
464
510
1554
216
624
260
140
6
4
5
210
180
255
1350
494
1736
540
646
377
25
1764
204
180
168
575
2850
1078
30
330
2805
45
168
1802
220
108
1240
1034
1680
1590
689
539
14
245
150
1740
160
66
945
104
224
407
689
924
627
1365
36
40
1247
2646
851
2014
144
1886
820
348
1334
105
460
1363
2655
40
112
129
651
25
330
306
42
6
200
264
1209
180
396
225
44
496
144
10
3068
364
285
1406
2310
1716
1140
2915
1035
34
528
60
798
90
29
1824
84
874
513
390
84
760
464
2450
1265
1595
38
2444
816
120
52
165
2236
290
663
374
152
795
798
1740
38
336
6
703
1026
40
175
406
1980
2597
425
37
290
1425
182
48
21
232
144
572
180
40
2860
20
462
220
1540
1276
836
2262
30
270
132
280
360
51
120
920
39
660
1092
1332
390
57
429
50
112
164
2640
728
418
1045
1680
1334
315
159
1032
2244
2068
56
8
1924
42
460
180
18
1645
380
44
60
506
210
885
462
224
1508
168
270
186
170
10
96
306
2322
742
495
420
425
200
180
150
1980
3180
546
713
42
220
189
368
30
374
594
306
1886
40
2337
380
106
390
78
525
322
975
1060
135
660
108
800
1333
26
370
105
429
544
190
1470
114
90
315
1485
3
570
2940
2040
341
759
3021
180
1225
231
546
1150
940
58
52
418
3127
464
1254
36
372
336
2107
240
2072
616
18
1298
980
552
1710
3009
437
330
180
590
24
160
2162
901
1150
42
12
1204
1517
741
315
1219
46
1482
308
1770
1508
57
420
2640
1353
40
80
456
714
240
1798
456
20
925
378
126
1380
1892
1230
371
2035
481
1650
645
46
240
60
264
42
903
120
364
102
864
1995
1300
165
48
1504
506
27
72
86
816
33
1025
210
360
208
900
598
1829
252
774
90
627
42
31
828
48
2508
20
1720
114
261
540
104
238
315
1462
34
558
1512
506
754
3190
539
60
420
1175
141
26
1276
190
1026
1537
12
1334
1326
165
28
143
170
564
1392
50
1012
3304
14
45
714
294
504
90
456
210
43
1188
1848
1870
714
2360
1064
141
882
78
205
414
663
59
589
2014
912
352
1330
2109
132
228
360
385
180
111
2544
280
590
126
2332
322
2255
944
816
2009
518
96
247
168
18
180
56
528
25
731
1092
1333
180
462
12
55
180
440
1419
275
1196
493
408
950
21
172
66
364
168
2408
132
12
952
80
2548
1222
609
2145
784
1482
203
55
522
1062
195
572
33
460
840
1435
54
912
231
1998
1248
2842
2193
432
820
25
442
550
816
2254
1081
8
110
255
434
630
510
19
1820
294
12
168
132
696
2322
126
369
2332
414
378
135
12
330
240
504
245
580
154
1305
22
180
2610
423
630
336
760
598
1248
144
110
855
246
864
308
1288
1276
336
1551
899
22
58
1534
780
10
290
87
429
60
1127
2006
96
15
1023
96
1302
308
1380
864
156
1116
350
1173
702
1271
957
476
418
588
1054
585
396
1121
2499
684
2310
36
96
228
760
301
1450
987
39
60
220
60
950
442
1323
60
992
644
24
322
160
1311
1254
2820
754
288
420
252
140
138
228
1272
1890
44
2156
78
399
2184
708
18
14
228
156
833
1364
10
152
115
910
38
42
468
144
185
319
240
11
8
442
32
42
22
112
52
580
40
105
20
1044
147
816
1739
637
100
54
330
1763
1485
30
52
1598
396
2964
325
136
12
24
2499
95
1435
2035
36
918
21
5
24
120
638
416
205
378
400
1113
731
399
45
48
378
779
60
1316
300
812
1505
235
120
912
114
2296
650
266
40
308
48
3186
572
180
17
754
616
2301
650
1813
26
354
1652
583
39
360
504
17
150
1450
220
100
1200
1568
32
39
18
406
28
65
50
440
850
468
70
475
1305
644
592
40
1484
210
434
140
1073
1020
2491
19
126
12
110
1421
840
1406
561
429
27
624
1160
1140
232
78
336
120
28
836
441
42
1148
280
258
287
144
424
462
100
168
1380
1785
1258
240
212
180
735
224
234
1833
59
55
665
1290
286
837
2832
440
133
26
18
620
1711
280
1794
2072
1160
522
2091
900
799
665
273
115
2279
3363
420
450
198
124
702
1961
759
990
117
300
135
1161
342
154
1450
285
207
168
22
345
636
1677
572
80
120
748
376
100
1334
570
456
1624
558
85
88
264
1060
861
1612
72
2
50
352
300
1128
1716
60
2156
72
28
1184
336
40
2214
1050
295
540
667
752
43
420
364
312
12
1173
2460
132
220
132
680
902
378
75
54
238
399
45
159
406
46
340
240
330
23
901
682
105
954
143
336
50
660
234
1568
170
912
1311
1020
360
138
51
140
185
148
102
544
396
1150
259
90
33
1968
264
175
340
1080
32
108
240
85
352
660
348
940
36
12
1196
624
5
1591
522
24
1122
690
407
627
884
2064
165
616
222
390
413
1219
2173
969
212
1218
240
1880
220
168
9
629
105
297
248
1269
848
20
2146
220
684
154
392
56
470
75
252
266
371
369
220
177
266
252
1078
18
2408
918
495
29
874
24
20
1353
144
646
966
58
1862
414
48
50
644
120
30
2091
3306
1927
145
3422
459
333
782
130
1786
45
45
323
144
561
236
90
583
44
70
21
57
280
18
612
870
204
155
48
440
1221
171
48
840
35
270
246
39
496
414
837
51
1320
108
450
136
966
126
2050
49
174
918
1190
135
18
884
30
168
57
225
108
130
1550
477
1110
84
265
180
2021
1508
3422
1674
725
2397
1978
546
920
60
1275
2856
215
702
120
91
288
459
3068
78
168
1275
28
54
1155
2444
1488
1026
168
105
495
966
238
1512
2850
1479
195
80
44
26
228
165
880
1120
444
765
84
30
32
2
377
2145
1196
161
58
60
1107
28
728
663
275
24
920
96
1519
928
100
754
520
858
480
216
14
39
112
82
825
145
783
420
280
4
850
748
280
1820
1764
154
92
897
270
30
225
799
1595
15
260
1178
874
60
1128
252
221
94
602
260
56
1222
2537
48
459
266
48
39
168
826
1596
1443
850
672
180
986
198
440
1833
912
1410
649
2030
550
175
944
780
480
1400
935
220
1470
2
1080
300
296
1140
1443
741
66
765
328
312
44
174
1218
156
680
336
969
240
42
2205
180
1080
221
38
378
26
1593
120
24
1566
24
156
782
312
720
90
1813
140
33
2842
975
216
40
1798
276
684
330
308
31
204
240
522
9
52
52
2655
58
2378
45
264
252
30
1824
396
1300
680
51
420
800
36
990
108
840
1426
2090
116
140
182
2365
1554
45
1288
2964
385
530
31
152
494
1640
836
234
196
255
2596
1394
1482
21
1260
74
51
870
273
468
40
60
1148
546
48
1020
1073
1711
550
1650
1012
53
1365
72
231
504
102
660
132
1200
1947
32
595
1026
2695
176
1476
374
574
28
1155
1050
270
1716
297
1938
96
30
2646
598
40
120
858
1085
684
57
660
1617
510
55
1326
11
840
36
132
1260
1519
1380
352
72
15
96
1924
175
168
172
952
370
9
340
378
1961
516
3245
190
180
49
378
798
2438
703
1696
598
200
2805
1692
950
1242
1512
195
385
1643
864
184
36
1598
55
51
1150
35
779
84
24
1392
1092
798
14
2040
33
1476
999
2596
42
774
168
986
2146
387
506
42
240
60
28
156
544
874
1702
231
80
2162
180
32
1421
48
135
138
1122
114
1404
39
40
1161
780
1300
1978
35
6
150
222
1911
962
846
1190
513
2773
720
770
1218
840
420
357
594
952
2244
90
50
2793
1806
90
2173
420
1890
36
350
546
351
782
702
396
40
350
77
780
56
638
1610
399
36
30
252
147
6
180
1189
391
52
72
700
798
42
728
600
1026
42
240
296
550
1265
468
114
72
2538
340
966
1254
1860
1121
950
150
1102
336
294
372
78
1066
2793
528
858
35
1023
36
104
342
348
1995
630
2346
28
2242
364
1845
28
1599
588
374
318
154
66
60
110
585
20
1131
4
56
918
66
35
2280
88
510
90
364
564
42
306
56
962
210
1938
1804
240
76
3180
544
41
34
780
1100
140
220
60
572
910
1888
705
1428
72
2280
1785
182
1320
1056
70
160
770
286
95
144
506
798
171
43
451
255
950
1376
12
574
594
1066
442
36
986
846
42
1225
14
63
1092
3074
108
1140
1003
528
520
2756
1560
925
1581
924
12
1254
1012
1026
1107
126
99
1551
1566
736
105
390
472
230
252
17
273
100
1862
1888
513
2256
102
1518
969
462
48
851
855
3192
957
140
63
210
986
84
540
988
1653
50
1416
180
387
200
450
490
658
2030
392
52
282
1950
1624
1740
204
532
190
37
56
92
348
266
188
2296
468
2679
132
435
310
8
980
935
780
36
114
931
1426
1085
1938
684
408
210
1044
80
656
76
2220
52
660
322
1050
1178
135
741
1209
2650
420
437
270
420
420
690
18
408
528
1431
120
473
328
84
528
210
836
78
37
2950
1332
666
430
418
76
20
156
1326
22
1581
240
36
777
14
594
315
44
3192
70
215
570
315
645
286
156
272
656
329
1591
86
546
27
600
1430
440
378
555
102
126
156
828
1558
30
2550
280
48
60
210
2652
288
1
1007
2820
3127
93
24
20
264
18
7
182
950
153
156
660
10
1974
560
140
165
69
1739
27
406
285
1334
272
2350
506
708
322
884
84
60
3540
680
190
210
492
22
260
138
126
32
2508
855
1786
696
780
116
204
252
266
2255
1155
208
450
42
1242
594
988
364
30
1188
658
272
2703
45
518
38
702
54
288
156
385
234
40
540
1035
273
14
696
180
22
54
15
1440
490
3
1960
1242
928
70
203
2120
99
325
36
48
44
517
1218
1160
248
1870
198
120
48
72
450
180
32
420
24
380
451
10
1239
1540
456
1880
460
440
165
406
1150
180
435
912
42
114
1122
224
780
660
240
117
615
468
1150
2107
1431
1260
253
230
54
1480
260
45
2067
44
280
2050
1855
260
154
90
132
245
351
2450
270
2242
2915
930
117
176
312
1196
416
1770
1760
806
187
310
494
176
177
760
6
279
1404
150
306
123
418
966
171
636
462
15
399
247
176
441
164
234
624
806
930
1020
224
550
275
72
756
550
138
1378
102
1848
784
812
176
51
882
552
620
1911
60
868
600
1258
900
84
60
494
650
1457
420
1705
342
1015
48
2419
775
2703
224
304
504
255
1914
741
705
49
2220
2438
480
570
210
1914
35
130
16
84
741
528
238
1080
260
1395
186
1612
34
1170
56
575
440
828
110
1425
429
60
918
66
477
16
45
364
756
1044
992
216
258
80
1419
240
1935
795
777
187
80
624
531
336
495
510
812
352
2378
1100
22
150
663
209
120
2478
2115
814
2891
1517
533
54
612
357
70
481
912
420
517
9
84
1960
456
3021
210
368
988
110
1350
78
850
312
132
378
1530
1015
2360
272
1677
2070
150
1938
1290
8
767
216
28
27
2494
432
217
224
132
1140
351
675
765
91
60
188
60
546
528
1540
2622
28
18
48
300
56
480
189
615
476
45
104
450
54
44
330
60
1776
36
33
33
408
1276
216
1113
840
56
238
35
720
989
510
330
41
782
84
16
22
58
396
360
2183
264
1081
1887
98
624
1188
714
1007
60
660
1350
36
399
24
1176
360
608
120
897
1640
288
969
312
144
32
432
2352
1334
63
672
300
552
270
561
102
624
2652
465
470
702
60
2580
483
2968
902
480
190
120
767
54
1566
697
299
621
204
550
2303
36
116
516
270
168
120
1003
592
285
350
616
29
2064
357
954
1702
232
1140
400
280
30
168
987
90
989
116
552
341
1350
207
117
416
649
1710
966
1295
595
210
39
110
420
528
180
462
1056
2550
2940
432
140
1312
1131
861
468
30
93
78
1357
2068
6
30
150
253
102
42
120
48
870
36
420
342
301
1100
493
1624
200
119
1110
912
58
675
230
98
572
60
3
1062
48
1736
1749
816
1357
1064
70
1240
2679
385
90
520
84
330
612
561
1188
184
270
2226
1968
44
1829
455
1590
16
559
714
1239
848
611
780
1566
572
1020
2236
45
580
2958
280
78
1298
234
312
38
660
2726
798
390
126
392
357
945
420
714
84
476
126
118
688
200
1032
1665
352
408
1892
1395
520
33
52
156
663
736
798
118
672
931
360
430
1998
27
2610
406
442
1044
2150
38
1980
210
2065
1189
88
24
624
2860
1050
152
48
60
1364
92
120
282
594
88
572
129
1274
1102
133
390
621
1054
23
416
2132
8
136
140
1947
663
48
105
903
1475
744
400
168
50
75
8
189
34
114
306
300
55
68
1749
198
1696
1036
126
350
612
52
204
828
318
40
285
102
100
2365
46
36
2597
21
161
42
168
50
408
660
1632
1166
36
195
1887
105
2340
140
120
210
148
68
10
780
946
270
48
494
440
1325
1230
40
754
1242
637
390
357
1147
110
1980
551
165
56
123
54
87
66
41
715
627
84
7
928
46
60
56
700
893
33
1176
1927
660
396
396
72
60
736
70
342
1242
805
465
56
696
230
66
660
120
608
84
195
1034
275
130
374
13
2968
236
1026
3186
160
245
30
728
75
2862
1020
1548
638
15
46
2544
195
42
224
1410
702
364
2205
1316
165
279
650
392
147
4
297
180
385
840
714
220
77
2256
1505
713
153
1302
1102
333
608
280
90
30
21
60
414
666
2970
555
740
1218
336
2021
924
180
220
350
1045
294
928
2632
36
374
110
24
304
15
344
3080
423
738
1104
144
168
308
1140
59
34
990
114
176
160
2115
1330
413
57
260
1175
1479
400
744
44
714
295
52
165
360
170
1802
319
55
2538
2580
1908
522
1806
473
667
1312
26
45
180
40
741
476
432
20
462
174
860
15
840
943
420
1104
3304
155
228
160
510
616
416
252
2530
82
119
48
220
104
736
216
24
1610
1845
96
217
198
108
56
1104
1705
585
230
12
2451
120
2124
280
629
612
1722
136
112
2530
1763
210
252
754
1475
54
684
742
35
240
165
1075
108
45
286
855
2006
700
297
20
570
969
49
78
368
468
1180
70
1392
2773
1634
450
396
270
360
456
304
570
1416
50
2226
54
396
108
420
32
234
550
2970
2214
986
1120
261
48
198
380
53
264
60
360
90
1692
30
1350
752
60
260
1026
817
756
612
51
2714
609
551
336
1118
18
924
120
651
1628
880
403
10
11
140
520
280
96
748
1160
287
24
1147
1548
114
84
1484
42
728
410
46
60
104
396
598
2958
90
208
2385
290
1064
1643
1504
46
688
2891
816
56
816
330
798
156
304
1508
30
24
990
264
16
84
315
2460
780
290
2279
299
1050
62
1392
969
23
924
432
1674
6
102
13
165
168
84
510
312
156
1850
238
1653
391
870
756
351
265
378
444
899
74
775
2067
288
702
68
462
147
1566
105
840
42
323
57
805
540
90
1450
170
1269
946
280
2254
468
54
1200
561
860
783
54
232
18
120
376
1102
1378
570
2183
943
594
180
200
273
462
40
306
94
492
56
216
26
70
98
65
28
1180
378
646
357
728
999
429
16
198
2301
440
140
276
1776
570
170
594
624
630
196
1350
1794
442
110
58
160
84
66
208
432
98
1012
21
50
110
44
2150
1428
735
1020
54
1166
624
54
644
3009
2726
715
1716
168
559
12
2120
900
513
714
870
286
342
495
456
174
1036
560
650
252
111
76
1320
182
720
106
54
2090
833
798
403
360
874
28
888
34
2419
99
1935
156
2451
2070
1200
2537
50
322
330
1102
533
20
660
240
330
432
918
504
459
1593
54
494
2478
342
530
2124
47
30
3135
78
24
70
780
858
672
814
546
410
714
62
589
132
527
483
650
1127
1950
210
840
924
572
56
38
312
276
231
56
51
522
1295
1118
210
660
342
495
475
88
36
30
7
420
4
114
627
1218
336
66
580
196
140
49
120
1860
1288
2950
826
468
611
888
15
660
68
1050
480
132
60
697
1850
986
2491
1204
690
1666
30
646
532
1221
850
1617
1540
55
1634
2622
308
1272
3245
308
1550
209
1363
308
1518
390
1400
42
50
2009
1760
36
2065
1645
1440
1974
414
3074
252
108
1155
572
1075
220
48
52
1450
42
16
200
495
132
884
56
120
280
1767
153
984
2714
585
1122
627
2548
153
2262
54
2862
817
46
55
350
3306
1908
286
1512
52
124
1170
30
608
47
416
60
44
561
20
2494
770
60
984
120
450
1325
204
893
368
2303
18
21
25
770
210
3190
234
850
231
60
130
570
638
800
868
540
105
638
682
510
2350
1537
345
455
660
66
30
1628
70
28
58
210
2520
35
408
874
630
102
1488
30
1104
532
228
472
468
260
66
99
468
2695
112
63
19
9
1288
952
1025
780
1666
6
42
53
2632
84
120
2385
1092
1404
1804
1855
630
598
90
12
1140
336
1376
1462
138
1767
60
150
20
1323
616
2650
120
1092
780
700
1632
57
800
42
50
34
168
60
56
150
27
60
156
725
280
920
156
918
44
3135
2352
92
168
16
30
126
2397
2856
1665
1457
112
114
390
210
315
174
350
740
1404
24
308
168
782
330
570
782
235
1740
120
344
602
1274
600
280
532
10
47
208
336
108
1247
1534
2193
1566
2585
171
120
408
168
60
60
57
1184
273
1326
1400
2756
738
112
1430
100
531
36
144
16
765
336
1116
140
1599
276
1624
264
184
464
546
329
259
54
60
312
1450
20
38
638
2337
132
840
69
198
182
424
13
210
1102
418
2832
150
885
527
105
290
748
280
14
495
88
540
270
1271
90
520
690
189
220
1480
1652
300
90
2585
34
228
1100
40
1020
988
306
510
90
270
3540
1596
184
646
72
230
1394
1720
812
225
1064
918
102
208
130
1400
84
26
120
2109
252
240
2346
1242
210
32
24
1560
255
364
1482
2520
528
546
646
1558
52
1530
196
690
1320
48
1722
280
2184
1260
825
9999
9999
9999
19998
19998
19998
19998
9999
9999
32916708
32916708
20160
20160
66
66
7326
7326
7326
7326
