0.00
0.00
0.00
1.00
0.10
-0.10
0.00
0.00
0.00
0.20
-0.20
0.00
0.00
0.00
0.30
-0.30
0.00
0.00
0.00
0.40
-0.40
0.00
0.00
0.00
0.50
-0.50
0.00
0.00
0.00
0.60
-0.60
0.00
0.00
0.00
0.70
-0.70
0.00
0.00
0.00
0.80
-0.80
0.00
0.00
0.00
0.90
-0.90
0.00
0.00
0.00
1.00
-1.00
0.00
0.00
0.00
1.10
-1.10
0.00
0.00
0.00
1.20
-1.20
0.00
0.00
0.00
1.30
-1.30
0.00
0.00
0.00
1.40
-1.40
0.00
0.00
0.00
1.50
-1.50
0.00
0.00
0.00
1.60
-1.60
0.00
0.00
0.00
1.70
-1.70
0.00
0.00
0.00
1.80
-1.80
0.00
0.00
0.00
1.90
-1.90
0.00
0.00
0.00
2.00
-2.00
0.00
0.00
0.00
2.10
-2.10
0.00
0.00
0.00
2.20
-2.20
0.00
0.00
0.00
2.30
-2.30
0.00
0.00
0.00
2.40
-2.40
0.00
0.00
0.00
2.50
-2.50
0.00
0.00
0.00
2.60
-2.60
0.00
0.00
0.00
2.70
-2.70
0.00
0.00
0.00
2.80
-2.80
0.00
0.00
0.00
2.90
-2.90
0.00
0.00
0.00
3.00
-3.00
0.00
0.00
0.00
3.10
-3.10
0.00
0.00
0.00
3.20
-3.20
0.00
0.00
0.00
3.30
-3.30
0.00
0.00
0.00
3.40
-3.40
0.00
0.00
0.00
3.50
-3.50
0.00
0.00
0.00
3.60
-3.60
0.00
0.00
0.00
3.70
-3.70
0.00
0.00
0.00
3.80
-3.80
0.00
0.00
0.00
3.90
-3.90
0.00
0.00
0.00
4.00
-4.00
0.00
0.00
4.10
-4.10
0.00
0.00
4.20
-4.20
0.00
0.00
4.30
-4.30
0.00
0.00
4.40
-4.40
0.00
0.00
4.50
-4.50
0.00
0.00
4.60
-4.60
0.00
0.00
4.70
-4.70
0.00
0.00
4.80
-4.80
0.00
0.00
4.90
-4.90
0.00
0.00
5.00
-5.00
0.00
0.00
5.10
-5.10
0.00
0.00
5.20
-5.20
0.00
0.00
5.30
-5.30
0.00
0.00
5.40
-5.40
0.00
0.00
5.50
-5.50
0.00
0.00
5.60
-5.60
0.00
0.00
5.70
-5.70
0.00
0.00
5.80
-5.80
0.00
0.00
5.90
-5.90
0.00
0.00
6.00
-6.00
0.00
0.00
0.10
0.10
0.00
1.00
0.20
0.00
0.01
1.00
0.79
0.30
-0.10
0.02
0.50
0.63
0.40
-0.20
0.03
0.33
0.50
0.50
-0.30
0.04
0.25
0.40
0.60
-0.40
0.05
0.20
0.32
0.70
-0.50
0.06
0.17
0.25
0.80
-0.60
0.07
0.14
0.20
0.90
-0.70
0.08
0.12
0.16
1.00
-0.80
0.09
0.11
0.13
1.10
-0.90
0.10
0.10
0.10
1.20
-1.00
0.11
0.09
0.08
1.30
-1.10
0.12
0.08
0.06
1.40
-1.20
0.13
0.08
0.05
1.50
-1.30
0.14
0.07
0.04
1.60
-1.40
0.15
0.07
0.03
1.70
-1.50
0.16
0.06
0.03
1.80
-1.60
0.17
0.06
0.02
1.90
-1.70
0.18
0.06
0.02
2.00
-1.80
0.19
0.05
0.01
2.10
-1.90
0.20
0.05
0.01
2.20
-2.00
0.21
0.05
0.01
2.30
-2.10
0.22
0.05
0.01
2.40
-2.20
0.23
0.04
0.01
2.50
-2.30
0.24
0.04
0.00
2.60
-2.40
0.25
0.04
0.00
2.70
-2.50
0.26
0.04
0.00
2.80
-2.60
0.27
0.04
0.00
2.90
-2.70
0.28
0.04
0.00
3.00
-2.80
0.29
0.03
0.00
3.10
-2.90
0.30
0.03
0.00
3.20
-3.00
0.31
0.03
0.00
3.30
-3.10
0.32
0.03
0.00
3.40
-3.20
0.33
0.03
0.00
3.50
-3.30
0.34
0.03
0.00
3.60
-3.40
0.35
0.03
0.00
3.70
-3.50
0.36
0.03
0.00
3.80
-3.60
0.37
0.03
0.00
3.90
-3.70
0.38
0.03
0.00
4.00
-3.80
0.39
0.03
0.00
4.10
-3.90
0.40
4.20
-4.00
0.41
0.02
4.30
-4.10
0.42
0.02
4.40
-4.20
0.43
0.02
4.50
-4.30
0.44
0.02
4.60
-4.40
0.45
0.02
4.70
-4.50
0.46
0.02
4.80
-4.60
0.47
0.02
4.90
-4.70
0.48
0.02
5.00
-4.80
0.49
0.02
5.10
-4.90
0.50
0.02
5.20
-5.00
0.51
0.02
5.30
-5.10
0.52
0.02
5.40
-5.20
0.53
0.02
5.50
-5.30
0.54
0.02
5.60
-5.40
0.55
0.02
5.70
-5.50
0.56
0.02
5.80
-5.60
0.57
0.02
5.90
-5.70
0.58
0.02
6.00
-5.80
0.59
0.02
6.10
-5.90
0.60
0.02
0.20
0.20
0.00
1.00
0.30
0.10
0.02
2.00
0.85
0.40
0.00
0.04
1.00
0.72
0.50
-0.10
0.06
0.67
0.62
0.60
-0.20
0.08
0.50
0.53
0.70
-0.30
0.10
0.40
0.45
0.80
-0.40
0.12
0.33
0.38
0.90
-0.50
0.14
0.29
0.32
1.00
-0.60
0.16
0.25
0.28
1.10
-0.70
0.18
0.22
0.23
1.20
-0.80
0.20
0.20
0.20
1.30
-0.90
0.22
0.18
0.17
1.40
-1.00
0.24
0.17
0.14
1.50
-1.10
0.26
0.15
0.12
1.60
-1.20
0.28
0.14
0.11
1.70
-1.30
0.30
0.13
0.09
1.80
-1.40
0.32
0.12
0.08
1.90
-1.50
0.34
0.12
0.06
2.00
-1.60
0.36
0.11
0.06
2.10
-1.70
0.38
0.11
0.05
2.20
-1.80
0.40
0.10
0.04
2.30
-1.90
0.42
0.10
0.03
2.40
-2.00
0.44
0.09
0.03
2.50
-2.10
0.46
0.09
0.02
2.60
-2.20
0.48
0.08
0.02
2.70
-2.30
0.50
0.08
0.02
2.80
-2.40
0.52
0.08
0.02
2.90
-2.50
0.54
0.07
0.01
3.00
-2.60
0.56
0.07
0.01
3.10
-2.70
0.58
0.07
0.01
3.20
-2.80
0.60
0.07
0.01
3.30
-2.90
0.62
0.06
0.01
3.40
-3.00
0.64
0.06
0.01
3.50
-3.10
0.66
0.06
0.00
3.60
-3.20
0.68
0.06
0.00
3.70
-3.30
0.70
0.06
0.00
3.80
-3.40
0.72
0.06
0.00
3.90
-3.50
0.74
0.05
0.00
4.00
-3.60
0.76
0.05
0.00
4.10
-3.70
0.78
0.05
0.00
4.20
-3.80
0.80
0.05
4.30
-3.90
0.82
0.05
4.40
-4.00
0.84
0.05
4.50
-4.10
0.86
0.05
4.60
-4.20
0.88
0.05
4.70
-4.30
0.90
0.04
4.80
-4.40
0.92
0.04
4.90
-4.50
0.94
0.04
5.00
-4.60
0.96
0.04
5.10
-4.70
0.98
0.04
5.20
-4.80
1.00
0.04
5.30
-4.90
1.02
0.04
5.40
-5.00
1.04
0.04
5.50
-5.10
1.06
0.04
5.60
-5.20
1.08
0.04
5.70
-5.30
1.10
0.04
5.80
-5.40
1.12
0.04
5.90
-5.50
1.14
0.04
6.00
-5.60
1.16
0.03
6.10
-5.70
1.18
0.03
6.20
-5.80
1.20
0.03
0.30
0.30
0.00
1.00
0.40
0.20
0.03
3.00
0.89
0.50
0.10
0.06
1.50
0.79
0.60
0.00
0.09
1.00
0.70
0.70
-0.10
0.12
0.75
0.62
0.80
-0.20
0.15
0.60
0.55
0.90
-0.30
0.18
0.50
0.49
1.00
-0.40
0.21
0.43
0.43
1.10
-0.50
0.24
0.38
1.20
-0.60
0.27
0.33
0.34
1.30
-0.70
0.30
0.30
0.30
1.40
-0.80
0.33
0.27
0.27
1.50
-0.90
0.36
0.25
0.24
1.60
-1.00
0.39
0.23
0.21
1.70
-1.10
0.42
0.21
0.19
1.80
-1.20
0.45
0.20
0.16
1.90
-1.30
0.48
0.19
0.15
2.00
-1.40
0.51
0.18
0.13
2.10
-1.50
0.54
0.17
0.11
2.20
-1.60
0.57
0.16
0.10
2.30
-1.70
0.60
0.15
0.09
2.40
-1.80
0.63
0.14
0.08
2.50
-1.90
0.66
0.14
0.07
2.60
-2.00
0.69
0.13
0.06
2.70
-2.10
0.72
0.12
0.06
2.80
-2.20
0.75
0.12
0.05
2.90
-2.30
0.78
0.12
0.04
3.00
-2.40
0.81
0.11
0.04
3.10
-2.50
0.84
0.11
0.03
3.20
-2.60
0.87
0.10
0.03
3.30
-2.70
0.90
0.10
0.03
3.40
-2.80
0.93
0.10
0.02
3.50
-2.90
0.96
0.09
0.02
3.60
-3.00
0.99
0.09
0.02
3.70
-3.10
1.02
0.09
0.02
3.80
-3.20
1.05
0.09
0.01
3.90
-3.30
1.08
0.08
0.01
4.00
-3.40
1.11
0.08
0.01
4.10
-3.50
1.14
0.08
0.01
4.20
-3.60
1.17
0.08
0.01
4.30
-3.70
1.20
4.40
-3.80
1.23
0.07
4.50
-3.90
1.26
0.07
4.60
-4.00
1.29
0.07
4.70
-4.10
1.32
0.07
4.80
-4.20
1.35
0.07
4.90
-4.30
1.38
0.07
5.00
-4.40
1.41
0.06
5.10
-4.50
1.44
0.06
5.20
-4.60
1.47
0.06
5.30
-4.70
1.50
0.06
5.40
-4.80
1.53
0.06
5.50
-4.90
1.56
0.06
5.60
-5.00
1.59
0.06
5.70
-5.10
1.62
0.06
5.80
-5.20
1.65
0.05
5.90
-5.30
1.68
0.05
6.00
-5.40
1.71
0.05
6.10
-5.50
1.74
0.05
6.20
-5.60
1.77
0.05
6.30
-5.70
1.80
0.05
0.40
0.40
0.00
1.00
0.50
0.30
0.04
4.00
0.91
0.60
0.20
0.08
2.00
0.83
0.70
0.10
0.12
1.33
0.76
0.80
0.00
0.16
1.00
0.69
0.90
-0.10
0.20
0.80
0.63
1.00
-0.20
0.24
0.67
0.58
1.10
-0.30
0.28
0.57
0.53
1.20
-0.40
0.32
0.50
0.48
1.30
-0.50
0.36
0.44
0.44
1.40
-0.60
0.40
0.40
0.40
1.50
-0.70
0.44
0.36
0.36
1.60
-0.80
0.48
0.33
0.33
1.70
-0.90
0.52
0.31
0.30
1.80
-1.00
0.56
0.29
0.28
1.90
-1.10
0.60
0.27
0.25
2.00
-1.20
0.64
0.25
0.23
2.10
-1.30
0.68
0.24
0.21
2.20
-1.40
0.72
0.22
0.19
2.30
-1.50
0.76
0.21
0.18
2.40
-1.60
0.80
0.20
0.16
2.50
-1.70
0.84
0.19
0.15
2.60
-1.80
0.88
0.18
0.13
2.70
-1.90
0.92
0.17
0.12
2.80
-2.00
0.96
0.17
0.11
2.90
-2.10
1.00
0.16
0.10
3.00
-2.20
1.04
0.15
0.09
3.10
-2.30
1.08
0.15
0.08
3.20
-2.40
1.12
0.14
0.08
3.30
-2.50
1.16
0.14
0.07
3.40
-2.60
1.20
0.13
0.06
3.50
-2.70
1.24
0.13
0.06
3.60
-2.80
1.28
0.12
0.05
3.70
-2.90
1.32
0.12
0.05
3.80
-3.00
1.36
0.12
0.04
3.90
-3.10
1.40
0.11
0.04
4.00
-3.20
1.44
0.11
0.04
4.10
-3.30
1.48
0.11
0.03
4.20
-3.40
1.52
0.11
0.03
4.30
-3.50
1.56
0.10
0.03
4.40
-3.60
1.60
0.10
4.50
-3.70
1.64
0.10
4.60
-3.80
1.68
0.10
4.70
-3.90
1.72
0.09
4.80
-4.00
1.76
0.09
4.90
-4.10
1.80
0.09
5.00
-4.20
1.84
0.09
5.10
-4.30
1.88
0.09
5.20
-4.40
1.92
0.08
5.30
-4.50
1.96
0.08
5.40
-4.60
2.00
0.08
5.50
-4.70
2.04
0.08
5.60
-4.80
2.08
0.08
5.70
-4.90
2.12
0.08
5.80
-5.00
2.16
0.07
5.90
-5.10
2.20
0.07
6.00
-5.20
2.24
0.07
6.10
-5.30
2.28
0.07
6.20
-5.40
2.32
0.07
6.30
-5.50
2.36
0.07
6.40
-5.60
2.40
0.07
0.50
0.50
0.00
1.00
0.60
0.40
0.05
5.00
0.93
0.70
0.30
0.10
2.50
0.87
0.80
0.20
0.15
1.67
0.81
0.90
0.10
0.20
1.25
0.76
1.00
0.00
0.25
1.00
0.71
1.10
-0.10
0.30
0.83
0.66
1.20
-0.20
0.35
0.71
0.62
1.30
-0.30
0.40
0.62
0.57
1.40
-0.40
0.45
0.56
0.54
1.50
-0.50
0.50
0.50
0.50
1.60
-0.60
0.55
0.45
0.47
1.70
-0.70
0.60
0.42
0.44
1.80
-0.80
0.65
0.38
0.41
1.90
-0.90
0.70
0.36
0.38
2.00
-1.00
0.75
0.33
0.35
2.10
-1.10
0.80
0.31
0.33
2.20
-1.20
0.85
0.29
0.31
2.30
-1.30
0.90
0.28
0.29
2.40
-1.40
0.95
0.26
0.27
2.50
-1.50
1.00
0.25
0.25
2.60
-1.60
1.05
0.24
0.23
2.70
-1.70
1.10
0.23
0.22
2.80
-1.80
1.15
0.22
0.20
2.90
-1.90
1.20
0.21
0.19
3.00
-2.00
1.25
0.20
0.18
3.10
-2.10
1.30
0.19
0.16
3.20
-2.20
1.35
0.19
0.15
3.30
-2.30
1.40
0.18
0.14
3.40
-2.40
1.45
0.17
0.13
3.50
-2.50
1.50
0.17
0.12
3.60
-2.60
1.55
0.16
0.12
3.70
-2.70
1.60
0.16
0.11
3.80
-2.80
1.65
0.15
0.10
3.90
-2.90
1.70
0.15
0.09
4.00
-3.00
1.75
0.14
0.09
4.10
-3.10
1.80
0.14
0.08
4.20
-3.20
1.85
0.14
0.08
4.30
-3.30
1.90
0.13
0.07
4.40
-3.40
1.95
0.13
0.07
4.50
-3.50
2.00
0.12
4.60
-3.60
2.05
0.12
4.70
-3.70
2.10
0.12
4.80
-3.80
2.15
0.12
4.90
-3.90
2.20
0.11
5.00
-4.00
2.25
0.11
5.10
-4.10
2.30
0.11
5.20
-4.20
2.35
0.11
5.30
-4.30
2.40
0.10
5.40
-4.40
2.45
0.10
5.50
-4.50
2.50
0.10
5.60
-4.60
2.55
0.10
5.70
-4.70
2.60
0.10
5.80
-4.80
2.65
0.09
5.90
-4.90
2.70
0.09
6.00
-5.00
2.75
0.09
6.10
-5.10
2.80
0.09
6.20
-5.20
2.85
0.09
6.30
-5.30
2.90
0.09
6.40
-5.40
2.95
0.08
6.50
-5.50
3.00
0.08
0.60
0.60
0.00
1.00
0.70
0.50
0.06
6.00
0.95
0.80
0.40
0.12
3.00
0.90
0.90
0.30
0.18
2.00
0.86
1.00
0.20
0.24
1.50
0.82
1.10
0.10
0.30
1.20
0.77
1.20
0.00
0.36
1.00
0.74
1.30
-0.10
0.42
0.86
0.70
1.40
-0.20
0.48
0.75
0.66
1.50
-0.30
0.54
0.67
0.63
1.60
-0.40
0.60
0.60
0.60
1.70
-0.50
0.66
0.55
0.57
1.80
-0.60
0.72
0.50
0.54
1.90
-0.70
0.78
0.46
0.51
2.00
-0.80
0.84
0.43
0.49
2.10
-0.90
0.90
0.40
0.46
2.20
-1.00
0.96
0.44
2.30
-1.10
1.02
0.35
0.42
2.40
-1.20
1.08
0.33
0.40
2.50
-1.30
1.14
0.32
0.38
2.60
-1.40
1.20
0.30
0.36
2.70
-1.50
1.26
0.29
0.34
2.80
-1.60
1.32
0.27
0.33
2.90
-1.70
1.38
0.26
0.31
3.00
-1.80
1.44
0.25
0.29
3.10
-1.90
1.50
0.24
0.28
3.20
-2.00
1.56
0.23
0.26
3.30
-2.10
1.62
0.22
0.25
3.40
-2.20
1.68
0.21
0.24
3.50
-2.30
1.74
0.21
0.23
3.60
-2.40
1.80
0.20
0.22
3.70
-2.50
1.86
0.19
0.21
3.80
-2.60
1.92
0.19
0.20
3.90
-2.70
1.98
0.18
0.19
4.00
-2.80
2.04
0.18
0.18
4.10
-2.90
2.10
0.17
0.17
4.20
-3.00
2.16
0.17
0.16
4.30
-3.10
2.22
0.16
0.15
4.40
-3.20
2.28
0.16
0.14
4.50
-3.30
2.34
0.15
0.14
4.60
-3.40
2.40
0.15
4.70
-3.50
2.46
0.15
4.80
-3.60
2.52
0.14
4.90
-3.70
2.58
0.14
5.00
-3.80
2.64
0.14
5.10
-3.90
2.70
0.13
5.20
-4.00
2.76
0.13
5.30
-4.10
2.82
0.13
5.40
-4.20
2.88
0.12
5.50
-4.30
2.94
0.12
5.60
-4.40
3.00
0.12
5.70
-4.50
3.06
0.12
5.80
-4.60
3.12
0.12
5.90
-4.70
3.18
0.11
6.00
-4.80
3.24
0.11
6.10
-4.90
3.30
0.11
6.20
-5.00
3.36
0.11
6.30
-5.10
3.42
0.11
6.40
-5.20
3.48
0.10
6.50
-5.30
3.54
0.10
6.60
-5.40
3.60
0.10
0.70
0.70
0.00
1.00
0.80
0.60
0.07
7.00
0.96
0.90
0.50
0.14
3.50
0.93
1.00
0.40
0.21
2.33
0.90
1.10
0.30
0.28
1.75
0.87
1.20
0.20
0.35
1.40
0.84
1.30
0.10
0.42
1.17
0.81
1.40
0.00
0.49
1.00
0.78
1.50
-0.10
0.56
0.75
1.60
-0.20
0.63
0.78
0.73
1.70
-0.30
0.70
0.70
0.70
1.80
-0.40
0.77
0.64
0.68
1.90
-0.50
0.84
0.58
0.65
2.00
-0.60
0.91
0.54
0.63
2.10
-0.70
0.98
0.50
0.61
2.20
-0.80
1.05
0.47
0.59
2.30
-0.90
1.12
0.44
0.57
2.40
-1.00
1.19
0.41
0.55
2.50
-1.10
1.26
0.39
0.53
2.60
-1.20
1.33
0.37
0.51
2.70
-1.30
1.40
0.35
0.49
2.80
-1.40
1.47
0.33
0.47
2.90
-1.50
1.54
0.32
0.46
3.00
-1.60
1.61
0.30
0.44
3.10
-1.70
1.68
0.29
0.42
3.20
-1.80
1.75
0.28
0.41
3.30
-1.90
1.82
0.27
0.40
3.40
-2.00
1.89
0.26
0.38
3.50
-2.10
1.96
0.25
0.37
3.60
-2.20
2.03
0.24
0.36
3.70
-2.30
2.10
0.23
0.34
3.80
-2.40
2.17
0.23
0.33
3.90
-2.50
2.24
0.22
0.32
4.00
-2.60
2.31
0.21
0.31
4.10
-2.70
2.38
0.21
0.30
4.20
-2.80
2.45
0.20
0.29
4.30
-2.90
2.52
0.19
0.28
4.40
-3.00
2.59
0.19
0.27
4.50
-3.10
2.66
0.18
0.26
4.60
-3.20
2.73
0.18
0.25
4.70
-3.30
2.80
4.80
-3.40
2.87
0.17
4.90
-3.50
2.94
0.17
5.00
-3.60
3.01
0.16
5.10
-3.70
3.08
0.16
5.20
-3.80
3.15
0.16
5.30
-3.90
3.22
0.15
5.40
-4.00
3.29
0.15
5.50
-4.10
3.36
0.15
5.60
-4.20
3.43
0.14
5.70
-4.30
3.50
0.14
5.80
-4.40
3.57
0.14
5.90
-4.50
3.64
0.13
6.00
-4.60
3.71
0.13
6.10
-4.70
3.78
0.13
6.20
-4.80
3.85
0.13
6.30
-4.90
3.92
0.12
6.40
-5.00
3.99
0.12
6.50
-5.10
4.06
0.12
6.60
-5.20
4.13
0.12
6.70
-5.30
4.20
0.12
0.80
0.80
0.00
1.00
0.90
0.70
0.08
8.00
0.98
1.00
0.60
0.16
4.00
0.96
1.10
0.50
0.24
2.67
0.94
1.20
0.40
0.32
2.00
0.91
1.30
0.30
0.40
1.60
0.89
1.40
0.20
0.48
1.33
0.87
1.50
0.10
0.56
1.14
0.86
1.60
0.00
0.64
1.00
0.84
1.70
-0.10
0.72
0.89
0.82
1.80
-0.20
0.80
0.80
0.80
1.90
-0.30
0.88
0.73
0.78
2.00
-0.40
0.96
0.67
0.77
2.10
-0.50
1.04
0.62
0.75
2.20
-0.60
1.12
0.57
0.73
2.30
-0.70
1.20
0.53
0.72
2.40
-0.80
1.28
0.50
0.70
2.50
-0.90
1.36
0.47
0.68
2.60
-1.00
1.44
0.44
0.67
2.70
-1.10
1.52
0.42
0.65
2.80
-1.20
1.60
0.40
0.64
2.90
-1.30
1.68
0.38
0.63
3.00
-1.40
1.76
0.36
0.61
3.10
-1.50
1.84
0.35
0.60
3.20
-1.60
1.92
0.33
0.59
3.30
-1.70
2.00
0.32
0.57
3.40
-1.80
2.08
0.31
0.56
3.50
-1.90
2.16
0.30
0.55
3.60
-2.00
2.24
0.29
0.54
3.70
-2.10
2.32
0.28
0.52
3.80
-2.20
2.40
0.27
0.51
3.90
-2.30
2.48
0.26
0.50
4.00
-2.40
2.56
0.25
0.49
4.10
-2.50
2.64
0.24
0.48
4.20
-2.60
2.72
0.24
0.47
4.30
-2.70
2.80
0.23
0.46
4.40
-2.80
2.88
0.22
0.45
4.50
-2.90
2.96
0.22
0.44
4.60
-3.00
3.04
0.21
0.43
4.70
-3.10
3.12
0.21
0.42
4.80
-3.20
3.20
0.20
4.90
-3.30
3.28
0.20
5.00
-3.40
3.36
0.19
5.10
-3.50
3.44
0.19
5.20
-3.60
3.52
0.18
5.30
-3.70
3.60
0.18
5.40
-3.80
3.68
0.17
5.50
-3.90
3.76
0.17
5.60
-4.00
3.84
0.17
5.70
-4.10
3.92
0.16
5.80
-4.20
4.00
0.16
5.90
-4.30
4.08
0.16
6.00
-4.40
4.16
0.15
6.10
-4.50
4.24
0.15
6.20
-4.60
4.32
0.15
6.30
-4.70
4.40
0.15
6.40
-4.80
4.48
0.14
6.50
-4.90
4.56
0.14
6.60
-5.00
4.64
0.14
6.70
-5.10
4.72
0.14
6.80
-5.20
4.80
0.13
0.90
0.90
0.00
1.00
1.00
0.80
0.09
9.00
0.99
1.10
0.70
0.18
4.50
0.98
1.20
0.60
0.27
3.00
0.97
1.30
0.50
0.36
2.25
0.96
1.40
0.40
0.45
1.80
0.95
1.50
0.30
0.54
1.50
0.94
1.60
0.20
0.63
1.29
0.93
1.70
0.10
0.72
1.12
0.92
1.80
0.00
0.81
1.00
0.91
1.90
-0.10
0.90
0.90
0.90
2.00
-0.20
0.99
0.82
0.89
2.10
-0.30
1.08
0.75
0.88
2.20
-0.40
1.17
0.69
0.87
2.30
-0.50
1.26
0.64
0.86
2.40
-0.60
1.35
0.60
0.85
2.50
-0.70
1.44
0.56
0.84
2.60
-0.80
1.53
0.53
0.84
2.70
-0.90
1.62
0.50
0.83
2.80
-1.00
1.71
0.47
0.82
2.90
-1.10
1.80
0.45
0.81
3.00
-1.20
1.89
0.43
0.80
3.10
-1.30
1.98
0.41
0.79
3.20
-1.40
2.07
0.39
0.78
3.30
-1.50
2.16
0.78
3.40
-1.60
2.25
0.36
0.77
3.50
-1.70
2.34
0.35
0.76
3.60
-1.80
2.43
0.33
0.75
3.70
-1.90
2.52
0.32
0.74
3.80
-2.00
2.61
0.31
0.74
3.90
-2.10
2.70
0.30
0.73
4.00
-2.20
2.79
0.29
0.72
4.10
-2.30
2.88
0.28
0.71
4.20
-2.40
2.97
0.27
0.71
4.30
-2.50
3.06
0.26
0.70
4.40
-2.60
3.15
0.26
0.69
4.50
-2.70
3.24
0.25
0.68
4.60
-2.80
3.33
0.24
0.68
4.70
-2.90
3.42
0.24
0.67
4.80
-3.00
3.51
0.23
0.66
4.90
-3.10
3.60
5.00
-3.20
3.69
0.22
5.10
-3.30
3.78
0.21
5.20
-3.40
3.87
0.21
5.30
-3.50
3.96
0.20
5.40
-3.60
4.05
0.20
5.50
-3.70
4.14
0.20
5.60
-3.80
4.23
0.19
5.70
-3.90
4.32
0.19
5.80
-4.00
4.41
0.18
5.90
-4.10
4.50
0.18
6.00
-4.20
4.59
0.18
6.10
-4.30
4.68
0.17
6.20
-4.40
4.77
0.17
6.30
-4.50
4.86
0.17
6.40
-4.60
4.95
0.16
6.50
-4.70
5.04
0.16
6.60
-4.80
5.13
0.16
6.70
-4.90
5.22
0.16
6.80
-5.00
5.31
0.15
6.90
-5.10
5.40
0.15
1.00
1.00
0.00
1.00
1.10
0.90
0.10
10.00
1.00
1.20
0.80
0.20
5.00
1.00
1.30
0.70
0.30
3.33
1.00
1.40
0.60
0.40
2.50
1.00
1.50
0.50
0.50
2.00
1.00
1.60
0.40
0.60
1.67
1.00
1.70
0.30
0.70
1.43
1.00
1.80
0.20
0.80
1.25
1.00
1.90
0.10
0.90
1.11
1.00
2.00
0.00
1.00
1.00
1.00
2.10
-0.10
1.10
0.91
1.00
2.20
-0.20
1.20
0.83
1.00
2.30
-0.30
1.30
0.77
1.00
2.40
-0.40
1.40
0.71
1.00
2.50
-0.50
1.50
0.67
1.00
2.60
-0.60
1.60
0.62
1.00
2.70
-0.70
1.70
0.59
1.00
2.80
-0.80
1.80
0.56
1.00
2.90
-0.90
1.90
0.53
1.00
3.00
-1.00
2.00
0.50
1.00
3.10
-1.10
2.10
0.48
1.00
3.20
-1.20
2.20
0.45
1.00
3.30
-1.30
2.30
0.43
1.00
3.40
-1.40
2.40
0.42
1.00
3.50
-1.50
2.50
0.40
1.00
3.60
-1.60
2.60
0.38
1.00
3.70
-1.70
2.70
0.37
1.00
3.80
-1.80
2.80
0.36
1.00
3.90
-1.90
2.90
0.34
1.00
4.00
-2.00
3.00
0.33
1.00
4.10
-2.10
3.10
0.32
1.00
4.20
-2.20
3.20
0.31
1.00
4.30
-2.30
3.30
0.30
1.00
4.40
-2.40
3.40
0.29
1.00
4.50
-2.50
3.50
0.29
1.00
4.60
-2.60
3.60
0.28
1.00
4.70
-2.70
3.70
0.27
1.00
4.80
-2.80
3.80
0.26
1.00
4.90
-2.90
3.90
0.26
1.00
5.00
-3.00
4.00
0.25
5.10
-3.10
4.10
0.24
5.20
-3.20
4.20
0.24
5.30
-3.30
4.30
0.23
5.40
-3.40
4.40
0.23
5.50
-3.50
4.50
0.22
5.60
-3.60
4.60
0.22
5.70
-3.70
4.70
0.21
5.80
-3.80
4.80
0.21
5.90
-3.90
4.90
0.20
6.00
-4.00
5.00
0.20
6.10
-4.10
5.10
0.20
6.20
-4.20
5.20
0.19
6.30
-4.30
5.30
0.19
6.40
-4.40
5.40
0.19
6.50
-4.50
5.50
0.18
6.60
-4.60
5.60
0.18
6.70
-4.70
5.70
0.18
6.80
-4.80
5.80
0.17
6.90
-4.90
5.90
0.17
7.00
-5.00
6.00
0.17
1.10
1.10
0.00
1.00
1.20
1.00
0.11
11.00
1.01
1.30
0.90
0.22
5.50
1.02
1.40
0.80
0.33
3.67
1.03
1.50
0.70
0.44
2.75
1.04
1.60
0.60
0.55
2.20
1.05
1.70
0.50
0.66
1.83
1.06
1.80
0.40
0.77
1.57
1.07
1.90
0.30
0.88
1.38
1.08
2.00
0.20
0.99
1.22
1.09
2.10
0.10
1.10
1.10
1.10
2.20
0.00
1.21
1.00
1.11
2.30
-0.10
1.32
0.92
1.12
2.40
-0.20
1.43
0.85
1.13
2.50
-0.30
1.54
0.79
1.14
2.60
-0.40
1.65
0.73
1.15
2.70
-0.50
1.76
0.69
1.16
2.80
-0.60
1.87
0.65
1.18
2.90
-0.70
1.98
0.61
1.19
3.00
-0.80
2.09
0.58
1.20
3.10
-0.90
2.20
0.55
1.21
3.20
-1.00
2.31
0.52
1.22
3.30
-1.10
2.42
0.50
1.23
3.40
-1.20
2.53
0.48
1.25
3.50
-1.30
2.64
0.46
1.26
3.60
-1.40
2.75
0.44
1.27
3.70
-1.50
2.86
0.42
1.28
3.80
-1.60
2.97
0.41
1.29
3.90
-1.70
3.08
0.39
1.31
4.00
-1.80
3.19
0.38
1.32
4.10
-1.90
3.30
0.37
1.33
4.20
-2.00
3.41
0.35
1.34
4.30
-2.10
3.52
0.34
1.36
4.40
-2.20
3.63
0.33
1.37
4.50
-2.30
3.74
0.32
1.38
4.60
-2.40
3.85
0.31
1.40
4.70
-2.50
3.96
0.31
1.41
4.80
-2.60
4.07
0.30
1.42
4.90
-2.70
4.18
0.29
1.44
5.00
-2.80
4.29
0.28
1.45
5.10
-2.90
4.40
0.28
5.20
-3.00
4.51
0.27
5.30
-3.10
4.62
0.26
5.40
-3.20
4.73
0.26
5.50
-3.30
4.84
0.25
5.60
-3.40
4.95
0.24
5.70
-3.50
5.06
0.24
5.80
-3.60
5.17
0.23
5.90
-3.70
5.28
0.23
6.00
-3.80
5.39
0.22
6.10
-3.90
5.50
0.22
6.20
-4.00
5.61
0.22
6.30
-4.10
5.72
0.21
6.40
-4.20
5.83
0.21
6.50
-4.30
5.94
0.20
6.60
-4.40
6.05
0.20
6.70
-4.50
6.16
0.20
6.80
-4.60
6.27
0.19
6.90
-4.70
6.38
0.19
7.00
-4.80
6.49
0.19
7.10
-4.90
6.60
0.18
1.20
1.20
0.00
1.00
1.30
1.10
0.12
12.00
1.02
1.40
1.00
0.24
6.00
1.04
1.50
0.90
0.36
4.00
1.06
1.60
0.80
0.48
3.00
1.08
1.70
0.70
0.60
2.40
1.10
1.80
0.60
0.72
2.00
1.12
1.90
0.50
0.84
1.71
1.14
2.00
0.40
0.96
1.50
1.16
2.10
0.30
1.08
1.33
1.18
2.20
0.20
1.20
1.20
1.20
2.30
0.10
1.32
1.09
1.22
2.40
0.00
1.44
1.00
1.24
2.50
-0.10
1.56
0.92
1.27
2.60
-0.20
1.68
0.86
1.29
2.70
-0.30
1.80
0.80
1.31
2.80
-0.40
1.92
0.75
1.34
2.90
-0.50
2.04
0.71
1.36
3.00
-0.60
2.16
0.67
1.39
3.10
-0.70
2.28
0.63
1.41
3.20
-0.80
2.40
0.60
1.44
3.30
-0.90
2.52
0.57
1.47
3.40
-1.00
2.64
0.55
1.49
3.50
-1.10
2.76
0.52
1.52
3.60
-1.20
2.88
0.50
1.55
3.70
-1.30
3.00
0.48
1.58
3.80
-1.40
3.12
0.46
1.61
3.90
-1.50
3.24
0.44
1.64
4.00
-1.60
3.36
0.43
1.67
4.10
-1.70
3.48
0.41
1.70
4.20
-1.80
3.60
0.40
1.73
4.30
-1.90
3.72
0.39
1.76
4.40
-2.00
3.84
1.79
4.50
-2.10
3.96
0.36
1.83
4.60
-2.20
4.08
0.35
1.86
4.70
-2.30
4.20
0.34
1.89
4.80
-2.40
4.32
0.33
1.93
4.90
-2.50
4.44
0.32
1.96
5.00
-2.60
4.56
0.32
2.00
5.10
-2.70
4.68
0.31
2.04
5.20
-2.80
4.80
0.30
5.30
-2.90
4.92
0.29
5.40
-3.00
5.04
0.29
5.50
-3.10
5.16
0.28
5.60
-3.20
5.28
0.27
5.70
-3.30
5.40
0.27
5.80
-3.40
5.52
0.26
5.90
-3.50
5.64
0.26
6.00
-3.60
5.76
0.25
6.10
-3.70
5.88
0.24
6.20
-3.80
6.00
0.24
6.30
-3.90
6.12
0.24
6.40
-4.00
6.24
0.23
6.50
-4.10
6.36
0.23
6.60
-4.20
6.48
0.22
6.70
-4.30
6.60
0.22
6.80
-4.40
6.72
0.21
6.90
-4.50
6.84
0.21
7.00
-4.60
6.96
0.21
7.10
-4.70
7.08
0.20
7.20
-4.80
7.20
0.20
1.30
1.30
0.00
1.00
1.40
1.20
0.13
13.00
1.03
1.50
1.10
0.26
6.50
1.05
1.60
1.00
0.39
4.33
1.08
1.70
0.90
0.52
3.25
1.11
1.80
0.80
0.65
2.60
1.14
1.90
0.70
0.78
2.17
1.17
2.00
0.60
0.91
1.86
1.20
2.10
0.50
1.04
1.62
1.23
2.20
0.40
1.17
1.44
1.27
2.30
0.30
1.30
1.30
1.30
2.40
0.20
1.43
1.18
1.33
2.50
0.10
1.56
1.08
1.37
2.60
0.00
1.69
1.00
1.41
2.70
-0.10
1.82
0.93
1.44
2.80
-0.20
1.95
0.87
1.48
2.90
-0.30
2.08
0.81
1.52
3.00
-0.40
2.21
0.76
1.56
3.10
-0.50
2.34
0.72
1.60
3.20
-0.60
2.47
0.68
1.65
3.30
-0.70
2.60
0.65
1.69
3.40
-0.80
2.73
0.62
1.73
3.50
-0.90
2.86
0.59
1.78
3.60
-1.00
2.99
0.57
1.83
3.70
-1.10
3.12
0.54
1.88
3.80
-1.20
3.25
0.52
1.93
3.90
-1.30
3.38
0.50
1.98
4.00
-1.40
3.51
0.48
2.03
4.10
-1.50
3.64
0.46
2.08
4.20
-1.60
3.77
0.45
2.14
4.30
-1.70
3.90
0.43
2.20
4.40
-1.80
4.03
0.42
2.26
4.50
-1.90
4.16
0.41
2.32
4.60
-2.00
4.29
0.39
2.38
4.70
-2.10
4.42
0.38
2.44
4.80
-2.20
4.55
0.37
2.50
4.90
-2.30
4.68
0.36
2.57
5.00
-2.40
4.81
0.35
2.64
5.10
-2.50
4.94
0.34
2.71
5.20
-2.60
5.07
0.33
2.78
5.30
-2.70
5.20
5.40
-2.80
5.33
0.32
5.50
-2.90
5.46
0.31
5.60
-3.00
5.59
0.30
5.70
-3.10
5.72
0.30
5.80
-3.20
5.85
0.29
5.90
-3.30
5.98
0.28
6.00
-3.40
6.11
0.28
6.10
-3.50
6.24
0.27
6.20
-3.60
6.37
0.27
6.30
-3.70
6.50
0.26
6.40
-3.80
6.63
0.25
6.50
-3.90
6.76
0.25
6.60
-4.00
6.89
0.25
6.70
-4.10
7.02
0.24
6.80
-4.20
7.15
0.24
6.90
-4.30
7.28
0.23
7.00
-4.40
7.41
0.23
7.10
-4.50
7.54
0.22
7.20
-4.60
7.67
0.22
7.30
-4.70
7.80
0.22
1.40
1.40
0.00
1.00
1.50
1.30
0.14
14.00
1.03
1.60
1.20
0.28
7.00
1.07
1.70
1.10
0.42
4.67
1.11
1.80
1.00
0.56
3.50
1.14
1.90
0.90
0.70
2.80
1.18
2.00
0.80
0.84
2.33
1.22
2.10
0.70
0.98
2.00
1.27
2.20
0.60
1.12
1.75
1.31
2.30
0.50
1.26
1.56
1.35
2.40
0.40
1.40
1.40
1.40
2.50
0.30
1.54
1.27
1.45
2.60
0.20
1.68
1.17
1.50
2.70
0.10
1.82
1.08
1.55
2.80
0.00
1.96
1.00
1.60
2.90
-0.10
2.10
0.93
1.66
3.00
-0.20
2.24
1.71
3.10
-0.30
2.38
0.82
1.77
3.20
-0.40
2.52
0.78
1.83
3.30
-0.50
2.66
0.74
1.90
3.40
-0.60
2.80
0.70
1.96
3.50
-0.70
2.94
0.67
2.03
3.60
-0.80
3.08
0.64
2.10
3.70
-0.90
3.22
0.61
2.17
3.80
-1.00
3.36
0.58
2.24
3.90
-1.10
3.50
0.56
2.32
4.00
-1.20
3.64
0.54
2.40
4.10
-1.30
3.78
0.52
2.48
4.20
-1.40
3.92
0.50
2.57
4.30
-1.50
4.06
0.48
2.65
4.40
-1.60
4.20
0.47
2.74
4.50
-1.70
4.34
0.45
2.84
4.60
-1.80
4.48
0.44
2.94
4.70
-1.90
4.62
0.42
3.04
4.80
-2.00
4.76
0.41
3.14
4.90
-2.10
4.90
0.40
3.25
5.00
-2.20
5.04
0.39
3.36
5.10
-2.30
5.18
0.38
3.47
5.20
-2.40
5.32
0.37
3.59
5.30
-2.50
5.46
0.36
3.71
5.40
-2.60
5.60
0.35
5.50
-2.70
5.74
0.34
5.60
-2.80
5.88
0.33
5.70
-2.90
6.02
0.33
5.80
-3.00
6.16
0.32
5.90
-3.10
6.30
0.31
6.00
-3.20
6.44
0.30
6.10
-3.30
6.58
0.30
6.20
-3.40
6.72
0.29
6.30
-3.50
6.86
0.29
6.40
-3.60
7.00
0.28
6.50
-3.70
7.14
0.27
6.60
-3.80
7.28
0.27
6.70
-3.90
7.42
0.26
6.80
-4.00
7.56
0.26
6.90
-4.10
7.70
0.25
7.00
-4.20
7.84
0.25
7.10
-4.30
7.98
0.25
7.20
-4.40
8.12
0.24
7.30
-4.50
8.26
0.24
7.40
-4.60
8.40
0.23
1.50
1.50
0.00
1.00
1.60
1.40
0.15
15.00
1.04
1.70
1.30
0.30
7.50
1.08
1.80
1.20
0.45
5.00
1.13
1.90
1.10
0.60
3.75
1.18
2.00
1.00
0.75
3.00
1.22
2.10
0.90
0.90
2.50
1.28
2.20
0.80
1.05
2.14
1.33
2.30
0.70
1.20
1.88
1.38
2.40
0.60
1.35
1.67
1.44
2.50
0.50
1.50
1.50
1.50
2.60
0.40
1.65
1.36
1.56
2.70
0.30
1.80
1.25
1.63
2.80
0.20
1.95
1.15
1.69
2.90
0.10
2.10
1.07
1.76
3.00
0.00
2.25
1.00
1.84
3.10
-0.10
2.40
0.94
1.91
3.20
-0.20
2.55
0.88
1.99
3.30
-0.30
2.70
0.83
2.07
3.40
-0.40
2.85
0.79
2.16
3.50
-0.50
3.00
0.75
2.25
3.60
-0.60
3.15
0.71
2.34
3.70
-0.70
3.30
0.68
2.44
3.80
-0.80
3.45
0.65
2.54
3.90
-0.90
3.60
0.62
2.65
4.00
-1.00
3.75
0.60
2.76
4.10
-1.10
3.90
0.58
2.87
4.20
-1.20
4.05
0.56
2.99
4.30
-1.30
4.20
0.54
3.11
4.40
-1.40
4.35
0.52
3.24
4.50
-1.50
4.50
0.50
3.38
4.60
-1.60
4.65
0.48
3.51
4.70
-1.70
4.80
0.47
3.66
4.80
-1.80
4.95
0.45
3.81
4.90
-1.90
5.10
0.44
3.97
5.00
-2.00
5.25
0.43
4.13
5.10
-2.10
5.40
0.42
4.30
5.20
-2.20
5.55
0.41
4.48
5.30
-2.30
5.70
0.39
4.67
5.40
-2.40
5.85
0.38
4.86
5.50
-2.50
6.00
0.38
5.60
-2.60
6.15
0.37
5.70
-2.70
6.30
0.36
5.80
-2.80
6.45
0.35
5.90
-2.90
6.60
0.34
6.00
-3.00
6.75
0.33
6.10
-3.10
6.90
0.33
6.20
-3.20
7.05
0.32
6.30
-3.30
7.20
0.31
6.40
-3.40
7.35
0.31
6.50
-3.50
7.50
0.30
6.60
-3.60
7.65
0.29
6.70
-3.70
7.80
0.29
6.80
-3.80
7.95
0.28
6.90
-3.90
8.10
0.28
7.00
-4.00
8.25
0.27
7.10
-4.10
8.40
0.27
7.20
-4.20
8.55
0.26
7.30
-4.30
8.70
0.26
7.40
-4.40
8.85
0.25
7.50
-4.50
9.00
0.25
1.60
1.60
0.00
1.00
1.70
1.50
0.16
16.00
1.05
1.80
1.40
0.32
8.00
1.10
1.90
1.30
0.48
5.33
1.15
2.00
1.20
0.64
4.00
1.21
2.10
1.10
0.80
3.20
1.26
2.20
1.00
0.96
2.67
1.33
2.30
0.90
1.12
2.29
1.39
2.40
0.80
1.28
2.00
1.46
2.50
0.70
1.44
1.78
1.53
2.60
0.60
1.60
1.60
1.60
2.70
0.50
1.76
1.45
1.68
2.80
0.40
1.92
1.33
1.76
2.90
0.30
2.08
1.23
1.84
3.00
0.20
2.24
1.14
1.93
3.10
0.10
2.40
1.07
2.02
3.20
0.00
2.56
1.00
2.12
3.30
-0.10
2.72
0.94
2.22
3.40
-0.20
2.88
0.89
2.33
3.50
-0.30
3.04
0.84
2.44
3.60
-0.40
3.20
0.80
2.56
3.70
-0.50
3.36
0.76
2.68
3.80
-0.60
3.52
0.73
2.81
3.90
-0.70
3.68
0.70
2.95
4.00
-0.80
3.84
0.67
3.09
4.10
-0.90
4.00
0.64
3.24
4.20
-1.00
4.16
0.62
3.39
4.30
-1.10
4.32
0.59
3.56
4.40
-1.20
4.48
0.57
3.73
4.50
-1.30
4.64
0.55
3.91
4.60
-1.40
4.80
0.53
4.10
4.70
-1.50
4.96
0.52
4.29
4.80
-1.60
5.12
0.50
4.50
4.90
-1.70
5.28
0.48
4.72
5.00
-1.80
5.44
0.47
4.94
5.10
-1.90
5.60
0.46
5.18
5.20
-2.00
5.76
0.44
5.43
5.30
-2.10
5.92
0.43
5.69
5.40
-2.20
6.08
0.42
5.97
5.50
-2.30
6.24
0.41
6.25
5.60
-2.40
6.40
0.40
5.70
-2.50
6.56
0.39
5.80
-2.60
6.72
0.38
5.90
-2.70
6.88
0.37
6.00
-2.80
7.04
0.36
6.10
-2.90
7.20
0.36
6.20
-3.00
7.36
0.35
6.30
-3.10
7.52
0.34
6.40
-3.20
7.68
0.33
6.50
-3.30
7.84
0.33
6.60
-3.40
8.00
0.32
6.70
-3.50
8.16
0.31
6.80
-3.60
8.32
0.31
6.90
-3.70
8.48
0.30
7.00
-3.80
8.64
0.30
7.10
-3.90
8.80
0.29
7.20
-4.00
8.96
0.29
7.30
-4.10
9.12
0.28
7.40
-4.20
9.28
0.28
7.50
-4.30
9.44
0.27
7.60
-4.40
9.60
0.27
1.70
1.70
0.00
1.00
1.80
1.60
0.17
17.00
1.05
1.90
1.50
0.34
8.50
1.11
2.00
1.40
0.51
5.67
1.17
2.10
1.30
0.68
4.25
1.24
2.20
1.20
0.85
3.40
1.30
2.30
1.10
1.02
2.83
1.37
2.40
1.00
1.19
2.43
1.45
2.50
0.90
1.36
2.12
1.53
2.60
0.80
1.53
1.89
1.61
2.70
0.70
1.70
1.70
1.70
2.80
0.60
1.87
1.55
1.79
2.90
0.50
2.04
1.42
1.89
3.00
0.40
2.21
1.31
1.99
3.10
0.30
2.38
1.21
2.10
3.20
0.20
2.55
1.13
2.22
3.30
0.10
2.72
1.06
2.34
3.40
0.00
2.89
1.00
2.46
3.50
-0.10
3.06
0.94
2.60
3.60
-0.20
3.23
0.89
2.74
3.70
-0.30
3.40
0.85
2.89
3.80
-0.40
3.57
0.81
3.05
3.90
-0.50
3.74
0.77
3.21
4.00
-0.60
3.91
0.74
3.39
4.10
-0.70
4.08
0.71
3.57
4.20
-0.80
4.25
0.68
3.77
4.30
-0.90
4.42
0.65
3.97
4.40
-1.00
4.59
0.63
4.19
4.50
-1.10
4.76
0.61
4.42
4.60
-1.20
4.93
0.59
4.66
4.70
-1.30
5.10
0.57
4.91
4.80
-1.40
5.27
0.55
5.18
4.90
-1.50
5.44
0.53
5.46
5.00
-1.60
5.61
0.52
5.76
5.10
-1.70
5.78
0.50
6.07
5.20
-1.80
5.95
0.49
6.41
5.30
-1.90
6.12
0.47
6.75
5.40
-2.00
6.29
0.46
7.12
5.50
-2.10
6.46
0.45
7.51
5.60
-2.20
6.63
0.44
7.92
5.70
-2.30
6.80
5.80
-2.40
6.97
0.41
5.90
-2.50
7.14
0.40
6.00
-2.60
7.31
0.40
6.10
-2.70
7.48
0.39
6.20
-2.80
7.65
0.38
6.30
-2.90
7.82
0.37
6.40
-3.00
7.99
0.36
6.50
-3.10
8.16
0.35
6.60
-3.20
8.33
0.35
6.70
-3.30
8.50
0.34
6.80
-3.40
8.67
0.33
6.90
-3.50
8.84
0.33
7.00
-3.60
9.01
0.32
7.10
-3.70
9.18
0.31
7.20
-3.80
9.35
0.31
7.30
-3.90
9.52
0.30
7.40
-4.00
9.69
0.30
7.50
-4.10
9.86
0.29
7.60
-4.20
10.03
0.29
7.70
-4.30
10.20
0.28
1.80
1.80
0.00
1.00
1.90
1.70
0.18
18.00
1.06
2.00
1.60
0.36
9.00
1.12
2.10
1.50
0.54
6.00
1.19
2.20
1.40
0.72
4.50
1.27
2.30
1.30
0.90
3.60
1.34
2.40
1.20
1.08
3.00
1.42
2.50
1.10
1.26
2.57
1.51
2.60
1.00
1.44
2.25
1.60
2.70
0.90
1.62
2.00
1.70
2.80
0.80
1.80
1.80
1.80
2.90
0.70
1.98
1.64
1.91
3.00
0.60
2.16
1.50
2.02
3.10
0.50
2.34
1.38
2.15
3.20
0.40
2.52
1.29
2.28
3.30
0.30
2.70
1.20
2.41
3.40
0.20
2.88
1.12
2.56
3.50
0.10
3.06
1.06
2.72
3.60
0.00
3.24
1.00
2.88
3.70
-0.10
3.42
0.95
3.06
3.80
-0.20
3.60
0.90
3.24
3.90
-0.30
3.78
0.86
3.44
4.00
-0.40
3.96
0.82
3.64
4.10
-0.50
4.14
0.78
3.86
4.20
-0.60
4.32
0.75
4.10
4.30
-0.70
4.50
0.72
4.35
4.40
-0.80
4.68
0.69
4.61
4.50
-0.90
4.86
0.67
4.89
4.60
-1.00
5.04
0.64
5.19
4.70
-1.10
5.22
0.62
5.50
4.80
-1.20
5.40
0.60
5.83
4.90
-1.30
5.58
0.58
6.19
5.00
-1.40
5.76
0.56
6.56
5.10
-1.50
5.94
0.55
6.96
5.20
-1.60
6.12
0.53
7.38
5.30
-1.70
6.30
0.51
7.82
5.40
-1.80
6.48
0.50
8.30
5.50
-1.90
6.66
0.49
8.80
5.60
-2.00
6.84
0.47
9.33
5.70
-2.10
7.02
0.46
9.90
5.80
-2.20
7.20
0.45
5.90
-2.30
7.38
0.44
6.00
-2.40
7.56
0.43
6.10
-2.50
7.74
0.42
6.20
-2.60
7.92
0.41
6.30
-2.70
8.10
0.40
6.40
-2.80
8.28
0.39
6.50
-2.90
8.46
0.38
6.60
-3.00
8.64
6.70
-3.10
8.82
0.37
6.80
-3.20
9.00
0.36
6.90
-3.30
9.18
0.35
7.00
-3.40
9.36
0.35
7.10
-3.50
9.54
0.34
7.20
-3.60
9.72
0.33
7.30
-3.70
9.90
0.33
7.40
-3.80
10.08
0.32
7.50
-3.90
10.26
0.32
7.60
-4.00
10.44
0.31
7.70
-4.10
10.62
0.31
7.80
-4.20
10.80
0.30
1.90
1.90
0.00
1.00
2.00
1.80
0.19
19.00
1.07
2.10
1.70
0.38
9.50
1.14
2.20
1.60
0.57
6.33
1.21
2.30
1.50
0.76
4.75
1.29
2.40
1.40
0.95
3.80
1.38
2.50
1.30
1.14
3.17
1.47
2.60
1.20
1.33
2.71
1.57
2.70
1.10
1.52
1.67
2.80
1.00
1.71
2.11
1.78
2.90
0.90
1.90
1.90
1.90
3.00
0.80
2.09
1.73
2.03
3.10
0.70
2.28
1.58
2.16
3.20
0.60
2.47
1.46
2.30
3.30
0.50
2.66
1.36
2.46
3.40
0.40
2.85
1.27
2.62
3.50
0.30
3.04
1.19
2.79
3.60
0.20
3.23
1.12
2.98
3.70
0.10
3.42
1.06
3.18
3.80
0.00
3.61
1.00
3.39
3.90
-0.10
3.80
0.95
3.61
4.00
-0.20
3.99
0.90
3.85
4.10
-0.30
4.18
0.86
4.10
4.20
-0.40
4.37
0.83
4.38
4.30
-0.50
4.56
0.79
4.67
4.40
-0.60
4.75
0.76
4.98
4.50
-0.70
4.94
0.73
5.31
4.60
-0.80
5.13
0.70
5.66
4.70
-0.90
5.32
0.68
6.03
4.80
-1.00
5.51
0.66
6.43
4.90
-1.10
5.70
0.63
6.86
5.00
-1.20
5.89
0.61
7.31
5.10
-1.30
6.08
0.59
7.80
5.20
-1.40
6.27
0.58
8.32
5.30
-1.50
6.46
0.56
8.87
5.40
-1.60
6.65
0.54
9.45
5.50
-1.70
6.84
0.53
10.08
5.60
-1.80
7.03
0.51
10.75
5.70
-1.90
7.22
0.50
11.46
5.80
-2.00
7.41
0.49
12.22
5.90
-2.10
7.60
6.00
-2.20
7.79
0.46
6.10
-2.30
7.98
0.45
6.20
-2.40
8.17
0.44
6.30
-2.50
8.36
0.43
6.40
-2.60
8.55
0.42
6.50
-2.70
8.74
0.41
6.60
-2.80
8.93
0.40
6.70
-2.90
9.12
0.40
6.80
-3.00
9.31
0.39
6.90
-3.10
9.50
0.38
7.00
-3.20
9.69
0.37
7.10
-3.30
9.88
0.37
7.20
-3.40
10.07
0.36
7.30
-3.50
10.26
0.35
7.40
-3.60
10.45
0.35
7.50
-3.70
10.64
0.34
7.60
-3.80
10.83
0.33
7.70
-3.90
11.02
0.33
7.80
-4.00
11.21
0.32
7.90
-4.10
11.40
0.32
2.00
2.00
0.00
1.00
2.10
1.90
0.20
20.00
1.07
2.20
1.80
0.40
10.00
1.15
2.30
1.70
0.60
6.67
1.23
2.40
1.60
0.80
5.00
1.32
2.50
1.50
1.00
4.00
1.41
2.60
1.40
1.20
3.33
1.52
2.70
1.30
1.40
2.86
1.62
2.80
1.20
1.60
2.50
1.74
2.90
1.10
1.80
2.22
1.87
3.00
1.00
2.00
2.00
2.00
3.10
0.90
2.20
1.82
2.14
3.20
0.80
2.40
1.67
2.30
3.30
0.70
2.60
1.54
2.46
3.40
0.60
2.80
1.43
2.64
3.50
0.50
3.00
1.33
2.83
3.60
0.40
3.20
1.25
3.03
3.70
0.30
3.40
1.18
3.25
3.80
0.20
3.60
1.11
3.48
3.90
0.10
3.80
1.05
3.73
4.00
0.00
4.00
1.00
4.00
4.10
-0.10
4.20
0.95
4.29
4.20
-0.20
4.40
0.91
4.59
4.30
-0.30
4.60
0.87
4.92
4.40
-0.40
4.80
0.83
5.28
4.50
-0.50
5.00
0.80
5.66
4.60
-0.60
5.20
0.77
6.06
4.70
-0.70
5.40
0.74
6.50
4.80
-0.80
5.60
0.71
6.96
4.90
-0.90
5.80
0.69
7.46
5.00
-1.00
6.00
0.67
8.00
5.10
-1.10
6.20
0.65
8.57
5.20
-1.20
6.40
0.62
9.19
5.30
-1.30
6.60
0.61
9.85
5.40
-1.40
6.80
0.59
10.56
5.50
-1.50
7.00
0.57
11.31
5.60
-1.60
7.20
0.56
12.13
5.70
-1.70
7.40
0.54
13.00
5.80
-1.80
7.60
0.53
13.93
5.90
-1.90
7.80
0.51
14.93
6.00
-2.00
8.00
0.50
6.10
-2.10
8.20
0.49
6.20
-2.20
8.40
0.48
6.30
-2.30
8.60
0.47
6.40
-2.40
8.80
0.45
6.50
-2.50
9.00
0.44
6.60
-2.60
9.20
0.43
6.70
-2.70
9.40
0.43
6.80
-2.80
9.60
0.42
6.90
-2.90
9.80
0.41
7.00
-3.00
10.00
0.40
7.10
-3.10
10.20
0.39
7.20
-3.20
10.40
0.38
7.30
-3.30
10.60
0.38
7.40
-3.40
10.80
0.37
7.50
-3.50
11.00
0.36
7.60
-3.60
11.20
0.36
7.70
-3.70
11.40
0.35
7.80
-3.80
11.60
0.34
7.90
-3.90
11.80
0.34
8.00
-4.00
12.00
0.33
2.10
2.10
0.00
1.00
2.20
2.00
0.21
21.00
1.08
2.30
1.90
0.42
10.50
1.16
2.40
1.80
0.63
7.00
1.25
2.50
1.70
0.84
5.25
1.35
2.60
1.60
1.05
4.20
1.45
2.70
1.50
1.26
3.50
1.56
2.80
1.40
1.47
3.00
1.68
2.90
1.30
1.68
2.62
1.81
3.00
1.20
1.89
2.33
1.95
3.10
1.10
2.10
2.10
2.10
3.20
1.00
2.31
1.91
2.26
3.30
0.90
2.52
1.75
2.44
3.40
0.80
2.73
1.62
2.62
3.50
0.70
2.94
1.50
2.83
3.60
0.60
3.15
1.40
3.04
3.70
0.50
3.36
1.31
3.28
3.80
0.40
3.57
1.24
3.53
3.90
0.30
3.78
1.17
3.80
4.00
0.20
3.99
1.11
4.09
4.10
0.10
4.20
1.05
4.41
4.20
0.00
4.41
1.00
4.75
4.30
-0.10
4.62
0.95
5.12
4.40
-0.20
4.83
0.91
5.51
4.50
-0.30
5.04
5.93
4.60
-0.40
5.25
0.84
6.39
4.70
-0.50
5.46
0.81
6.88
4.80
-0.60
5.67
0.78
7.41
4.90
-0.70
5.88
0.75
7.98
5.00
-0.80
6.09
0.72
8.60
5.10
-0.90
6.30
0.70
9.26
5.20
-1.00
6.51
0.68
9.97
5.30
-1.10
6.72
0.66
10.74
5.40
-1.20
6.93
0.64
11.57
5.50
-1.30
7.14
0.62
12.46
5.60
-1.40
7.35
0.60
13.42
5.70
-1.50
7.56
0.58
14.45
5.80
-1.60
7.77
0.57
15.57
5.90
-1.70
7.98
0.55
16.77
6.00
-1.80
8.19
0.54
18.06
6.10
-1.90
8.40
6.20
-2.00
8.61
0.51
6.30
-2.10
8.82
0.50
6.40
-2.20
9.03
0.49
6.50
-2.30
9.24
0.48
6.60
-2.40
9.45
0.47
6.70
-2.50
9.66
0.46
6.80
-2.60
9.87
0.45
6.90
-2.70
10.08
0.44
7.00
-2.80
10.29
0.43
7.10
-2.90
10.50
0.42
7.20
-3.00
10.71
0.41
7.30
-3.10
10.92
0.40
7.40
-3.20
11.13
0.40
7.50
-3.30
11.34
0.39
7.60
-3.40
11.55
0.38
7.70
-3.50
11.76
0.38
7.80
-3.60
11.97
0.37
7.90
-3.70
12.18
0.36
8.00
-3.80
12.39
0.36
8.10
-3.90
12.60
0.35
2.20
2.20
0.00
1.00
2.30
2.10
0.22
22.00
1.08
2.40
2.00
0.44
11.00
1.17
2.50
1.90
0.66
7.33
1.27
2.60
1.80
0.88
5.50
1.37
2.70
1.70
1.10
4.40
1.48
2.80
1.60
1.32
3.67
1.60
2.90
1.50
1.54
3.14
1.74
3.00
1.40
1.76
2.75
1.88
3.10
1.30
1.98
2.44
2.03
3.20
1.20
2.20
2.20
2.20
3.30
1.10
2.42
2.00
2.38
3.40
1.00
2.64
1.83
2.58
3.50
0.90
2.86
1.69
2.79
3.60
0.80
3.08
1.57
3.02
3.70
0.70
3.30
1.47
3.26
3.80
0.60
3.52
1.38
3.53
3.90
0.50
3.74
1.29
3.82
4.00
0.40
3.96
1.22
4.13
4.10
0.30
4.18
1.16
4.47
4.20
0.20
4.40
1.10
4.84
4.30
0.10
4.62
1.05
5.24
4.40
0.00
4.84
1.00
5.67
4.50
-0.10
5.06
0.96
6.13
4.60
-0.20
5.28
0.92
6.63
4.70
-0.30
5.50
0.88
7.18
4.80
-0.40
5.72
0.85
7.77
4.90
-0.50
5.94
0.81
8.41
5.00
-0.60
6.16
0.79
9.09
5.10
-0.70
6.38
0.76
9.84
5.20
-0.80
6.60
0.73
10.65
5.30
-0.90
6.82
0.71
11.52
5.40
-1.00
7.04
0.69
12.47
5.50
-1.10
7.26
0.67
13.49
5.60
-1.20
7.48
0.65
14.60
5.70
-1.30
7.70
0.63
15.79
5.80
-1.40
7.92
0.61
17.09
5.90
-1.50
8.14
0.59
18.49
6.00
-1.60
8.36
0.58
20.01
6.10
-1.70
8.58
0.56
21.65
6.20
-1.80
8.80
0.55
6.30
-1.90
9.02
0.54
6.40
-2.00
9.24
0.52
6.50
-2.10
9.46
0.51
6.60
-2.20
9.68
0.50
6.70
-2.30
9.90
0.49
6.80
-2.40
10.12
0.48
6.90
-2.50
10.34
0.47
7.00
-2.60
10.56
0.46
7.10
-2.70
10.78
0.45
7.20
-2.80
11.00
0.44
7.30
-2.90
11.22
0.43
7.40
-3.00
11.44
0.42
7.50
-3.10
11.66
0.42
7.60
-3.20
11.88
0.41
7.70
-3.30
12.10
0.40
7.80
-3.40
12.32
0.39
7.90
-3.50
12.54
0.39
8.00
-3.60
12.76
0.38
8.10
-3.70
12.98
0.37
8.20
-3.80
13.20
0.37
2.30
2.30
0.00
1.00
2.40
2.20
0.23
23.00
1.09
2.50
2.10
0.46
11.50
1.18
2.60
2.00
0.69
7.67
1.28
2.70
1.90
0.92
5.75
1.40
2.80
1.80
1.15
4.60
1.52
2.90
1.70
1.38
3.83
1.65
3.00
1.60
1.61
3.29
1.79
3.10
1.50
1.84
1.95
3.20
1.40
2.07
2.56
2.12
3.30
1.30
2.30
2.30
2.30
3.40
1.20
2.53
2.09
2.50
3.50
1.10
2.76
1.92
2.72
3.60
1.00
2.99
1.77
2.95
3.70
0.90
3.22
1.64
3.21
3.80
0.80
3.45
1.53
3.49
3.90
0.70
3.68
1.44
3.79
4.00
0.60
3.91
1.35
4.12
4.10
0.50
4.14
1.28
4.48
4.20
0.40
4.37
1.21
4.87
4.30
0.30
4.60
1.15
5.29
4.40
0.20
4.83
1.10
5.75
4.50
0.10
5.06
1.05
6.25
4.60
0.00
5.29
1.00
6.79
4.70
-0.10
5.52
0.96
7.38
4.80
-0.20
5.75
0.92
8.02
4.90
-0.30
5.98
0.88
8.72
5.00
-0.40
6.21
0.85
9.48
5.10
-0.50
6.44
0.82
10.30
5.20
-0.60
6.67
0.79
11.19
5.30
-0.70
6.90
0.77
12.17
5.40
-0.80
7.13
0.74
13.22
5.50
-0.90
7.36
0.72
14.37
5.60
-1.00
7.59
0.70
15.62
5.70
-1.10
7.82
0.68
16.98
5.80
-1.20
8.05
0.66
18.45
5.90
-1.30
8.28
0.64
20.05
6.00
-1.40
8.51
0.62
21.80
6.10
-1.50
8.74
0.61
23.69
6.20
-1.60
8.97
0.59
25.75
6.30
-1.70
9.20
6.40
-1.80
9.43
0.56
6.50
-1.90
9.66
0.55
6.60
-2.00
9.89
0.53
6.70
-2.10
10.12
0.52
6.80
-2.20
10.35
0.51
6.90
-2.30
10.58
0.50
7.00
-2.40
10.81
0.49
7.10
-2.50
11.04
0.48
7.20
-2.60
11.27
0.47
7.30
-2.70
11.50
0.46
7.40
-2.80
11.73
0.45
7.50
-2.90
11.96
0.44
7.60
-3.00
12.19
0.43
7.70
-3.10
12.42
0.43
7.80
-3.20
12.65
0.42
7.90
-3.30
12.88
0.41
8.00
-3.40
13.11
0.40
8.10
-3.50
13.34
0.40
8.20
-3.60
13.57
0.39
8.30
-3.70
13.80
0.38
2.40
2.40
0.00
1.00
2.50
2.30
0.24
24.00
1.09
2.60
2.20
0.48
12.00
1.19
2.70
2.10
0.72
8.00
1.30
2.80
2.00
0.96
6.00
1.42
2.90
1.90
1.20
4.80
1.55
3.00
1.80
1.44
4.00
1.69
3.10
1.70
1.68
3.43
1.85
3.20
1.60
1.92
3.00
2.01
3.30
1.50
2.16
2.67
2.20
3.40
1.40
2.40
2.40
2.40
3.50
1.30
2.64
2.18
2.62
3.60
1.20
2.88
2.00
2.86
3.70
1.10
3.12
1.85
3.12
3.80
1.00
3.36
1.71
3.41
3.90
0.90
3.60
1.60
3.72
4.00
0.80
3.84
1.50
4.06
4.10
0.70
4.08
1.41
4.43
4.20
0.60
4.32
1.33
4.83
4.30
0.50
4.56
1.26
5.28
4.40
0.40
4.80
1.20
5.76
4.50
0.30
5.04
1.14
6.29
4.60
0.20
5.28
1.09
6.86
4.70
0.10
5.52
1.04
7.49
4.80
0.00
5.76
1.00
8.18
4.90
-0.10
6.00
0.96
8.92
5.00
-0.20
6.24
0.92
9.74
5.10
-0.30
6.48
0.89
10.63
5.20
-0.40
6.72
0.86
11.60
5.30
-0.50
6.96
0.83
12.67
5.40
-0.60
7.20
0.80
13.82
5.50
-0.70
7.44
0.77
15.09
5.60
-0.80
7.68
0.75
16.47
5.70
-0.90
7.92
0.73
17.98
5.80
-1.00
8.16
0.71
19.62
5.90
-1.10
8.40
0.69
21.42
6.00
-1.20
8.64
0.67
23.38
6.10
-1.30
8.88
0.65
25.51
6.20
-1.40
9.12
0.63
27.85
6.30
-1.50
9.36
0.62
30.40
6.40
-1.60
9.60
0.60
6.50
-1.70
9.84
0.59
6.60
-1.80
10.08
0.57
6.70
-1.90
10.32
0.56
6.80
-2.00
10.56
0.55
6.90
-2.10
10.80
0.53
7.00
-2.20
11.04
0.52
7.10
-2.30
11.28
0.51
7.20
-2.40
11.52
0.50
7.30
-2.50
11.76
0.49
7.40
-2.60
12.00
0.48
7.50
-2.70
12.24
0.47
7.60
-2.80
12.48
0.46
7.70
-2.90
12.72
0.45
7.80
-3.00
12.96
0.44
7.90
-3.10
13.20
0.44
8.00
-3.20
13.44
0.43
8.10
-3.30
13.68
0.42
8.20
-3.40
13.92
0.41
8.30
-3.50
14.16
0.41
8.40
-3.60
14.40
0.40
2.50
2.50
0.00
1.00
2.60
2.40
0.25
25.00
1.10
2.70
2.30
0.50
12.50
1.20
2.80
2.20
0.75
8.33
1.32
2.90
2.10
1.00
6.25
1.44
3.00
2.00
1.25
5.00
1.58
3.10
1.90
1.50
4.17
1.73
3.20
1.80
1.75
3.57
1.90
3.30
1.70
2.00
3.12
2.08
3.40
1.60
2.25
2.78
2.28
3.50
1.50
2.50
2.50
2.50
3.60
1.40
2.75
2.27
2.74
3.70
1.30
3.00
2.08
3.00
3.80
1.20
3.25
1.92
3.29
3.90
1.10
3.50
1.79
3.61
4.00
1.00
3.75
1.67
3.95
4.10
0.90
4.00
1.56
4.33
4.20
0.80
4.25
1.47
4.75
4.30
0.70
4.50
1.39
5.20
4.40
0.60
4.75
1.32
5.70
4.50
0.50
5.00
1.25
6.25
4.60
0.40
5.25
1.19
6.85
4.70
0.30
5.50
1.14
7.51
4.80
0.20
5.75
1.09
8.23
4.90
0.10
6.00
1.04
9.02
5.00
0.00
6.25
1.00
9.88
5.10
-0.10
6.50
0.96
10.83
5.20
-0.20
6.75
0.93
11.87
5.30
-0.30
7.00
0.89
13.01
5.40
-0.40
7.25
0.86
14.26
5.50
-0.50
7.50
0.83
15.62
5.60
-0.60
7.75
0.81
17.12
5.70
-0.70
8.00
0.78
18.77
5.80
-0.80
8.25
0.76
20.57
5.90
-0.90
8.50
0.74
22.54
6.00
-1.00
8.75
0.71
24.71
6.10
-1.10
9.00
0.69
27.08
6.20
-1.20
9.25
0.68
29.67
6.30
-1.30
9.50
0.66
32.52
6.40
-1.40
9.75
0.64
35.64
6.50
-1.50
10.00
0.62
6.60
-1.60
10.25
0.61
6.70
-1.70
10.50
0.60
6.80
-1.80
10.75
0.58
6.90
-1.90
11.00
0.57
7.00
-2.00
11.25
0.56
7.10
-2.10
11.50
0.54
7.20
-2.20
11.75
0.53
7.30
-2.30
12.00
0.52
7.40
-2.40
12.25
0.51
7.50
-2.50
12.50
0.50
7.60
-2.60
12.75
0.49
7.70
-2.70
13.00
0.48
7.80
-2.80
13.25
0.47
7.90
-2.90
13.50
0.46
8.00
-3.00
13.75
0.45
8.10
-3.10
14.00
0.45
8.20
-3.20
14.25
0.44
8.30
-3.30
14.50
0.43
8.40
-3.40
14.75
0.42
8.50
-3.50
15.00
0.42
2.60
2.60
0.00
1.00
2.70
2.50
0.26
26.00
1.10
2.80
2.40
0.52
13.00
1.21
2.90
2.30
0.78
8.67
1.33
3.00
2.20
1.04
6.50
1.47
3.10
2.10
1.30
5.20
1.61
3.20
2.00
1.56
4.33
1.77
3.30
1.90
1.82
3.71
1.95
3.40
1.80
2.08
3.25
2.15
3.50
1.70
2.34
2.89
2.36
3.60
1.60
2.60
2.60
2.60
3.70
1.50
2.86
2.36
2.86
3.80
1.40
3.12
2.17
3.15
3.90
1.30
3.38
2.00
3.46
4.00
1.20
3.64
1.86
3.81
4.10
1.10
3.90
1.73
4.19
4.20
1.00
4.16
1.62
4.61
4.30
0.90
4.42
1.53
5.08
4.40
0.80
4.68
1.44
5.58
4.50
0.70
4.94
1.37
6.14
4.60
0.60
5.20
1.30
6.76
4.70
0.50
5.46
1.24
7.44
4.80
0.40
5.72
1.18
8.18
4.90
0.30
5.98
1.13
9.00
5.00
0.20
6.24
1.08
9.91
5.10
0.10
6.50
1.04
10.90
5.20
0.00
6.76
1.00
11.99
5.30
-0.10
7.02
0.96
13.20
5.40
-0.20
7.28
0.93
14.52
5.50
-0.30
7.54
0.90
15.97
5.60
-0.40
7.80
0.87
17.58
5.70
-0.50
8.06
0.84
19.34
5.80
-0.60
8.32
0.81
21.28
5.90
-0.70
8.58
0.79
23.41
6.00
-0.80
8.84
0.76
25.76
6.10
-0.90
9.10
0.74
28.34
6.20
-1.00
9.36
0.72
31.18
6.30
-1.10
9.62
0.70
34.31
6.40
-1.20
9.88
0.68
37.75
6.50
-1.30
10.14
0.67
41.53
6.60
-1.40
10.40
0.65
6.70
-1.50
10.66
0.63
6.80
-1.60
10.92
0.62
6.90
-1.70
11.18
0.60
7.00
-1.80
11.44
0.59
7.10
-1.90
11.70
0.58
7.20
-2.00
11.96
0.57
7.30
-2.10
12.22
0.55
7.40
-2.20
12.48
0.54
7.50
-2.30
12.74
0.53
7.60
-2.40
13.00
0.52
7.70
-2.50
13.26
0.51
7.80
-2.60
13.52
0.50
7.90
-2.70
13.78
0.49
8.00
-2.80
14.04
0.48
8.10
-2.90
14.30
0.47
8.20
-3.00
14.56
0.46
8.30
-3.10
14.82
0.46
8.40
-3.20
15.08
0.45
8.50
-3.30
15.34
0.44
8.60
-3.40
15.60
0.43
2.70
2.70
0.00
1.00
2.80
2.60
0.27
27.00
1.10
2.90
2.50
0.54
13.50
1.22
3.00
2.40
0.81
9.00
1.35
3.10
2.30
1.08
6.75
1.49
3.20
2.20
1.35
5.40
1.64
3.30
2.10
1.62
4.50
1.81
3.40
2.00
1.89
3.86
2.00
3.50
1.90
2.16
3.38
2.21
3.60
1.80
2.43
3.00
2.44
3.70
1.70
2.70
2.70
2.70
3.80
1.60
2.97
2.45
2.98
3.90
1.50
3.24
2.25
3.29
4.00
1.40
3.51
2.08
3.64
4.10
1.30
3.78
1.93
4.02
4.20
1.20
4.05
1.80
4.44
4.30
1.10
4.32
1.69
4.90
4.40
1.00
4.59
1.59
5.41
4.50
0.90
4.86
1.50
5.98
4.60
0.80
5.13
1.42
6.60
4.70
0.70
5.40
1.35
7.29
4.80
0.60
5.67
1.29
8.05
4.90
0.50
5.94
1.23
8.89
5.00
0.40
6.21
1.17
9.82
5.10
0.30
6.48
10.85
5.20
0.20
6.75
1.08
11.98
5.30
0.10
7.02
1.04
13.23
5.40
0.00
7.29
1.00
14.61
5.50
-0.10
7.56
0.96
16.14
5.60
-0.20
7.83
0.93
17.82
5.70
-0.30
8.10
0.90
19.68
5.80
-0.40
8.37
0.87
21.74
5.90
-0.50
8.64
0.84
24.01
6.00
-0.60
8.91
0.82
26.52
6.10
-0.70
9.18
0.79
29.28
6.20
-0.80
9.45
0.77
32.34
6.30
-0.90
9.72
0.75
35.72
6.40
-1.00
9.99
0.73
39.45
6.50
-1.10
10.26
0.71
43.57
6.60
-1.20
10.53
0.69
48.12
6.70
-1.30
10.80
0.68
6.80
-1.40
11.07
0.66
6.90
-1.50
11.34
0.64
7.00
-1.60
11.61
0.63
7.10
-1.70
11.88
0.61
7.20
-1.80
12.15
0.60
7.30
-1.90
12.42
0.59
7.40
-2.00
12.69
0.57
7.50
-2.10
12.96
0.56
7.60
-2.20
13.23
0.55
7.70
-2.30
13.50
0.54
7.80
-2.40
13.77
0.53
7.90
-2.50
14.04
0.52
8.00
-2.60
14.31
0.51
8.10
-2.70
14.58
0.50
8.20
-2.80
14.85
0.49
8.30
-2.90
15.12
0.48
8.40
-3.00
15.39
0.47
8.50
-3.10
15.66
0.47
8.60
-3.20
15.93
0.46
8.70
-3.30
16.20
0.45
2.80
2.80
0.00
1.00
2.90
2.70
0.28
28.00
1.11
3.00
2.60
0.56
14.00
1.23
3.10
2.50
0.84
9.33
1.36
3.20
2.40
1.12
7.00
1.51
3.30
2.30
1.40
5.60
1.67
3.40
2.20
1.68
4.67
1.85
3.50
2.10
1.96
4.00
2.06
3.60
2.00
2.24
3.50
2.28
3.70
1.90
2.52
3.11
2.53
3.80
1.80
2.80
2.80
2.80
3.90
1.70
3.08
2.55
3.10
4.00
1.60
3.36
2.33
3.44
4.10
1.50
3.64
2.15
3.81
4.20
1.40
3.92
2.00
4.23
4.30
1.30
4.20
1.87
4.69
4.40
1.20
4.48
1.75
5.19
4.50
1.10
4.76
1.65
5.76
4.60
1.00
5.04
1.56
6.38
4.70
0.90
5.32
1.47
7.07
4.80
0.80
5.60
1.40
7.84
4.90
0.70
5.88
1.33
8.69
5.00
0.60
6.16
1.27
9.63
5.10
0.50
6.44
1.22
10.68
5.20
0.40
6.72
1.17
11.84
5.30
0.30
7.00
1.12
13.12
5.40
0.20
7.28
1.08
14.54
5.50
0.10
7.56
1.04
16.12
5.60
0.00
7.84
1.00
17.87
5.70
-0.10
8.12
0.97
19.80
5.80
-0.20
8.40
0.93
21.95
5.90
-0.30
8.68
0.90
24.33
6.00
-0.40
8.96
26.97
6.10
-0.50
9.24
0.85
29.90
6.20
-0.60
9.52
0.82
33.14
6.30
-0.70
9.80
0.80
36.73
6.40
-0.80
10.08
0.78
40.72
6.50
-0.90
10.36
0.76
45.13
6.60
-1.00
10.64
0.74
50.03
6.70
-1.10
10.92
0.72
55.45
6.80
-1.20
11.20
0.70
6.90
-1.30
11.48
0.68
7.00
-1.40
11.76
0.67
7.10
-1.50
12.04
0.65
7.20
-1.60
12.32
0.64
7.30
-1.70
12.60
0.62
7.40
-1.80
12.88
0.61
7.50
-1.90
13.16
0.60
7.60
-2.00
13.44
0.58
7.70
-2.10
13.72
0.57
7.80
-2.20
14.00
0.56
7.90
-2.30
14.28
0.55
8.00
-2.40
14.56
0.54
8.10
-2.50
14.84
0.53
8.20
-2.60
15.12
0.52
8.30
-2.70
15.40
0.51
8.40
-2.80
15.68
0.50
8.50
-2.90
15.96
0.49
8.60
-3.00
16.24
0.48
8.70
-3.10
16.52
0.47
8.80
-3.20
16.80
0.47
2.90
2.90
0.00
1.00
3.00
2.80
0.29
29.00
1.11
3.10
2.70
0.58
14.50
1.24
3.20
2.60
0.87
9.67
1.38
3.30
2.50
1.16
7.25
1.53
3.40
2.40
1.45
5.80
1.70
3.50
2.30
1.74
4.83
1.89
3.60
2.20
2.03
4.14
2.11
3.70
2.10
2.32
3.62
2.34
3.80
2.00
2.61
3.22
2.61
3.90
1.90
2.90
2.90
2.90
4.00
1.80
3.19
2.64
3.23
4.10
1.70
3.48
2.42
3.59
4.20
1.60
3.77
2.23
3.99
4.30
1.50
4.06
2.07
4.44
4.40
1.40
4.35
1.93
4.94
4.50
1.30
4.64
1.81
5.49
4.60
1.20
4.93
1.71
6.11
4.70
1.10
5.22
1.61
6.80
4.80
1.00
5.51
1.53
7.56
4.90
0.90
5.80
1.45
8.41
5.00
0.80
6.09
1.38
9.35
5.10
0.70
6.38
1.32
10.41
5.20
0.60
6.67
1.26
11.57
5.30
0.50
6.96
1.21
12.88
5.40
0.40
7.25
1.16
14.32
5.50
0.30
7.54
1.12
15.93
5.60
0.20
7.83
1.07
17.72
5.70
0.10
8.12
1.04
19.71
5.80
0.00
8.41
1.00
21.93
5.90
-0.10
8.70
0.97
24.39
6.00
-0.20
8.99
0.94
27.13
6.10
-0.30
9.28
0.91
30.18
6.20
-0.40
9.57
0.88
33.57
6.30
-0.50
9.86
0.85
37.34
6.40
-0.60
10.15
0.83
41.53
6.50
-0.70
10.44
0.81
46.20
6.60
-0.80
10.73
0.78
51.39
6.70
-0.90
11.02
0.76
57.16
6.80
-1.00
11.31
0.74
63.58
6.90
-1.10
11.60
7.00
-1.20
11.89
0.71
7.10
-1.30
12.18
0.69
7.20
-1.40
12.47
0.67
7.30
-1.50
12.76
0.66
7.40
-1.60
13.05
0.64
7.50
-1.70
13.34
0.63
7.60
-1.80
13.63
0.62
7.70
-1.90
13.92
0.60
7.80
-2.00
14.21
0.59
7.90
-2.10
14.50
0.58
8.00
-2.20
14.79
0.57
8.10
-2.30
15.08
0.56
8.20
-2.40
15.37
0.55
8.30
-2.50
15.66
0.54
8.40
-2.60
15.95
0.53
8.50
-2.70
16.24
0.52
8.60
-2.80
16.53
0.51
8.70
-2.90
16.82
0.50
8.80
-3.00
17.11
0.49
8.90
-3.10
17.40
0.48
3.00
3.00
0.00
1.00
3.10
2.90
0.30
30.00
1.12
3.20
2.80
0.60
15.00
1.25
3.30
2.70
0.90
10.00
1.39
3.40
2.60
1.20
7.50
1.55
3.50
2.50
1.50
6.00
1.73
3.60
2.40
1.80
5.00
1.93
3.70
2.30
2.10
4.29
2.16
3.80
2.20
2.40
3.75
2.41
3.90
2.10
2.70
3.33
2.69
4.00
2.00
3.00
3.00
3.00
4.10
1.90
3.30
2.73
3.35
4.20
1.80
3.60
2.50
3.74
4.30
1.70
3.90
2.31
4.17
4.40
1.60
4.20
2.14
4.66
4.50
1.50
4.50
2.00
5.20
4.60
1.40
4.80
1.88
5.80
4.70
1.30
5.10
1.76
6.47
4.80
1.20
5.40
1.67
7.22
4.90
1.10
5.70
1.58
8.06
5.00
1.00
6.00
1.50
9.00
5.10
0.90
6.30
1.43
10.05
5.20
0.80
6.60
1.36
11.21
5.30
0.70
6.90
1.30
12.51
5.40
0.60
7.20
1.25
13.97
5.50
0.50
7.50
1.20
15.59
5.60
0.40
7.80
1.15
17.40
5.70
0.30
8.10
1.11
19.42
5.80
0.20
8.40
1.07
21.67
5.90
0.10
8.70
1.03
24.19
6.00
0.00
9.00
1.00
27.00
6.10
-0.10
9.30
0.97
30.14
6.20
-0.20
9.60
0.94
33.63
6.30
-0.30
9.90
0.91
37.54
6.40
-0.40
10.20
0.88
41.90
6.50
-0.50
10.50
0.86
46.77
6.60
-0.60
10.80
0.83
52.20
6.70
-0.70
11.10
0.81
58.26
6.80
-0.80
11.40
0.79
65.02
6.90
-0.90
11.70
0.77
72.57
7.00
-1.00
12.00
0.75
7.10
-1.10
12.30
0.73
7.20
-1.20
12.60
0.71
7.30
-1.30
12.90
0.70
7.40
-1.40
13.20
0.68
7.50
-1.50
13.50
0.67
7.60
-1.60
13.80
0.65
7.70
-1.70
14.10
0.64
7.80
-1.80
14.40
0.62
7.90
-1.90
14.70
0.61
8.00
-2.00
15.00
0.60
8.10
-2.10
15.30
0.59
8.20
-2.20
15.60
0.58
8.30
-2.30
15.90
0.57
8.40
-2.40
16.20
0.56
8.50
-2.50
16.50
0.55
8.60
-2.60
16.80
0.54
8.70
-2.70
17.10
0.53
8.80
-2.80
17.40
0.52
8.90
-2.90
17.70
0.51
9.00
-3.00
18.00
0.50
3.10
3.10
0.00
1.00
3.20
3.00
0.31
31.00
1.12
3.30
2.90
0.62
15.50
1.25
3.40
2.80
0.93
10.33
1.40
3.50
2.70
1.24
7.75
1.57
3.60
2.60
1.55
6.20
1.76
3.70
2.50
1.86
5.17
1.97
3.80
2.40
2.17
4.43
2.21
3.90
2.30
2.48
2.47
4.00
2.20
2.79
3.44
2.77
4.10
2.10
3.10
3.10
3.10
4.20
2.00
3.41
2.82
3.47
4.30
1.90
3.72
2.58
3.89
4.40
1.80
4.03
2.38
4.35
4.50
1.70
4.34
2.21
4.87
4.60
1.60
4.65
2.07
5.46
4.70
1.50
4.96
1.94
6.11
4.80
1.40
5.27
1.82
6.84
4.90
1.30
5.58
1.72
7.66
5.00
1.20
5.89
1.63
8.58
5.10
1.10
6.20
1.55
9.61
5.20
1.00
6.51
1.48
10.76
5.30
0.90
6.82
1.41
12.05
5.40
0.80
7.13
1.35
13.49
5.50
0.70
7.44
1.29
15.11
5.60
0.60
7.75
1.24
16.92
5.70
0.50
8.06
1.19
18.95
5.80
0.40
8.37
1.15
21.22
5.90
0.30
8.68
1.11
23.76
6.00
0.20
8.99
1.07
26.60
6.10
0.10
9.30
1.03
29.79
6.20
0.00
9.61
1.00
33.36
6.30
-0.10
9.92
0.97
37.36
6.40
-0.20
10.23
0.94
41.83
6.50
-0.30
10.54
0.91
46.84
6.60
-0.40
10.85
0.89
52.45
6.70
-0.50
11.16
0.86
58.74
6.80
-0.60
11.47
0.84
65.77
6.90
-0.70
11.78
0.82
73.65
7.00
-0.80
12.09
0.79
82.47
7.10
-0.90
12.40
7.20
-1.00
12.71
0.76
7.30
-1.10
13.02
0.74
7.40
-1.20
13.33
0.72
7.50
-1.30
13.64
0.70
7.60
-1.40
13.95
0.69
7.70
-1.50
14.26
0.67
7.80
-1.60
14.57
0.66
7.90
-1.70
14.88
0.65
8.00
-1.80
15.19
0.63
8.10
-1.90
15.50
0.62
8.20
-2.00
15.81
0.61
8.30
-2.10
16.12
0.60
8.40
-2.20
16.43
0.58
8.50
-2.30
16.74
0.57
8.60
-2.40
17.05
0.56
8.70
-2.50
17.36
0.55
8.80
-2.60
17.67
0.54
8.90
-2.70
17.98
0.53
9.00
-2.80
18.29
0.53
9.10
-2.90
18.60
0.52
3.20
3.20
0.00
1.00
3.30
3.10
0.32
32.00
1.12
3.40
3.00
0.64
16.00
1.26
3.50
2.90
0.96
10.67
1.42
3.60
2.80
1.28
8.00
1.59
3.70
2.70
1.60
6.40
1.79
3.80
2.60
1.92
5.33
2.01
3.90
2.50
2.24
4.57
2.26
4.00
2.40
2.56
4.00
2.54
4.10
2.30
2.88
3.56
2.85
4.20
2.20
3.20
3.20
3.20
4.30
2.10
3.52
2.91
3.59
4.40
2.00
3.84
2.67
4.04
4.50
1.90
4.16
2.46
4.54
4.60
1.80
4.48
2.29
5.10
4.70
1.70
4.80
2.13
5.72
4.80
1.60
5.12
2.00
6.43
4.90
1.50
5.44
1.88
7.22
5.00
1.40
5.76
1.78
8.11
5.10
1.30
6.08
1.68
9.12
5.20
1.20
6.40
1.60
10.24
5.30
1.10
6.72
1.52
11.50
5.40
1.00
7.04
1.45
12.92
5.50
0.90
7.36
1.39
14.52
5.60
0.80
7.68
1.33
16.31
5.70
0.70
8.00
1.28
18.32
5.80
0.60
8.32
1.23
20.58
5.90
0.50
8.64
1.19
23.12
6.00
0.40
8.96
1.14
25.97
6.10
0.30
9.28
1.10
29.17
6.20
0.20
9.60
1.07
32.77
6.30
0.10
9.92
1.03
36.81
6.40
0.00
10.24
1.00
41.35
6.50
-0.10
10.56
0.97
46.45
6.60
-0.20
10.88
0.94
52.18
6.70
-0.30
11.20
0.91
58.62
6.80
-0.40
11.52
0.89
65.85
6.90
-0.50
11.84
0.86
73.97
7.00
-0.60
12.16
0.84
83.09
7.10
-0.70
12.48
0.82
93.34
7.20
-0.80
12.80
0.80
7.30
-0.90
13.12
0.78
7.40
-1.00
13.44
0.76
7.50
-1.10
13.76
0.74
7.60
-1.20
14.08
0.73
7.70
-1.30
14.40
0.71
7.80
-1.40
14.72
0.70
7.90
-1.50
15.04
0.68
8.00
-1.60
15.36
0.67
8.10
-1.70
15.68
0.65
8.20
-1.80
16.00
0.64
8.30
-1.90
16.32
0.63
8.40
-2.00
16.64
0.62
8.50
-2.10
16.96
0.60
8.60
-2.20
17.28
0.59
8.70
-2.30
17.60
0.58
8.80
-2.40
17.92
0.57
8.90
-2.50
18.24
0.56
9.00
-2.60
18.56
0.55
9.10
-2.70
18.88
0.54
9.20
-2.80
19.20
0.53
3.30
3.30
0.00
1.00
3.40
3.20
0.33
33.00
1.13
3.50
3.10
0.66
16.50
1.27
3.60
3.00
0.99
11.00
1.43
3.70
2.90
1.32
8.25
1.61
3.80
2.80
1.65
6.60
1.82
3.90
2.70
1.98
5.50
2.05
4.00
2.60
2.31
4.71
2.31
4.10
2.50
2.64
4.12
2.60
4.20
2.40
2.97
3.67
2.93
4.30
2.30
3.30
3.30
3.30
4.40
2.20
3.63
3.00
3.72
4.50
2.10
3.96
2.75
4.19
4.60
2.00
4.29
2.54
4.72
4.70
1.90
4.62
2.36
5.32
4.80
1.80
4.95
2.20
5.99
4.90
1.70
5.28
2.06
6.75
5.00
1.60
5.61
1.94
7.61
5.10
1.50
5.94
1.83
8.58
5.20
1.40
6.27
1.74
9.66
5.30
1.30
6.60
1.65
10.89
5.40
1.20
6.93
1.57
12.27
5.50
1.10
7.26
1.50
13.83
5.60
1.00
7.59
1.43
15.58
5.70
0.90
7.92
17.56
5.80
0.80
8.25
1.32
19.78
5.90
0.70
8.58
1.27
22.29
6.00
0.60
8.91
1.22
25.12
6.10
0.50
9.24
1.18
28.30
6.20
0.40
9.57
1.14
31.89
6.30
0.30
9.90
1.10
35.94
6.40
0.20
10.23
1.06
40.49
6.50
0.10
10.56
1.03
45.63
6.60
0.00
10.89
1.00
51.42
6.70
-0.10
11.22
0.97
57.94
6.80
-0.20
11.55
0.94
65.28
6.90
-0.30
11.88
0.92
73.56
7.00
-0.40
12.21
0.89
82.89
7.10
-0.50
12.54
0.87
93.40
7.20
-0.60
12.87
0.85
105.25
7.30
-0.70
13.20
0.82
7.40
-0.80
13.53
0.80
7.50
-0.90
13.86
0.79
7.60
-1.00
14.19
0.77
7.70
-1.10
14.52
0.75
7.80
-1.20
14.85
0.73
7.90
-1.30
15.18
0.72
8.00
-1.40
15.51
0.70
8.10
-1.50
15.84
0.69
8.20
-1.60
16.17
0.67
8.30
-1.70
16.50
0.66
8.40
-1.80
16.83
0.65
8.50
-1.90
17.16
0.63
8.60
-2.00
17.49
0.62
8.70
-2.10
17.82
0.61
8.80
-2.20
18.15
0.60
8.90
-2.30
18.48
0.59
9.00
-2.40
18.81
0.58
9.10
-2.50
19.14
0.57
9.20
-2.60
19.47
0.56
9.30
-2.70
19.80
0.55
3.40
3.40
0.00
1.00
3.50
3.30
0.34
34.00
1.13
3.60
3.20
0.68
17.00
1.28
3.70
3.10
1.02
11.33
1.44
3.80
3.00
1.36
8.50
1.63
3.90
2.90
1.70
6.80
1.84
4.00
2.80
2.04
5.67
2.08
4.10
2.70
2.38
4.86
2.36
4.20
2.60
2.72
4.25
2.66
4.30
2.50
3.06
3.78
3.01
4.40
2.40
3.40
3.40
3.40
4.50
2.30
3.74
3.09
3.84
4.60
2.20
4.08
2.83
4.34
4.70
2.10
4.42
2.62
4.91
4.80
2.00
4.76
2.43
5.55
4.90
1.90
5.10
2.27
6.27
5.00
1.80
5.44
2.12
7.09
5.10
1.70
5.78
2.00
8.01
5.20
1.60
6.12
1.89
9.05
5.30
1.50
6.46
1.79
10.23
5.40
1.40
6.80
1.70
11.56
5.50
1.30
7.14
1.62
13.06
5.60
1.20
7.48
1.55
14.77
5.70
1.10
7.82
1.48
16.69
5.80
1.00
8.16
1.42
18.86
5.90
0.90
8.50
1.36
21.32
6.00
0.80
8.84
1.31
24.09
6.10
0.70
9.18
1.26
27.23
6.20
0.60
9.52
1.21
30.77
6.30
0.50
9.86
1.17
34.78
6.40
0.40
10.20
1.13
39.30
6.50
0.30
10.54
1.10
44.42
6.60
0.20
10.88
1.06
50.20
6.70
0.10
11.22
1.03
56.74
6.80
0.00
11.56
1.00
64.13
6.90
-0.10
11.90
0.97
72.47
7.00
-0.20
12.24
0.94
81.91
7.10
-0.30
12.58
0.92
92.57
7.20
-0.40
12.92
0.89
104.62
7.30
-0.50
13.26
0.87
118.24
7.40
-0.60
13.60
0.85
7.50
-0.70
13.94
0.83
7.60
-0.80
14.28
0.81
7.70
-0.90
14.62
0.79
7.80
-1.00
14.96
0.77
7.90
-1.10
15.30
0.76
8.00
-1.20
15.64
0.74
8.10
-1.30
15.98
0.72
8.20
-1.40
16.32
0.71
8.30
-1.50
16.66
0.69
8.40
-1.60
17.00
0.68
8.50
-1.70
17.34
0.67
8.60
-1.80
17.68
0.65
8.70
-1.90
18.02
0.64
8.80
-2.00
18.36
0.63
8.90
-2.10
18.70
0.62
9.00
-2.20
19.04
0.61
9.10
-2.30
19.38
0.60
9.20
-2.40
19.72
0.59
9.30
-2.50
20.06
0.58
9.40
-2.60
20.40
0.57
3.50
3.50
0.00
1.00
3.60
3.40
0.35
35.00
1.13
3.70
3.30
0.70
17.50
1.28
3.80
3.20
1.05
11.67
1.46
3.90
3.10
1.40
8.75
1.65
4.00
3.00
1.75
7.00
1.87
4.10
2.90
2.10
5.83
2.12
4.20
2.80
2.45
5.00
2.40
4.30
2.70
2.80
4.38
2.72
4.40
2.60
3.15
3.89
3.09
4.50
2.50
3.50
3.50
3.50
4.60
2.40
3.85
3.18
3.97
4.70
2.30
4.20
2.92
4.50
4.80
2.20
4.55
2.69
5.10
4.90
2.10
4.90
2.50
5.78
5.00
2.00
5.25
2.33
6.55
5.10
1.90
5.60
2.19
7.42
5.20
1.80
5.95
2.06
8.41
5.30
1.70
6.30
1.94
9.54
5.40
1.60
6.65
1.84
10.81
5.50
1.50
7.00
1.75
12.25
5.60
1.40
7.35
1.67
13.88
5.70
1.30
7.70
1.59
15.74
5.80
1.20
8.05
1.52
17.84
5.90
1.10
8.40
1.46
20.22
6.00
1.00
8.75
1.40
22.92
6.10
0.90
9.10
1.35
25.98
6.20
0.80
9.45
1.30
29.44
6.30
0.70
9.80
1.25
33.37
6.40
0.60
10.15
1.21
37.83
6.50
0.50
10.50
1.17
42.88
6.60
0.40
10.85
1.13
48.60
6.70
0.30
11.20
1.09
55.08
6.80
0.20
11.55
1.06
62.43
6.90
0.10
11.90
1.03
70.77
7.00
0.00
12.25
1.00
80.21
7.10
-0.10
12.60
0.97
90.92
7.20
-0.20
12.95
0.95
103.05
7.30
-0.30
13.30
0.92
116.80
7.40
-0.40
13.65
0.90
132.39
7.50
-0.50
14.00
0.88
7.60
-0.60
14.35
0.85
7.70
-0.70
14.70
0.83
7.80
-0.80
15.05
0.81
7.90
-0.90
15.40
0.80
8.00
-1.00
15.75
0.78
8.10
-1.10
16.10
0.76
8.20
-1.20
16.45
0.74
8.30
-1.30
16.80
0.73
8.40
-1.40
17.15
0.71
8.50
-1.50
17.50
0.70
8.60
-1.60
17.85
0.69
8.70
-1.70
18.20
0.67
8.80
-1.80
18.55
0.66
8.90
-1.90
18.90
0.65
9.00
-2.00
19.25
0.64
9.10
-2.10
19.60
0.62
9.20
-2.20
19.95
0.61
9.30
-2.30
20.30
0.60
9.40
-2.40
20.65
0.59
9.50
-2.50
21.00
0.58
3.60
3.60
0.00
1.00
3.70
3.50
0.36
36.00
1.14
3.80
3.40
0.72
18.00
1.29
3.90
3.30
1.08
12.00
1.47
4.00
3.20
1.44
9.00
1.67
4.10
3.10
1.80
7.20
1.90
4.20
3.00
2.16
6.00
2.16
4.30
2.90
2.52
5.14
2.45
4.40
2.80
2.88
4.50
2.79
4.50
2.70
3.24
4.00
3.17
4.60
2.60
3.60
3.60
3.60
4.70
2.50
3.96
3.27
4.09
4.80
2.40
4.32
3.00
4.65
4.90
2.30
4.68
2.77
5.29
5.00
2.20
5.04
2.57
6.01
5.10
2.10
5.40
2.40
6.83
5.20
2.00
5.76
2.25
7.76
5.30
1.90
6.12
2.12
8.82
5.40
1.80
6.48
2.00
10.03
5.50
1.70
6.84
1.89
11.40
5.60
1.60
7.20
1.80
12.96
5.70
1.50
7.56
1.71
14.73
5.80
1.40
7.92
1.64
16.74
5.90
1.30
8.28
1.57
19.03
6.00
1.20
8.64
1.50
21.63
6.10
1.10
9.00
1.44
24.59
6.20
1.00
9.36
1.38
27.95
6.30
0.90
9.72
1.33
31.77
6.40
0.80
10.08
1.29
36.11
6.50
0.70
10.44
1.24
41.05
6.60
0.60
10.80
1.20
46.66
6.70
0.50
11.16
1.16
53.03
6.80
0.40
11.52
1.12
60.28
6.90
0.30
11.88
1.09
68.52
7.00
0.20
12.24
1.06
77.88
7.10
0.10
12.60
1.03
88.52
7.20
0.00
12.96
1.00
100.62
7.30
-0.10
13.32
0.97
114.37
7.40
-0.20
13.68
0.95
130.00
7.50
-0.30
14.04
0.92
147.77
7.60
-0.40
14.40
0.90
7.70
-0.50
14.76
0.88
7.80
-0.60
15.12
0.86
7.90
-0.70
15.48
0.84
8.00
-0.80
15.84
0.82
8.10
-0.90
16.20
0.80
8.20
-1.00
16.56
0.78
8.30
-1.10
16.92
0.77
8.40
-1.20
17.28
0.75
8.50
-1.30
17.64
0.73
8.60
-1.40
18.00
0.72
8.70
-1.50
18.36
0.71
8.80
-1.60
18.72
0.69
8.90
-1.70
19.08
0.68
9.00
-1.80
19.44
0.67
9.10
-1.90
19.80
0.65
9.20
-2.00
20.16
0.64
9.30
-2.10
20.52
0.63
9.40
-2.20
20.88
0.62
9.50
-2.30
21.24
0.61
9.60
-2.40
21.60
0.60
3.70
3.70
0.00
1.00
3.80
3.60
0.37
37.00
1.14
3.90
3.50
0.74
18.50
1.30
4.00
3.40
1.11
12.33
1.48
4.10
3.30
1.48
9.25
1.69
4.20
3.20
1.85
7.40
1.92
4.30
3.10
2.22
6.17
2.19
4.40
3.00
2.59
5.29
2.50
4.50
2.90
2.96
4.62
2.85
4.60
2.80
3.33
4.11
3.25
4.70
2.70
3.70
3.70
3.70
4.80
2.60
4.07
3.36
4.22
4.90
2.50
4.44
3.08
4.81
5.00
2.40
4.81
2.85
5.48
5.10
2.30
5.18
2.64
6.24
5.20
2.20
5.55
2.47
7.12
5.30
2.10
5.92
2.31
8.11
5.40
2.00
6.29
2.18
9.25
5.50
1.90
6.66
2.06
10.54
5.60
1.80
7.03
1.95
12.01
5.70
1.70
7.40
1.85
13.69
5.80
1.60
7.77
1.76
15.60
5.90
1.50
8.14
1.68
17.78
6.00
1.40
8.51
1.61
20.27
6.10
1.30
8.88
1.54
23.10
6.20
1.20
9.25
1.48
26.33
6.30
1.10
9.62
1.42
30.01
6.40
1.00
9.99
1.37
34.21
6.50
0.90
10.36
1.32
38.99
6.60
0.80
10.73
1.28
44.44
6.70
0.70
11.10
1.23
50.65
6.80
0.60
11.47
1.19
57.73
6.90
0.50
11.84
1.16
65.80
7.00
0.40
12.21
1.12
75.00
7.10
0.30
12.58
1.09
85.48
7.20
0.20
12.95
1.06
97.43
7.30
0.10
13.32
1.03
111.05
7.40
0.00
13.69
1.00
126.57
7.50
-0.10
14.06
0.97
144.27
7.60
-0.20
14.43
0.95
164.43
7.70
-0.30
14.80
7.80
-0.40
15.17
0.90
7.90
-0.50
15.54
0.88
8.00
-0.60
15.91
0.86
8.10
-0.70
16.28
0.84
8.20
-0.80
16.65
0.82
8.30
-0.90
17.02
0.80
8.40
-1.00
17.39
0.79
8.50
-1.10
17.76
0.77
8.60
-1.20
18.13
0.76
8.70
-1.30
18.50
0.74
8.80
-1.40
18.87
0.73
8.90
-1.50
19.24
0.71
9.00
-1.60
19.61
0.70
9.10
-1.70
19.98
0.69
9.20
-1.80
20.35
0.67
9.30
-1.90
20.72
0.66
9.40
-2.00
21.09
0.65
9.50
-2.10
21.46
0.64
9.60
-2.20
21.83
0.63
9.70
-2.30
22.20
0.62
3.80
3.80
0.00
1.00
3.90
3.70
0.38
38.00
1.14
4.00
3.60
0.76
19.00
1.31
4.10
3.50
1.14
12.67
1.49
4.20
3.40
1.52
9.50
1.71
4.30
3.30
1.90
7.60
1.95
4.40
3.20
2.28
6.33
2.23
4.50
3.10
2.66
5.43
2.55
4.60
3.00
3.04
4.75
2.91
4.70
2.90
3.42
4.22
3.33
4.80
2.80
3.80
3.80
3.80
4.90
2.70
4.18
3.45
4.34
5.00
2.60
4.56
3.17
4.96
5.10
2.50
4.94
2.92
5.67
5.20
2.40
5.32
2.71
6.48
5.30
2.30
5.70
2.53
7.41
5.40
2.20
6.08
8.47
5.50
2.10
6.46
2.24
9.67
5.60
2.00
6.84
2.11
11.06
5.70
1.90
7.22
2.00
12.64
5.80
1.80
7.60
1.90
14.44
5.90
1.70
7.98
1.81
16.50
6.00
1.60
8.36
1.73
18.86
6.10
1.50
8.74
1.65
21.55
6.20
1.40
9.12
1.58
24.63
6.30
1.30
9.50
1.52
28.15
6.40
1.20
9.88
1.46
32.17
6.50
1.10
10.26
1.41
36.76
6.60
1.00
10.64
1.36
42.01
6.70
0.90
11.02
1.31
48.01
6.80
0.80
11.40
1.27
54.87
6.90
0.70
11.78
1.23
62.71
7.00
0.60
12.16
1.19
71.67
7.10
0.50
12.54
1.15
81.90
7.20
0.40
12.92
1.12
93.60
7.30
0.30
13.30
1.09
106.97
7.40
0.20
13.68
1.06
122.24
7.50
0.10
14.06
1.03
139.70
7.60
0.00
14.44
1.00
159.65
7.70
-0.10
14.82
0.97
182.46
7.80
-0.20
15.20
0.95
7.90
-0.30
15.58
0.93
8.00
-0.40
15.96
0.90
8.10
-0.50
16.34
0.88
8.20
-0.60
16.72
0.86
8.30
-0.70
17.10
0.84
8.40
-0.80
17.48
0.83
8.50
-0.90
17.86
0.81
8.60
-1.00
18.24
0.79
8.70
-1.10
18.62
0.78
8.80
-1.20
19.00
0.76
8.90
-1.30
19.38
0.75
9.00
-1.40
19.76
0.73
9.10
-1.50
20.14
0.72
9.20
-1.60
20.52
0.70
9.30
-1.70
20.90
0.69
9.40
-1.80
21.28
0.68
9.50
-1.90
21.66
0.67
9.60
-2.00
22.04
0.66
9.70
-2.10
22.42
0.64
9.80
-2.20
22.80
0.63
3.90
3.90
0.00
1.00
4.00
3.80
0.39
39.00
1.15
4.10
3.70
0.78
19.50
1.31
4.20
3.60
1.17
13.00
1.50
4.30
3.50
1.56
9.75
1.72
4.40
3.40
1.95
7.80
1.97
4.50
3.30
2.34
6.50
2.26
4.60
3.20
2.73
5.57
2.59
4.70
3.10
3.12
4.88
2.97
4.80
3.00
3.51
4.33
3.40
4.90
2.90
3.90
3.90
3.90
5.00
2.80
4.29
3.55
4.47
5.10
2.70
4.68
3.25
5.12
5.20
2.60
5.07
3.00
5.87
5.30
2.50
5.46
2.79
6.72
5.40
2.40
5.85
2.60
7.70
5.50
2.30
6.24
2.44
8.82
5.60
2.20
6.63
2.29
10.11
5.70
2.10
7.02
2.17
11.59
5.80
2.00
7.41
2.05
13.27
5.90
1.90
7.80
1.95
15.21
6.00
1.80
8.19
1.86
17.43
6.10
1.70
8.58
1.77
19.97
6.20
1.60
8.97
1.70
22.88
6.30
1.50
9.36
1.62
26.22
6.40
1.40
9.75
1.56
30.04
6.50
1.30
10.14
1.50
34.42
6.60
1.20
10.53
1.44
39.43
6.70
1.10
10.92
1.39
45.18
6.80
1.00
11.31
1.34
51.77
6.90
0.90
11.70
1.30
59.32
7.00
0.80
12.09
1.26
67.97
7.10
0.70
12.48
1.22
77.88
7.20
0.60
12.87
1.18
89.23
7.30
0.50
13.26
1.15
102.24
7.40
0.40
13.65
1.11
117.15
7.50
0.30
14.04
1.08
134.22
7.60
0.20
14.43
1.05
153.79
7.70
0.10
14.82
1.03
176.22
7.80
0.00
15.21
1.00
201.91
7.90
-0.10
15.60
8.00
-0.20
15.99
0.95
8.10
-0.30
16.38
0.93
8.20
-0.40
16.77
0.91
8.30
-0.50
17.16
0.89
8.40
-0.60
17.55
0.87
8.50
-0.70
17.94
0.85
8.60
-0.80
18.33
0.83
8.70
-0.90
18.72
0.81
8.80
-1.00
19.11
0.80
8.90
-1.10
19.50
0.78
9.00
-1.20
19.89
0.76
9.10
-1.30
20.28
0.75
9.20
-1.40
20.67
0.74
9.30
-1.50
21.06
0.72
9.40
-1.60
21.45
0.71
9.50
-1.70
21.84
0.70
9.60
-1.80
22.23
0.68
9.70
-1.90
22.62
0.67
9.80
-2.00
23.01
0.66
9.90
-2.10
23.40
0.65
4.00
4.00
0.00
1.00
4.10
3.90
0.40
40.00
1.15
4.20
3.80
0.80
20.00
1.32
4.30
3.70
1.20
13.33
1.52
4.40
3.60
1.60
10.00
1.74
4.50
3.50
2.00
8.00
2.00
4.60
3.40
2.40
6.67
2.30
4.70
3.30
2.80
5.71
2.64
4.80
3.20
3.20
5.00
3.03
4.90
3.10
3.60
4.44
3.48
5.00
3.00
4.00
4.00
4.00
5.10
2.90
4.40
3.64
4.59
5.20
2.80
4.80
3.33
5.28
5.30
2.70
5.20
3.08
6.06
5.40
2.60
5.60
2.86
6.96
5.50
2.50
6.00
2.67
8.00
5.60
2.40
6.40
2.50
9.19
5.70
2.30
6.80
2.35
10.56
5.80
2.20
7.20
2.22
12.13
5.90
2.10
7.60
2.11
13.93
6.00
2.00
8.00
2.00
16.00
6.10
1.90
8.40
1.90
18.38
6.20
1.80
8.80
1.82
21.11
6.30
1.70
9.20
1.74
24.25
6.40
1.60
9.60
1.67
27.86
6.50
1.50
10.00
1.60
32.00
6.60
1.40
10.40
1.54
36.76
6.70
1.30
10.80
1.48
42.22
6.80
1.20
11.20
1.43
48.50
6.90
1.10
11.60
1.38
55.72
7.00
1.00
12.00
1.33
64.00
7.10
0.90
12.40
1.29
73.52
7.20
0.80
12.80
1.25
84.45
7.30
0.70
13.20
1.21
97.01
7.40
0.60
13.60
1.18
111.43
7.50
0.50
14.00
1.14
128.00
7.60
0.40
14.40
1.11
147.03
7.70
0.30
14.80
1.08
168.90
7.80
0.20
15.20
1.05
194.01
7.90
0.10
15.60
1.03
222.86
8.00
0.00
16.00
1.00
8.10
-0.10
16.40
0.98
8.20
-0.20
16.80
0.95
8.30
-0.30
17.20
0.93
8.40
-0.40
17.60
0.91
8.50
-0.50
18.00
0.89
8.60
-0.60
18.40
0.87
8.70
-0.70
18.80
0.85
8.80
-0.80
19.20
0.83
8.90
-0.90
19.60
0.82
9.00
-1.00
20.00
0.80
9.10
-1.10
20.40
0.78
9.20
-1.20
20.80
0.77
9.30
-1.30
21.20
0.75
9.40
-1.40
21.60
0.74
9.50
-1.50
22.00
0.73
9.60
-1.60
22.40
0.71
9.70
-1.70
22.80
0.70
9.80
-1.80
23.20
0.69
9.90
-1.90
23.60
0.68
10.00
-2.00
24.00
0.67
4.10
4.10
0.00
1.00
4.20
4.00
0.41
41.00
1.15
4.30
3.90
0.82
20.50
1.33
4.40
3.80
1.23
13.67
1.53
4.50
3.70
1.64
10.25
1.76
4.60
3.60
2.05
8.20
2.02
4.70
3.50
2.46
6.83
2.33
4.80
3.40
2.87
5.86
2.69
4.90
3.30
3.28
5.12
3.09
5.00
3.20
3.69
4.56
3.56
5.10
3.10
4.10
4.10
4.10
5.20
3.00
4.51
3.73
4.72
5.30
2.90
4.92
3.42
5.44
5.40
2.80
5.33
3.15
6.26
5.50
2.70
5.74
2.93
7.21
5.60
2.60
6.15
2.73
8.30
5.70
2.50
6.56
2.56
9.56
5.80
2.40
6.97
2.41
11.01
5.90
2.30
7.38
2.28
12.68
6.00
2.20
7.79
2.16
14.60
6.10
2.10
8.20
2.05
16.81
6.20
2.00
8.61
1.95
19.36
6.30
1.90
9.02
1.86
22.29
6.40
1.80
9.43
1.78
25.67
6.50
1.70
9.84
1.71
29.56
6.60
1.60
10.25
1.64
34.04
6.70
1.50
10.66
1.58
39.20
6.80
1.40
11.07
1.52
45.14
6.90
1.30
11.48
1.46
51.98
7.00
1.20
11.89
1.41
59.85
7.10
1.10
12.30
1.37
68.92
7.20
1.00
12.71
1.32
79.37
7.30
0.90
13.12
1.28
91.39
7.40
0.80
13.53
1.24
105.24
7.50
0.70
13.94
1.21
121.19
7.60
0.60
14.35
1.17
139.55
7.70
0.50
14.76
1.14
160.70
7.80
0.40
15.17
1.11
185.05
7.90
0.30
15.58
1.08
213.10
8.00
0.20
15.99
1.05
245.39
8.10
0.10
16.40
1.02
8.20
0.00
16.81
1.00
8.30
-0.10
17.22
0.98
8.40
-0.20
17.63
0.95
8.50
-0.30
18.04
0.93
8.60
-0.40
18.45
0.91
8.70
-0.50
18.86
0.89
8.80
-0.60
19.27
0.87
8.90
-0.70
19.68
0.85
9.00
-0.80
20.09
0.84
9.10
-0.90
20.50
0.82
9.20
-1.00
20.91
0.80
9.30
-1.10
21.32
0.79
9.40
-1.20
21.73
0.77
9.50
-1.30
22.14
0.76
9.60
-1.40
22.55
0.75
9.70
-1.50
22.96
0.73
9.80
-1.60
23.37
0.72
9.90
-1.70
23.78
0.71
10.00
-1.80
24.19
0.69
10.10
-1.90
24.60
0.68
4.20
4.20
0.00
1.00
4.30
4.10
0.42
42.00
1.15
4.40
4.00
0.84
21.00
1.33
4.50
3.90
1.26
14.00
1.54
4.60
3.80
1.68
10.50
1.78
4.70
3.70
2.10
8.40
2.05
4.80
3.60
2.52
7.00
2.37
4.90
3.50
2.94
6.00
2.73
5.00
3.40
3.36
5.25
3.15
5.10
3.30
3.78
4.67
3.64
5.20
3.20
4.20
4.20
4.20
5.30
3.10
4.62
3.82
4.85
5.40
3.00
5.04
3.50
5.60
5.50
2.90
5.46
3.23
6.46
5.60
2.80
5.88
3.00
7.46
5.70
2.70
6.30
2.80
8.61
5.80
2.60
6.72
2.62
9.94
5.90
2.50
7.14
2.47
11.47
6.00
2.40
7.56
2.33
13.24
6.10
2.30
7.98
2.21
15.28
6.20
2.20
8.40
2.10
17.64
6.30
2.10
8.82
2.00
20.36
6.40
2.00
9.24
1.91
23.50
6.50
1.90
9.66
1.83
27.13
6.60
1.80
10.08
1.75
31.32
6.70
1.70
10.50
1.68
36.15
6.80
1.60
10.92
1.62
41.73
6.90
1.50
11.34
1.56
48.17
7.00
1.40
11.76
1.50
55.60
7.10
1.30
12.18
1.45
64.18
7.20
1.20
12.60
1.40
74.09
7.30
1.10
13.02
1.35
85.52
7.40
1.00
13.44
1.31
98.72
7.50
0.90
13.86
1.27
113.95
7.60
0.80
14.28
1.24
131.54
7.70
0.70
14.70
1.20
151.84
7.80
0.60
15.12
1.17
175.27
7.90
0.50
15.54
1.14
202.31
8.00
0.40
15.96
1.11
233.53
8.10
0.30
16.38
1.08
269.57
8.20
0.20
16.80
1.05
8.30
0.10
17.22
1.02
8.40
0.00
17.64
1.00
8.50
-0.10
18.06
0.98
8.60
-0.20
18.48
0.95
8.70
-0.30
18.90
0.93
8.80
-0.40
19.32
0.91
8.90
-0.50
19.74
0.89
9.00
-0.60
20.16
9.10
-0.70
20.58
0.86
9.20
-0.80
21.00
0.84
9.30
-0.90
21.42
0.82
9.40
-1.00
21.84
0.81
9.50
-1.10
22.26
0.79
9.60
-1.20
22.68
0.78
9.70
-1.30
23.10
0.76
9.80
-1.40
23.52
0.75
9.90
-1.50
23.94
0.74
10.00
-1.60
24.36
0.72
10.10
-1.70
24.78
0.71
10.20
-1.80
25.20
0.70
4.30
4.30
0.00
1.00
4.40
4.20
0.43
43.00
1.16
4.50
4.10
0.86
21.50
1.34
4.60
4.00
1.29
14.33
1.55
4.70
3.90
1.72
10.75
1.79
4.80
3.80
2.15
8.60
2.07
4.90
3.70
2.58
7.17
2.40
5.00
3.60
3.01
6.14
2.78
5.10
3.50
3.44
3.21
5.20
3.40
3.87
4.78
3.72
5.30
3.30
4.30
4.30
4.30
5.40
3.20
4.73
3.91
4.98
5.50
3.10
5.16
3.58
5.76
5.60
3.00
5.59
3.31
6.66
5.70
2.90
6.02
3.07
7.71
5.80
2.80
6.45
2.87
8.92
5.90
2.70
6.88
2.69
10.32
6.00
2.60
7.31
2.53
11.94
6.10
2.50
7.74
2.39
13.81
6.20
2.40
8.17
2.26
15.98
6.30
2.30
8.60
2.15
18.49
6.40
2.20
9.03
2.05
21.39
6.50
2.10
9.46
1.95
24.75
6.60
2.00
9.89
1.87
28.64
6.70
1.90
10.32
1.79
33.14
6.80
1.80
10.75
1.72
38.34
6.90
1.70
11.18
1.65
44.36
7.00
1.60
11.61
1.59
51.33
7.10
1.50
12.04
1.54
59.39
7.20
1.40
12.47
1.48
68.72
7.30
1.30
12.90
1.43
79.51
7.40
1.20
13.33
1.39
91.99
7.50
1.10
13.76
1.34
106.44
7.60
1.00
14.19
1.30
123.15
7.70
0.90
14.62
1.26
142.49
7.80
0.80
15.05
1.23
164.87
7.90
0.70
15.48
1.19
190.76
8.00
0.60
15.91
1.16
220.72
8.10
0.50
16.34
1.13
255.38
8.20
0.40
16.77
1.10
295.48
8.30
0.30
17.20
8.40
0.20
17.63
1.05
8.50
0.10
18.06
1.02
8.60
0.00
18.49
1.00
8.70
-0.10
18.92
0.98
8.80
-0.20
19.35
0.96
8.90
-0.30
19.78
0.93
9.00
-0.40
20.21
0.91
9.10
-0.50
20.64
0.90
9.20
-0.60
21.07
0.88
9.30
-0.70
21.50
0.86
9.40
-0.80
21.93
0.84
9.50
-0.90
22.36
0.83
9.60
-1.00
22.79
0.81
9.70
-1.10
23.22
0.80
9.80
-1.20
23.65
0.78
9.90
-1.30
24.08
0.77
10.00
-1.40
24.51
0.75
10.10
-1.50
24.94
0.74
10.20
-1.60
25.37
0.73
10.30
-1.70
25.80
0.72
4.40
4.40
0.00
1.00
4.50
4.30
0.44
44.00
1.16
4.60
4.20
0.88
22.00
1.34
4.70
4.10
1.32
14.67
1.56
4.80
4.00
1.76
11.00
1.81
4.90
3.90
2.20
8.80
2.10
5.00
3.80
2.64
7.33
2.43
5.10
3.70
3.08
6.29
2.82
5.20
3.60
3.52
5.50
3.27
5.30
3.50
3.96
4.89
3.79
5.40
3.40
4.40
4.40
4.40
5.50
3.30
4.84
4.00
5.10
5.60
3.20
5.28
3.67
5.92
5.70
3.10
5.72
3.38
6.86
5.80
3.00
6.16
3.14
7.96
5.90
2.90
6.60
2.93
9.23
6.00
2.80
7.04
2.75
10.70
6.10
2.70
7.48
2.59
12.41
6.20
2.60
7.92
2.44
14.40
6.30
2.50
8.36
2.32
16.69
6.40
2.40
8.80
2.20
19.36
6.50
2.30
9.24
2.10
22.45
6.60
2.20
9.68
2.00
26.04
6.70
2.10
10.12
1.91
30.20
6.80
2.00
10.56
1.83
35.02
6.90
1.90
11.00
1.76
40.61
7.00
1.80
11.44
1.69
47.10
7.10
1.70
11.88
1.63
54.62
7.20
1.60
12.32
1.57
63.34
7.30
1.50
12.76
1.52
73.45
7.40
1.40
13.20
1.47
85.18
7.50
1.30
13.64
1.42
98.79
7.60
1.20
14.08
1.38
114.56
7.70
1.10
14.52
1.33
132.86
7.80
1.00
14.96
1.29
154.08
7.90
0.90
15.40
1.26
178.68
8.00
0.80
15.84
1.22
207.22
8.10
0.70
16.28
1.19
240.31
8.20
0.60
16.72
1.16
278.69
8.30
0.50
17.16
1.13
323.20
8.40
0.40
17.60
1.10
8.50
0.30
18.04
1.07
8.60
0.20
18.48
1.05
8.70
0.10
18.92
1.02
8.80
0.00
19.36
1.00
8.90
-0.10
19.80
0.98
9.00
-0.20
20.24
0.96
9.10
-0.30
20.68
0.94
9.20
-0.40
21.12
0.92
9.30
-0.50
21.56
0.90
9.40
-0.60
22.00
0.88
9.50
-0.70
22.44
0.86
9.60
-0.80
22.88
0.85
9.70
-0.90
23.32
0.83
9.80
-1.00
23.76
0.81
9.90
-1.10
24.20
0.80
10.00
-1.20
24.64
0.79
10.10
-1.30
25.08
0.77
10.20
-1.40
25.52
0.76
10.30
-1.50
25.96
0.75
10.40
-1.60
26.40
0.73
4.50
4.50
0.00
1.00
4.60
4.40
0.45
45.00
1.16
4.70
4.30
0.90
22.50
1.35
4.80
4.20
1.35
15.00
1.57
4.90
4.10
1.80
11.25
1.83
5.00
4.00
2.25
9.00
2.12
5.10
3.90
2.70
7.50
2.47
5.20
3.80
3.15
6.43
2.87
5.30
3.70
3.60
5.62
3.33
5.40
3.60
4.05
5.00
3.87
5.50
3.50
4.50
4.50
4.50
5.60
3.40
4.95
4.09
5.23
5.70
3.30
5.40
3.75
6.08
5.80
3.20
5.85
3.46
7.07
5.90
3.10
6.30
3.21
8.21
6.00
3.00
6.75
3.00
9.55
6.10
2.90
7.20
2.81
11.10
6.20
2.80
7.65
2.65
12.90
6.30
2.70
8.10
2.50
14.99
6.40
2.60
8.55
2.37
17.42
6.50
2.50
9.00
2.25
20.25
6.60
2.40
9.45
2.14
23.54
6.70
2.30
9.90
2.05
27.36
6.80
2.20
10.35
1.96
31.80
6.90
2.10
10.80
36.96
7.00
2.00
11.25
1.80
42.96
7.10
1.90
11.70
1.73
49.93
7.20
1.80
12.15
1.67
58.03
7.30
1.70
12.60
1.61
67.45
7.40
1.60
13.05
1.55
78.40
7.50
1.50
13.50
1.50
91.12
7.60
1.40
13.95
1.45
105.92
7.70
1.30
14.40
1.41
123.11
7.80
1.20
14.85
1.36
143.09
7.90
1.10
15.30
1.32
166.31
8.00
1.00
15.75
1.29
193.31
8.10
0.90
16.20
1.25
224.68
8.20
0.80
16.65
1.22
261.15
8.30
0.70
17.10
1.18
303.53
8.40
0.60
17.55
1.15
352.80
8.50
0.50
18.00
1.12
8.60
0.40
18.45
1.10
8.70
0.30
18.90
1.07
8.80
0.20
19.35
1.05
8.90
0.10
19.80
1.02
9.00
0.00
20.25
1.00
9.10
-0.10
20.70
0.98
9.20
-0.20
21.15
0.96
9.30
-0.30
21.60
0.94
9.40
-0.40
22.05
0.92
9.50
-0.50
22.50
0.90
9.60
-0.60
22.95
0.88
9.70
-0.70
23.40
0.87
9.80
-0.80
23.85
0.85
9.90
-0.90
24.30
0.83
10.00
-1.00
24.75
0.82
10.10
-1.10
25.20
0.80
10.20
-1.20
25.65
0.79
10.30
-1.30
26.10
0.78
10.40
-1.40
26.55
0.76
10.50
-1.50
27.00
0.75
4.60
4.60
0.00
1.00
4.70
4.50
0.46
46.00
1.16
4.80
4.40
0.92
23.00
1.36
4.90
4.30
1.38
15.33
1.58
5.00
4.20
1.84
11.50
1.84
5.10
4.10
2.30
9.20
2.14
5.20
4.00
2.76
7.67
2.50
5.30
3.90
3.22
6.57
2.91
5.40
3.80
3.68
5.75
3.39
5.50
3.70
4.14
5.11
3.95
5.60
3.60
4.60
4.60
4.60
5.70
3.50
5.06
4.18
5.36
5.80
3.40
5.52
3.83
6.24
5.90
3.30
5.98
3.54
7.27
6.00
3.20
6.44
3.29
8.47
6.10
3.10
6.90
3.07
9.87
6.20
3.00
7.36
11.49
6.30
2.90
7.82
2.71
13.39
6.40
2.80
8.28
2.56
15.59
6.50
2.70
8.74
2.42
18.17
6.60
2.60
9.20
2.30
21.16
6.70
2.50
9.66
2.19
24.65
6.80
2.40
10.12
2.09
28.71
6.90
2.30
10.58
2.00
33.45
7.00
2.20
11.04
1.92
38.96
7.10
2.10
11.50
1.84
45.38
7.20
2.00
11.96
1.77
52.87
7.30
1.90
12.42
1.70
61.58
7.40
1.80
12.88
1.64
71.73
7.50
1.70
13.34
1.59
83.56
7.60
1.60
13.80
1.53
97.34
7.70
1.50
14.26
1.48
113.38
7.80
1.40
14.72
1.44
132.08
7.90
1.30
15.18
1.39
153.85
8.00
1.20
15.64
1.35
179.22
8.10
1.10
16.10
1.31
208.76
8.20
1.00
16.56
1.28
243.18
8.30
0.90
17.02
1.24
283.27
8.40
0.80
17.48
1.21
329.97
8.50
0.70
17.94
1.18
384.38
8.60
0.60
18.40
1.15
8.70
0.50
18.86
1.12
8.80
0.40
19.32
1.10
8.90
0.30
19.78
1.07
9.00
0.20
20.24
1.05
9.10
0.10
20.70
1.02
9.20
0.00
21.16
1.00
9.30
-0.10
21.62
0.98
9.40
-0.20
22.08
0.96
9.50
-0.30
22.54
0.94
9.60
-0.40
23.00
0.92
9.70
-0.50
23.46
0.90
9.80
-0.60
23.92
0.88
9.90
-0.70
24.38
0.87
10.00
-0.80
24.84
0.85
10.10
-0.90
25.30
0.84
10.20
-1.00
25.76
0.82
10.30
-1.10
26.22
0.81
10.40
-1.20
26.68
0.79
10.50
-1.30
27.14
0.78
10.60
-1.40
27.60
0.77
4.70
4.70
0.00
1.00
4.80
4.60
0.47
47.00
1.17
4.90
4.50
0.94
23.50
1.36
5.00
4.40
1.41
15.67
1.59
5.10
4.30
1.88
11.75
1.86
5.20
4.20
2.35
9.40
2.17
5.30
4.10
2.82
7.83
2.53
5.40
4.00
3.29
6.71
2.95
5.50
3.90
3.76
3.45
5.60
3.80
4.23
5.22
4.03
5.70
3.70
4.70
4.70
4.70
5.80
3.60
5.17
4.27
5.49
5.90
3.50
5.64
3.92
6.40
6.00
3.40
6.11
3.62
7.48
6.10
3.30
6.58
3.36
8.73
6.20
3.20
7.05
3.13
10.19
6.30
3.10
7.52
2.94
11.89
6.40
3.00
7.99
2.76
13.89
6.50
2.90
8.46
2.61
16.21
6.60
2.80
8.93
2.47
18.92
6.70
2.70
9.40
2.35
22.09
6.80
2.60
9.87
2.24
25.79
6.90
2.50
10.34
2.14
30.10
7.00
2.40
10.81
2.04
35.14
7.10
2.30
11.28
1.96
41.02
7.20
2.20
11.75
1.88
47.89
7.30
2.10
12.22
1.81
55.91
7.40
2.00
12.69
1.74
65.26
7.50
1.90
13.16
1.68
76.19
7.60
1.80
13.63
1.62
88.94
7.70
1.70
14.10
1.57
103.82
7.80
1.60
14.57
1.52
121.20
7.90
1.50
15.04
1.47
141.49
8.00
1.40
15.51
1.42
165.17
8.10
1.30
15.98
1.38
192.81
8.20
1.20
16.45
1.34
225.08
8.30
1.10
16.92
1.31
262.76
8.40
1.00
17.39
1.27
306.73
8.50
0.90
17.86
1.24
358.07
8.60
0.80
18.33
1.21
418.01
8.70
0.70
18.80
8.80
0.60
19.27
1.15
8.90
0.50
19.74
1.12
9.00
0.40
20.21
1.09
9.10
0.30
20.68
1.07
9.20
0.20
21.15
1.04
9.30
0.10
21.62
1.02
9.40
0.00
22.09
1.00
9.50
-0.10
22.56
0.98
9.60
-0.20
23.03
0.96
9.70
-0.30
23.50
0.94
9.80
-0.40
23.97
0.92
9.90
-0.50
24.44
0.90
10.00
-0.60
24.91
0.89
10.10
-0.70
25.38
0.87
10.20
-0.80
25.85
0.85
10.30
-0.90
26.32
0.84
10.40
-1.00
26.79
0.82
10.50
-1.10
27.26
0.81
10.60
-1.20
27.73
0.80
10.70
-1.30
28.20
0.78
4.80
4.80
0.00
1.00
4.90
4.70
0.48
48.00
1.17
5.00
4.60
0.96
24.00
1.37
5.10
4.50
1.44
16.00
1.60
5.20
4.40
1.92
12.00
1.87
5.30
4.30
2.40
9.60
2.19
5.40
4.20
2.88
8.00
2.56
5.50
4.10
3.36
6.86
3.00
5.60
4.00
3.84
6.00
3.51
5.70
3.90
4.32
5.33
4.10
5.80
3.80
4.80
4.80
4.80
5.90
3.70
5.28
4.36
5.62
6.00
3.60
5.76
4.00
6.57
6.10
3.50
6.24
3.69
7.68
6.20
3.40
6.72
3.43
8.99
6.30
3.30
7.20
3.20
10.52
6.40
3.20
7.68
3.00
12.30
6.50
3.10
8.16
2.82
14.39
6.60
3.00
8.64
2.67
16.84
6.70
2.90
9.12
2.53
19.70
6.80
2.80
9.60
2.40
23.04
6.90
2.70
10.08
2.29
26.95
7.00
2.60
10.56
2.18
31.53
7.10
2.50
11.04
2.09
36.89
7.20
2.40
11.52
2.00
43.15
7.30
2.30
12.00
1.92
50.48
7.40
2.20
12.48
1.85
59.05
7.50
2.10
12.96
1.78
69.08
7.60
2.00
13.44
1.71
80.81
7.70
1.90
13.92
1.66
94.54
7.80
1.80
14.40
1.60
110.59
7.90
1.70
14.88
1.55
129.37
8.00
1.60
15.36
1.50
151.35
8.10
1.50
15.84
1.45
177.05
8.20
1.40
16.32
1.41
207.12
8.30
1.30
16.80
1.37
242.29
8.40
1.20
17.28
1.33
283.44
8.50
1.10
17.76
1.30
331.58
8.60
1.00
18.24
1.26
387.90
8.70
0.90
18.72
1.23
453.78
8.80
0.80
19.20
1.20
8.90
0.70
19.68
1.17
9.00
0.60
20.16
1.14
9.10
0.50
20.64
1.12
9.20
0.40
21.12
1.09
9.30
0.30
21.60
1.07
9.40
0.20
22.08
1.04
9.50
0.10
22.56
1.02
9.60
0.00
23.04
1.00
9.70
-0.10
23.52
0.98
9.80
-0.20
24.00
0.96
9.90
-0.30
24.48
0.94
10.00
-0.40
24.96
0.92
10.10
-0.50
25.44
0.91
10.20
-0.60
25.92
0.89
10.30
-0.70
26.40
0.87
10.40
-0.80
26.88
0.86
10.50
-0.90
27.36
0.84
10.60
-1.00
27.84
0.83
10.70
-1.10
28.32
0.81
10.80
-1.20
28.80
0.80
4.90
4.90
0.00
1.00
5.00
4.80
0.49
49.00
1.17
5.10
4.70
0.98
24.50
1.37
5.20
4.60
1.47
16.33
1.61
5.30
4.50
1.96
12.25
1.89
5.40
4.40
2.45
9.80
2.21
5.50
4.30
2.94
8.17
2.59
5.60
4.20
3.43
7.00
3.04
5.70
4.10
3.92
6.12
3.57
5.80
4.00
4.41
5.44
4.18
5.90
3.90
4.90
4.90
4.90
6.00
3.80
5.39
4.45
5.74
6.10
3.70
5.88
4.08
6.73
6.20
3.60
6.37
3.77
7.89
6.30
3.50
6.86
3.50
9.25
6.40
3.40
7.35
3.27
10.85
6.50
3.30
7.84
3.06
12.71
6.60
3.20
8.33
2.88
14.91
6.70
3.10
8.82
2.72
17.47
6.80
3.00
9.31
2.58
20.48
6.90
2.90
9.80
2.45
24.01
7.00
2.80
10.29
2.33
28.15
7.10
2.70
10.78
2.23
32.99
7.20
2.60
11.27
2.13
38.68
7.30
2.50
11.76
2.04
45.34
7.40
2.40
12.25
1.96
53.15
7.50
2.30
12.74
1.88
62.30
7.60
2.20
13.23
1.81
73.03
7.70
2.10
13.72
1.75
85.61
7.80
2.00
14.21
1.69
100.36
7.90
1.90
14.70
1.63
117.65
8.00
1.80
15.19
1.58
137.91
8.10
1.70
15.68
1.53
161.67
8.20
1.60
16.17
1.48
189.52
8.30
1.50
16.66
1.44
222.16
8.40
1.40
17.15
1.40
260.43
8.50
1.30
17.64
1.36
305.29
8.60
1.20
18.13
1.32
357.87
8.70
1.10
18.62
1.29
419.51
8.80
1.00
19.11
1.26
491.77
8.90
0.90
19.60
9.00
0.80
20.09
1.20
9.10
0.70
20.58
1.17
9.20
0.60
21.07
1.14
9.30
0.50
21.56
1.11
9.40
0.40
22.05
1.09
9.50
0.30
22.54
1.07
9.60
0.20
23.03
1.04
9.70
0.10
23.52
1.02
9.80
0.00
24.01
1.00
9.90
-0.10
24.50
0.98
10.00
-0.20
24.99
0.96
10.10
-0.30
25.48
0.94
10.20
-0.40
25.97
0.92
10.30
-0.50
26.46
0.91
10.40
-0.60
26.95
0.89
10.50
-0.70
27.44
0.88
10.60
-0.80
27.93
0.86
10.70
-0.90
28.42
0.84
10.80
-1.00
28.91
0.83
10.90
-1.10
29.40
0.82
5.00
5.00
0.00
1.00
5.10
4.90
0.50
50.00
1.17
5.20
4.80
1.00
25.00
1.38
5.30
4.70
1.50
16.67
1.62
5.40
4.60
2.00
12.50
1.90
5.50
4.50
2.50
10.00
2.24
5.60
4.40
3.00
8.33
2.63
5.70
4.30
3.50
7.14
3.09
5.80
4.20
4.00
6.25
3.62
5.90
4.10
4.50
5.56
4.26
6.00
4.00
5.00
5.00
5.00
6.10
3.90
5.50
4.55
5.87
6.20
3.80
6.00
4.17
6.90
6.30
3.70
6.50
3.85
8.10
6.40
3.60
7.00
3.57
9.52
6.50
3.50
7.50
3.33
11.18
6.60
3.40
8.00
3.12
13.13
6.70
3.30
8.50
2.94
15.43
6.80
3.20
9.00
2.78
18.12
6.90
3.10
9.50
2.63
21.28
7.00
3.00
10.00
2.50
25.00
7.10
2.90
10.50
2.38
29.37
7.20
2.80
11.00
2.27
34.49
7.30
2.70
11.50
2.17
40.52
7.40
2.60
12.00
2.08
47.59
7.50
2.50
12.50
2.00
55.90
7.60
2.40
13.00
1.92
65.66
7.70
2.30
13.50
1.85
77.13
7.80
2.20
14.00
1.79
90.60
7.90
2.10
14.50
1.72
106.42
8.00
2.00
15.00
1.67
125.00
8.10
1.90
15.50
1.61
146.83
8.20
1.80
16.00
1.56
172.47
8.30
1.70
16.50
1.52
202.58
8.40
1.60
17.00
1.47
237.96
8.50
1.50
17.50
1.43
279.51
8.60
1.40
18.00
1.39
328.32
8.70
1.30
18.50
1.35
385.65
8.80
1.20
19.00
1.32
452.99
8.90
1.10
19.50
1.28
532.09
9.00
1.00
20.00
1.25
9.10
0.90
20.50
1.22
9.20
0.80
21.00
1.19
9.30
0.70
21.50
1.16
9.40
0.60
22.00
1.14
9.50
0.50
22.50
1.11
9.60
0.40
23.00
1.09
9.70
0.30
23.50
1.06
9.80
0.20
24.00
1.04
9.90
0.10
24.50
1.02
10.00
0.00
25.00
1.00
10.10
-0.10
25.50
0.98
10.20
-0.20
26.00
0.96
10.30
-0.30
26.50
0.94
10.40
-0.40
27.00
0.93
10.50
-0.50
27.50
0.91
10.60
-0.60
28.00
0.89
10.70
-0.70
28.50
0.88
10.80
-0.80
29.00
0.86
10.90
-0.90
29.50
0.85
11.00
-1.00
30.00
0.83
5.10
5.10
0.00
1.00
5.20
5.00
0.51
51.00
1.18
5.30
4.90
1.02
25.50
1.39
5.40
4.80
1.53
17.00
1.63
5.50
4.70
2.04
12.75
1.92
5.60
4.60
2.55
10.20
2.26
5.70
4.50
3.06
8.50
2.66
5.80
4.40
3.57
7.29
3.13
5.90
4.30
4.08
3.68
6.00
4.20
4.59
5.67
4.33
6.10
4.10
5.10
5.10
5.10
6.20
4.00
5.61
4.64
6.00
6.30
3.90
6.12
4.25
7.06
6.40
3.80
6.63
3.92
8.31
6.50
3.70
7.14
3.64
9.79
6.60
3.60
7.65
3.40
11.52
6.70
3.50
8.16
3.19
13.56
6.80
3.40
8.67
3.00
15.95
6.90
3.30
9.18
2.83
18.78
7.00
3.20
9.69
2.68
22.10
7.10
3.10
10.20
2.55
26.01
7.20
3.00
10.71
2.43
30.61
7.30
2.90
11.22
2.32
36.03
7.40
2.80
11.73
2.22
42.40
7.50
2.70
12.24
2.12
49.91
7.60
2.60
12.75
2.04
58.74
7.70
2.50
13.26
1.96
69.13
7.80
2.40
13.77
1.89
81.37
7.90
2.30
14.28
1.82
95.76
8.00
2.20
14.79
1.76
112.71
8.10
2.10
15.30
1.70
132.65
8.20
2.00
15.81
1.65
156.12
8.30
1.90
16.32
1.59
183.75
8.40
1.80
16.83
1.55
216.26
8.50
1.70
17.34
1.50
254.53
8.60
1.60
17.85
1.46
299.57
8.70
1.50
18.36
1.42
352.58
8.80
1.40
18.87
1.38
414.96
8.90
1.30
19.38
1.34
488.39
9.00
1.20
19.89
1.31
574.81
9.10
1.10
20.40
9.20
1.00
20.91
1.24
9.30
0.90
21.42
1.21
9.40
0.80
21.93
1.19
9.50
0.70
22.44
1.16
9.60
0.60
22.95
1.13
9.70
0.50
23.46
1.11
9.80
0.40
23.97
1.09
9.90
0.30
24.48
1.06
10.00
0.20
24.99
1.04
10.10
0.10
25.50
1.02
10.20
0.00
26.01
1.00
10.30
-0.10
26.52
0.98
10.40
-0.20
27.03
0.96
10.50
-0.30
27.54
0.94
10.60
-0.40
28.05
0.93
10.70
-0.50
28.56
0.91
10.80
-0.60
29.07
0.89
10.90
-0.70
29.58
0.88
11.00
-0.80
30.09
0.86
11.10
-0.90
30.60
0.85
5.20
5.20
0.00
1.00
5.30
5.10
0.52
52.00
1.18
5.40
5.00
1.04
26.00
1.39
5.50
4.90
1.56
17.33
1.64
5.60
4.80
2.08
13.00
1.93
5.70
4.70
2.60
10.40
2.28
5.80
4.60
3.12
8.67
2.69
5.90
4.50
3.64
7.43
3.17
6.00
4.40
4.16
6.50
3.74
6.10
4.30
4.68
5.78
4.41
6.20
4.20
5.20
5.20
5.20
6.30
4.10
5.72
4.73
6.13
6.40
4.00
6.24
4.33
7.23
6.50
3.90
6.76
4.00
8.53
6.60
3.80
7.28
3.71
10.06
6.70
3.70
7.80
3.47
11.86
6.80
3.60
8.32
3.25
13.98
6.90
3.50
8.84
3.06
16.49
7.00
3.40
9.36
2.89
19.44
7.10
3.30
9.88
2.74
22.93
7.20
3.20
10.40
2.60
27.04
7.30
3.10
10.92
2.48
31.89
7.40
3.00
11.44
2.36
37.60
7.50
2.90
11.96
2.26
44.34
7.60
2.80
12.48
2.17
52.29
7.70
2.70
13.00
2.08
61.66
7.80
2.60
13.52
2.00
72.71
7.90
2.50
14.04
1.93
85.75
8.00
2.40
14.56
1.86
101.11
8.10
2.30
15.08
1.79
119.24
8.20
2.20
15.60
1.73
140.61
8.30
2.10
16.12
1.68
165.81
8.40
2.00
16.64
1.62
195.53
8.50
1.90
17.16
1.58
230.57
8.60
1.80
17.68
1.53
271.90
8.70
1.70
18.20
1.49
320.64
8.80
1.60
18.72
1.44
378.10
8.90
1.50
19.24
1.41
445.87
9.00
1.40
19.76
1.37
525.79
9.10
1.30
20.28
1.33
620.03
9.20
1.20
20.80
1.30
9.30
1.10
21.32
1.27
9.40
1.00
21.84
1.24
9.50
0.90
22.36
1.21
9.60
0.80
22.88
1.18
9.70
0.70
23.40
1.16
9.80
0.60
23.92
1.13
9.90
0.50
24.44
1.11
10.00
0.40
24.96
1.08
10.10
0.30
25.48
1.06
10.20
0.20
26.00
1.04
10.30
0.10
26.52
1.02
10.40
0.00
27.04
1.00
10.50
-0.10
27.56
0.98
10.60
-0.20
28.08
0.96
10.70
-0.30
28.60
0.95
10.80
-0.40
29.12
0.93
10.90
-0.50
29.64
0.91
11.00
-0.60
30.16
0.90
11.10
-0.70
30.68
0.88
11.20
-0.80
31.20
0.87
5.30
5.30
0.00
1.00
5.40
5.20
0.53
53.00
1.18
5.50
5.10
1.06
26.50
1.40
5.60
5.00
1.59
17.67
1.65
5.70
4.90
2.12
13.25
1.95
5.80
4.80
2.65
10.60
2.30
5.90
4.70
3.18
8.83
2.72
6.00
4.60
3.71
7.57
3.21
6.10
4.50
4.24
6.62
3.80
6.20
4.40
4.77
5.89
4.49
6.30
4.30
5.30
5.30
5.30
6.40
4.20
5.83
4.82
6.26
6.50
4.10
6.36
4.42
7.40
6.60
4.00
6.89
4.08
8.74
6.70
3.90
7.42
3.79
10.33
6.80
3.80
7.95
3.53
12.20
6.90
3.70
8.48
3.31
14.42
7.00
3.60
9.01
3.12
17.03
7.10
3.50
9.54
2.94
20.12
7.20
3.40
10.07
2.79
23.78
7.30
3.30
10.60
2.65
28.09
7.40
3.20
11.13
2.52
33.19
7.50
3.10
11.66
2.41
39.21
7.60
3.00
12.19
2.30
46.33
7.70
2.90
12.72
2.21
54.73
7.80
2.80
13.25
2.12
64.67
7.90
2.70
13.78
2.04
76.40
8.00
2.60
14.31
1.96
90.27
8.10
2.50
14.84
1.89
106.65
8.20
2.40
15.37
1.83
126.01
8.30
2.30
15.90
1.77
148.88
8.40
2.20
16.43
1.71
175.90
8.50
2.10
16.96
1.66
207.82
8.60
2.00
17.49
1.61
245.53
8.70
1.90
18.02
1.56
290.09
8.80
1.80
18.55
1.51
342.74
8.90
1.70
19.08
1.47
404.94
9.00
1.60
19.61
1.43
478.43
9.10
1.50
20.14
1.39
565.26
9.20
1.40
20.67
1.36
667.85
9.30
1.30
21.20
9.40
1.20
21.73
1.29
9.50
1.10
22.26
1.26
9.60
1.00
22.79
1.23
9.70
0.90
23.32
1.20
9.80
0.80
23.85
1.18
9.90
0.70
24.38
1.15
10.00
0.60
24.91
1.13
10.10
0.50
25.44
1.10
10.20
0.40
25.97
1.08
10.30
0.30
26.50
1.06
10.40
0.20
27.03
1.04
10.50
0.10
27.56
1.02
10.60
0.00
28.09
1.00
10.70
-0.10
28.62
0.98
10.80
-0.20
29.15
0.96
10.90
-0.30
29.68
0.95
11.00
-0.40
30.21
0.93
11.10
-0.50
30.74
0.91
11.20
-0.60
31.27
0.90
11.30
-0.70
31.80
0.88
5.40
5.40
0.00
1.00
5.50
5.30
0.54
54.00
1.18
5.60
5.20
1.08
27.00
1.40
5.70
5.10
1.62
18.00
1.66
5.80
5.00
2.16
13.50
1.96
5.90
4.90
2.70
10.80
2.32
6.00
4.80
3.24
9.00
2.75
6.10
4.70
3.78
7.71
3.26
6.20
4.60
4.32
6.75
3.85
6.30
4.50
4.86
6.00
4.56
6.40
4.40
5.40
5.40
5.40
6.50
4.30
5.94
4.91
6.39
6.60
4.20
6.48
4.50
7.57
6.70
4.10
7.02
4.15
8.96
6.80
4.00
7.56
3.86
10.60
6.90
3.90
8.10
3.60
12.55
7.00
3.80
8.64
3.38
14.85
7.10
3.70
9.18
3.18
17.58
7.20
3.60
9.72
3.00
20.81
7.30
3.50
10.26
2.84
24.63
7.40
3.40
10.80
2.70
29.16
7.50
3.30
11.34
2.57
34.52
7.60
3.20
11.88
2.45
40.86
7.70
3.10
12.42
2.35
48.36
7.80
3.00
12.96
2.25
57.25
7.90
2.90
13.50
2.16
67.76
8.00
2.80
14.04
2.08
80.21
8.10
2.70
14.58
2.00
94.94
8.20
2.60
15.12
1.93
112.38
8.30
2.50
15.66
1.86
133.03
8.40
2.40
16.20
1.80
157.46
8.50
2.30
16.74
1.74
186.39
8.60
2.20
17.28
1.69
220.63
8.70
2.10
17.82
1.64
261.16
8.80
2.00
18.36
1.59
309.13
8.90
1.90
18.90
1.54
365.91
9.00
1.80
19.44
1.50
433.13
9.10
1.70
19.98
1.46
512.69
9.20
1.60
20.52
1.42
606.87
9.30
1.50
21.06
1.38
718.35
9.40
1.40
21.60
1.35
9.50
1.30
22.14
1.32
9.60
1.20
22.68
1.29
9.70
1.10
23.22
1.26
9.80
1.00
23.76
1.23
9.90
0.90
24.30
1.20
10.00
0.80
24.84
1.17
10.10
0.70
25.38
1.15
10.20
0.60
25.92
10.30
0.50
26.46
1.10
10.40
0.40
27.00
1.08
10.50
0.30
27.54
1.06
10.60
0.20
28.08
1.04
10.70
0.10
28.62
1.02
10.80
0.00
29.16
1.00
10.90
-0.10
29.70
0.98
11.00
-0.20
30.24
0.96
11.10
-0.30
30.78
0.95
11.20
-0.40
31.32
0.93
11.30
-0.50
31.86
0.92
11.40
-0.60
32.40
0.90
5.50
5.50
0.00
1.00
5.60
5.40
0.55
55.00
1.19
5.70
5.30
1.10
27.50
1.41
5.80
5.20
1.65
18.33
1.67
5.90
5.10
2.20
13.75
1.98
6.00
5.00
2.75
11.00
2.35
6.10
4.90
3.30
9.17
2.78
6.20
4.80
3.85
7.86
3.30
6.30
4.70
4.40
6.88
3.91
6.40
4.60
4.95
6.11
4.64
6.50
4.50
5.50
5.50
5.50
6.60
4.40
6.05
5.00
6.52
6.70
4.30
6.60
4.58
7.73
6.80
4.20
7.15
4.23
9.17
6.90
4.10
7.70
3.93
10.88
7.00
4.00
8.25
3.67
12.90
7.10
3.90
8.80
3.44
15.30
7.20
3.80
9.35
3.24
18.14
7.30
3.70
9.90
3.06
21.51
7.40
3.60
10.45
2.89
25.51
7.50
3.50
11.00
2.75
30.25
7.60
3.40
11.55
2.62
35.87
7.70
3.30
12.10
2.50
42.54
7.80
3.20
12.65
2.39
50.45
7.90
3.10
13.20
2.29
59.82
8.00
3.00
13.75
2.20
70.94
8.10
2.90
14.30
2.12
84.13
8.20
2.80
14.85
2.04
99.77
8.30
2.70
15.40
1.96
118.31
8.40
2.60
15.95
1.90
140.30
8.50
2.50
16.50
1.83
166.38
8.60
2.40
17.05
1.77
197.30
8.70
2.30
17.60
1.72
233.97
8.80
2.20
18.15
1.67
277.46
8.90
2.10
18.70
1.62
329.03
9.00
2.00
19.25
1.57
390.18
9.10
1.90
19.80
1.53
462.71
9.20
1.80
20.35
1.49
548.71
9.30
1.70
20.90
1.45
650.70
9.40
1.60
21.45
1.41
771.64
9.50
1.50
22.00
1.38
9.60
1.40
22.55
1.34
9.70
1.30
23.10
1.31
9.80
1.20
23.65
1.28
9.90
1.10
24.20
1.25
10.00
1.00
24.75
1.22
10.10
0.90
25.30
1.20
10.20
0.80
25.85
1.17
10.30
0.70
26.40
1.15
10.40
0.60
26.95
1.12
10.50
0.50
27.50
1.10
10.60
0.40
28.05
1.08
10.70
0.30
28.60
1.06
10.80
0.20
29.15
1.04
10.90
0.10
29.70
1.02
11.00
0.00
30.25
1.00
11.10
-0.10
30.80
0.98
11.20
-0.20
31.35
0.96
11.30
-0.30
31.90
0.95
11.40
-0.40
32.45
0.93
11.50
-0.50
33.00
0.92
5.60
5.60
0.00
1.00
5.70
5.50
0.56
56.00
1.19
5.80
5.40
1.12
28.00
1.41
5.90
5.30
1.68
18.67
1.68
6.00
5.20
2.24
14.00
1.99
6.10
5.10
2.80
11.20
2.37
6.20
5.00
3.36
9.33
2.81
6.30
4.90
3.92
8.00
3.34
6.40
4.80
4.48
7.00
3.97
6.50
4.70
5.04
6.22
4.71
6.60
4.60
5.60
5.60
5.60
6.70
4.50
6.16
5.09
6.65
6.80
4.40
6.72
4.67
7.90
6.90
4.30
7.28
4.31
9.39
7.00
4.20
7.84
4.00
11.15
7.10
4.10
8.40
3.73
13.25
7.20
4.00
8.96
3.50
15.74
7.30
3.90
9.52
3.29
18.70
7.40
3.80
10.08
3.11
22.22
7.50
3.70
10.64
2.95
26.40
7.60
3.60
11.20
2.80
31.36
7.70
3.50
11.76
2.67
37.26
7.80
3.40
12.32
2.55
44.26
7.90
3.30
12.88
2.43
52.58
8.00
3.20
13.44
2.33
62.47
8.10
3.10
14.00
2.24
74.21
8.20
3.00
14.56
2.15
88.16
8.30
2.90
15.12
2.07
104.74
8.40
2.80
15.68
2.00
124.43
8.50
2.70
16.24
1.93
147.82
8.60
2.60
16.80
1.87
175.62
8.70
2.50
17.36
1.81
208.63
8.80
2.40
17.92
1.75
247.86
8.90
2.30
18.48
1.70
294.46
9.00
2.20
19.04
1.65
349.82
9.10
2.10
19.60
1.60
415.58
9.20
2.00
20.16
1.56
493.72
9.30
1.90
20.72
1.51
586.54
9.40
1.80
21.28
1.47
696.81
9.50
1.70
21.84
1.44
827.82
9.60
1.60
22.40
1.40
9.70
1.50
22.96
1.37
9.80
1.40
23.52
1.33
9.90
1.30
24.08
1.30
10.00
1.20
24.64
1.27
10.10
1.10
25.20
1.24
10.20
1.00
25.76
1.22
10.30
0.90
26.32
1.19
10.40
0.80
26.88
1.17
10.50
0.70
27.44
1.14
10.60
0.60
28.00
1.12
10.70
0.50
28.56
1.10
10.80
0.40
29.12
1.08
10.90
0.30
29.68
1.06
11.00
0.20
30.24
1.04
11.10
0.10
30.80
1.02
11.20
0.00
31.36
1.00
11.30
-0.10
31.92
0.98
11.40
-0.20
32.48
0.97
11.50
-0.30
33.04
0.95
11.60
-0.40
33.60
0.93
5.70
5.70
0.00
1.00
5.80
5.60
0.57
57.00
1.19
5.90
5.50
1.14
28.50
1.42
6.00
5.40
1.71
19.00
1.69
6.10
5.30
2.28
14.25
2.01
6.20
5.20
2.85
11.40
2.39
6.30
5.10
3.42
9.50
2.84
6.40
5.00
3.99
8.14
3.38
6.50
4.90
4.56
7.12
4.02
6.60
4.80
5.13
6.33
4.79
6.70
4.70
5.70
5.70
5.70
6.80
4.60
6.27
5.18
6.78
6.90
4.50
6.84
4.75
8.07
7.00
4.40
7.41
4.38
9.61
7.10
4.30
7.98
4.07
11.43
7.20
4.20
8.55
3.80
13.61
7.30
4.10
9.12
3.56
16.20
7.40
4.00
9.69
3.35
19.27
7.50
3.90
10.26
3.17
22.94
7.60
3.80
10.83
3.00
27.30
7.70
3.70
11.40
2.85
32.49
7.80
3.60
11.97
2.71
38.67
7.90
3.50
12.54
2.59
46.02
8.00
3.40
13.11
2.48
54.77
8.10
3.30
13.68
65.18
8.20
3.20
14.25
2.28
77.57
8.30
3.10
14.82
2.19
92.32
8.40
3.00
15.39
2.11
109.87
8.50
2.90
15.96
2.04
130.75
8.60
2.80
16.53
1.97
155.61
8.70
2.70
17.10
1.90
185.19
8.80
2.60
17.67
1.84
220.40
8.90
2.50
18.24
1.78
262.30
9.00
2.40
18.81
1.73
312.17
9.10
2.30
19.38
1.68
371.51
9.20
2.20
19.95
1.63
442.14
9.30
2.10
20.52
1.58
526.20
9.40
2.00
21.09
1.54
626.23
9.50
1.90
21.66
1.50
745.29
9.60
1.80
22.23
1.46
886.98
9.70
1.70
22.80
9.80
1.60
23.37
1.39
9.90
1.50
23.94
1.36
10.00
1.40
24.51
1.33
10.10
1.30
25.08
1.30
10.20
1.20
25.65
1.27
10.30
1.10
26.22
1.24
10.40
1.00
26.79
1.21
10.50
0.90
27.36
1.19
10.60
0.80
27.93
1.16
10.70
0.70
28.50
1.14
10.80
0.60
29.07
1.12
10.90
0.50
29.64
1.10
11.00
0.40
30.21
1.08
11.10
0.30
30.78
1.06
11.20
0.20
31.35
1.04
11.30
0.10
31.92
1.02
11.40
0.00
32.49
1.00
11.50
-0.10
33.06
0.98
11.60
-0.20
33.63
0.97
11.70
-0.30
34.20
0.95
5.80
5.80
0.00
1.00
5.90
5.70
0.58
58.00
1.19
6.00
5.60
1.16
29.00
1.42
6.10
5.50
1.74
19.33
1.69
6.20
5.40
2.32
14.50
2.02
6.30
5.30
2.90
11.60
2.41
6.40
5.20
3.48
9.67
2.87
6.50
5.10
4.06
8.29
3.42
6.60
5.00
4.64
7.25
4.08
6.70
4.90
5.22
6.44
4.87
6.80
4.80
5.80
5.80
5.80
6.90
4.70
6.38
5.27
6.91
7.00
4.60
6.96
4.83
8.24
7.10
4.50
7.54
4.46
9.83
7.20
4.40
8.12
4.14
11.72
7.30
4.30
8.70
3.87
13.97
7.40
4.20
9.28
3.62
16.65
7.50
4.10
9.86
3.41
19.85
7.60
4.00
10.44
3.22
23.67
7.70
3.90
11.02
3.05
28.22
7.80
3.80
11.60
2.90
33.64
7.90
3.70
12.18
2.76
40.11
8.00
3.60
12.76
2.64
47.81
8.10
3.50
13.34
2.52
57.00
8.20
3.40
13.92
2.42
67.96
8.30
3.30
14.50
2.32
81.02
8.40
3.20
15.08
2.23
96.59
8.50
3.10
15.66
2.15
115.15
8.60
3.00
16.24
2.07
137.28
8.70
2.90
16.82
2.00
163.66
8.80
2.80
17.40
1.93
195.11
8.90
2.70
17.98
1.87
232.61
9.00
2.60
18.56
1.81
277.31
9.10
2.50
19.14
1.76
330.61
9.20
2.40
19.72
1.71
394.14
9.30
2.30
20.30
1.66
469.89
9.40
2.20
20.88
1.61
560.20
9.50
2.10
21.46
1.57
667.86
9.60
2.00
22.04
1.53
796.21
9.70
1.90
22.62
1.49
949.23
9.80
1.80
23.20
1.45
9.90
1.70
23.78
1.41
10.00
1.60
24.36
1.38
10.10
1.50
24.94
1.35
10.20
1.40
25.52
1.32
10.30
1.30
26.10
1.29
10.40
1.20
26.68
1.26
10.50
1.10
27.26
1.23
10.60
1.00
27.84
1.21
10.70
0.90
28.42
1.18
10.80
0.80
29.00
1.16
10.90
0.70
29.58
1.14
11.00
0.60
30.16
1.12
11.10
0.50
30.74
1.09
11.20
0.40
31.32
1.07
11.30
0.30
31.90
1.05
11.40
0.20
32.48
1.04
11.50
0.10
33.06
1.02
11.60
0.00
33.64
1.00
11.70
-0.10
34.22
0.98
11.80
-0.20
34.80
0.97
5.90
5.90
0.00
1.00
6.00
5.80
0.59
59.00
1.19
6.10
5.70
1.18
29.50
1.43
6.20
5.60
1.77
19.67
1.70
6.30
5.50
2.36
14.75
2.03
6.40
5.40
2.95
11.80
2.43
6.50
5.30
3.54
9.83
2.90
6.60
5.20
4.13
8.43
3.46
6.70
5.10
4.72
7.38
4.14
6.80
5.00
5.31
6.56
4.94
6.90
4.90
5.90
5.90
5.90
7.00
4.80
6.49
5.36
7.05
7.10
4.70
7.08
4.92
8.41
7.20
4.60
7.67
4.54
10.05
7.30
4.50
8.26
4.21
12.00
7.40
4.40
8.85
3.93
14.33
7.50
4.30
9.44
3.69
17.11
7.60
4.20
10.03
3.47
20.44
7.70
4.10
10.62
3.28
24.41
7.80
4.00
11.21
3.11
29.15
7.90
3.90
11.80
2.95
34.81
8.00
3.80
12.39
2.81
41.57
8.10
3.70
12.98
2.68
49.64
8.20
3.60
13.57
2.57
59.29
8.30
3.50
14.16
2.46
70.80
8.40
3.40
14.75
2.36
84.55
8.50
3.30
15.34
2.27
100.98
8.60
3.20
15.93
2.19
120.59
8.70
3.10
16.52
2.11
144.01
8.80
3.00
17.11
2.03
171.98
8.90
2.90
17.70
1.97
205.38
9.00
2.80
18.29
1.90
245.27
9.10
2.70
18.88
1.84
292.90
9.20
2.60
19.47
1.79
349.79
9.30
2.50
20.06
1.74
417.73
9.40
2.40
20.65
1.69
498.86
9.50
2.30
21.24
1.64
595.75
9.60
2.20
21.83
1.59
711.46
9.70
2.10
22.42
1.55
849.65
9.80
2.00
23.01
1.51
1014.67
9.90
1.90
23.60
1.48
10.00
1.80
24.19
1.44
10.10
1.70
24.78
1.40
10.20
1.60
25.37
1.37
10.30
1.50
25.96
1.34
10.40
1.40
26.55
1.31
10.50
1.30
27.14
1.28
10.60
1.20
27.73
1.26
10.70
1.10
28.32
1.23
10.80
1.00
28.91
1.20
10.90
0.90
29.50
1.18
11.00
0.80
30.09
1.16
11.10
0.70
30.68
1.13
11.20
0.60
31.27
1.11
11.30
0.50
31.86
1.09
11.40
0.40
32.45
1.07
11.50
0.30
33.04
1.05
11.60
0.20
33.63
1.04
11.70
0.10
34.22
1.02
11.80
0.00
34.81
1.00
11.90
-0.10
35.40
0.98
6.00
6.00
0.00
1.00
6.10
5.90
0.60
60.00
1.20
6.20
5.80
1.20
30.00
1.43
6.30
5.70
1.80
20.00
1.71
6.40
5.60
2.40
15.00
2.05
6.50
5.50
3.00
12.00
2.45
6.60
5.40
3.60
10.00
2.93
6.70
5.30
4.20
8.57
3.51
6.80
5.20
4.80
7.50
4.19
6.90
5.10
5.40
6.67
5.02
7.00
5.00
6.00
6.00
6.00
7.10
4.90
6.60
5.45
7.18
7.20
4.80
7.20
5.00
8.59
7.30
4.70
7.80
4.62
10.27
7.40
4.60
8.40
4.29
12.29
7.50
4.50
9.00
4.00
14.70
7.60
4.40
9.60
3.75
17.58
7.70
4.30
10.20
3.53
21.03
7.80
4.20
10.80
3.33
25.16
7.90
4.10
11.40
3.16
30.09
8.00
4.00
12.00
3.00
36.00
8.10
3.90
12.60
2.86
43.06
8.20
3.80
13.20
2.73
51.51
8.30
3.70
13.80
2.61
61.62
8.40
3.60
14.40
2.50
73.72
8.50
3.50
15.00
2.40
88.18
8.60
3.40
15.60
2.31
105.49
8.70
3.30
16.20
2.22
126.19
8.80
3.20
16.80
2.14
150.95
8.90
3.10
17.40
2.07
180.57
9.00
3.00
18.00
2.00
216.00
9.10
2.90
18.60
1.94
258.39
9.20
2.80
19.20
1.88
309.09
9.30
2.70
19.80
1.82
369.74
9.40
2.60
20.40
1.76
442.30
9.50
2.50
21.00
1.71
529.09
9.60
2.40
21.60
1.67
632.91
9.70
2.30
22.20
1.62
757.11
9.80
2.20
22.80
1.58
905.68
9.90
2.10
23.40
1.54
1083.40
10.00
2.00
24.00
1.50
10.10
1.90
24.60
1.46
10.20
1.80
25.20
1.43
10.30
1.70
25.80
1.40
10.40
1.60
26.40
1.36
10.50
1.50
27.00
1.33
10.60
1.40
27.60
1.30
10.70
1.30
28.20
1.28
10.80
1.20
28.80
1.25
10.90
1.10
29.40
1.22
11.00
1.00
30.00
1.20
11.10
0.90
30.60
1.18
11.20
0.80
31.20
1.15
11.30
0.70
31.80
1.13
11.40
0.60
32.40
1.11
11.50
0.50
33.00
1.09
11.60
0.40
33.60
1.07
11.70
0.30
34.20
1.05
11.80
0.20
34.80
1.03
11.90
0.10
35.40
1.02
12.00
0.00
36.00
1.00
