1
1
1
1
1
1
1
1
1
1
2
4
8
16
32
64
128
256
512
3
9
27
81
243
729
2187
6561
19683
4
16
64
256
1024
4096
16384
65536
262144
5
25
125
625
3125
15625
78125
390625
1953125
6
36
216
1296
7776
46656
279936
1679616
10077696
7
49
343
2401
16807
117649
823543
5764801
40353607
8
64
512
4096
32768
262144
2097152
16777216
134217728
9
81
729
6561
59049
531441
4782969
43046721
387420489
16
7
125
262144
19683
117649
6
1
1
823543
216
4096
2401
1953125
9
2097152
729
46656
32
49
36
1679616
5
729
4
25
256
15625
6561
512
64
10077696
43046721
2
256
1
390625
59049
343
64
32768
1
5764801
4
16
387420489
9
16384
1
262144
531441
81
81
78125
16777216
16807
1296
2187
243
1024
1
8
3125
65536
3
6561
625
7776
512
134217728
4096
1
1
1
40353607
4782969
64
279936
27
128
8
