0.63 0.03
1.26 0.13
1.88 0.28
2.51 0.50
3.14 0.79
3.77 1.13
4.40 1.54
5.03 2.01
5.65 2.54
6.28 3.14
6.91 3.80
7.54 4.52
8.17 5.31
8.80 6.16
9.42 7.07
10.05 8.04
10.68 9.08
11.31 10.18
11.94 11.34
12.57 12.57
13.19 13.85
13.82 15.21
14.45 16.62
15.08 18.10
15.71 19.63
16.34 21.24
16.96 22.90
17.59 24.63
18.22 26.42
18.85 28.27
19.48 30.19
20.11 32.17
20.73 34.21
21.36 36.32
21.99 38.48
22.62 40.72
23.25 43.01
23.88 45.36
24.50 47.78
25.13 50.27
25.76 52.81
26.39 55.42
27.02 58.09
27.65 60.82
28.27 63.62
28.90 66.48
29.53 69.40
30.16 72.38
30.79 75.43
31.42 78.54
32.04 81.71
32.67 84.95
33.30 88.25
33.93 91.61
34.56 95.03
35.19 98.52
35.81 102.07
36.44 105.68
37.07 109.36
37.70 113.10
38.33 116.90
38.96 120.76
39.58 124.69
40.21 128.68
40.84 132.73
41.47 136.85
42.10 141.03
42.73 145.27
43.35 149.57
43.98 153.94
44.61 158.37
45.24 162.86
45.87 167.42
46.50 172.03
47.12 176.71
47.75 181.46
48.38 186.27
49.01 191.13
49.64 196.07
50.27 201.06
50.89 206.12
51.52 211.24
52.15 216.42
52.78 221.67
53.41 226.98
54.04 232.35
54.66 237.79
55.29 243.28
55.92 248.85
56.55 254.47
57.18 260.16
57.81 265.90
58.43 271.72
59.06 277.59
59.69 283.53
60.32 289.53
60.95 295.59
61.58 301.72
62.20 307.91
62.83 314.16
63.46 320.47
64.09 326.85
64.72 333.29
65.35 339.79
65.97 346.36
66.60 352.99
67.23 359.68
67.86 366.44
68.49 373.25
69.12 380.13
69.74 387.08
70.37 394.08
71.00 401.15
71.63 408.28
72.26 415.48
72.88 422.73
73.51 430.05
74.14 437.44
74.77 444.88
75.40 452.39
76.03 459.96
76.65 467.59
77.28 475.29
77.91 483.05
78.54 490.87
79.17 498.76
79.80 506.71
80.42 514.72
81.05 522.79
81.68 530.93
82.31 539.13
82.94 547.39
83.57 555.72
84.19 564.10
84.82 572.56
85.45 581.07
86.08 589.65
86.71 598.28
87.34 606.99
87.96 615.75
88.59 624.58
89.22 633.47
89.85 642.42
90.48 651.44
91.11 660.52
91.73 669.66
92.36 678.87
92.99 688.13
93.62 697.46
94.25 706.86
94.88 716.31
95.50 725.83
96.13 735.42
96.76 745.06
97.39 754.77
98.02 764.54
98.65 774.37
99.27 784.27
99.90 794.23
100.53 804.25
101.16 814.33
101.79 824.48
102.42 834.69
103.04 844.96
103.67 855.30
104.30 865.70
104.93 876.16
105.56 886.68
106.19 897.27
106.81 907.92
107.44 918.63
108.07 929.41
108.70 940.25
109.33 951.15
109.96 962.11
110.58 973.14
111.21 984.23
111.84 995.38
112.47 1006.60
113.10 1017.88
113.73 1029.22
114.35 1040.62
114.98 1052.09
115.61 1063.62
116.24 1075.21
116.87 1086.87
117.50 1098.58
118.12 1110.36
118.75 1122.21
119.38 1134.11
120.01 1146.08
120.64 1158.12
121.27 1170.21
121.89 1182.37
122.52 1194.59
123.15 1206.87
123.78 1219.22
124.41 1231.63
125.04 1244.10
125.66 1256.64
126.29 1269.23
126.92 1281.90
127.55 1294.62
128.18 1307.41
128.81 1320.25
129.43 1333.17
130.06 1346.14
130.69 1359.18
131.32 1372.28
131.95 1385.44
132.58 1398.67
133.20 1411.96
133.83 1425.31
134.46 1438.72
135.09 1452.20
135.72 1465.74
136.35 1479.34
136.97 1493.01
137.60 1506.74
138.23 1520.53
138.86 1534.39
139.49 1548.30
140.12 1562.28
140.74 1576.33
141.37 1590.43
142.00 1604.60
142.63 1618.83
143.26 1633.13
143.88 1647.48
144.51 1661.90
145.14 1676.39
145.77 1690.93
146.40 1705.54
147.03 1720.21
147.65 1734.94
148.28 1749.74
148.91 1764.60
149.54 1779.52
150.17 1794.51
150.80 1809.56
151.42 1824.67
152.05 1839.84
152.68 1855.08
153.31 1870.38
153.94 1885.74
154.57 1901.17
155.19 1916.65
155.82 1932.21
156.45 1947.82
157.08 1963.50
157.71 1979.23
158.34 1995.04
158.96 2010.90
159.59 2026.83
160.22 2042.82
160.85 2058.87
161.48 2074.99
162.11 2091.17
162.73 2107.41
163.36 2123.72
163.99 2140.08
164.62 2156.51
165.25 2173.01
165.88 2189.56
166.50 2206.18
167.13 2222.87
167.76 2239.61
168.39 2256.42
169.02 2273.29
169.65 2290.22
170.27 2307.22
170.90 2324.28
171.53 2341.40
172.16 2358.58
172.79 2375.83
173.42 2393.14
174.04 2410.51
174.67 2427.95
175.30 2445.45
175.93 2463.01
176.56 2480.63
177.19 2498.32
177.81 2516.07
178.44 2533.88
179.07 2551.76
179.70 2569.70
180.33 2587.70
180.96 2605.76
181.58 2623.89
182.21 2642.08
182.84 2660.33
183.47 2678.65
184.10 2697.03
184.73 2715.47
185.35 2733.97
185.98 2752.54
186.61 2771.17
187.24 2789.86
187.87 2808.62
188.50 2827.43
189.12 2846.31
189.75 2865.26
190.38 2884.26
191.01 2903.33
191.64 2922.47
192.27 2941.66
192.89 2960.92
193.52 2980.24
194.15 2999.62
194.78 3019.07
195.41 3038.58
196.04 3058.15
196.66 3077.79
197.29 3097.48
197.92 3117.25
198.55 3137.07
199.18 3156.96
199.81 3176.90
200.43 3196.92
201.06 3216.99
201.69 3237.13
202.32 3257.33
202.95 3277.59
203.58 3297.92
204.20 3318.31
204.83 3338.76
205.46 3359.27
206.09 3379.85
206.72 3400.49
207.35 3421.19
207.97 3441.96
208.60 3462.79
209.23 3483.68
209.86 3504.64
210.49 3525.65
211.12 3546.73
211.74 3567.88
212.37 3589.08
213.00 3610.35
213.63 3631.68
214.88 3674.53
215.51 3696.05
216.14 3717.64
216.77 3739.28
217.40 3760.99
218.03 3782.76
218.65 3804.59
219.28 3826.49
219.91 3848.45
220.54 3870.47
221.17 3892.56
221.80 3914.71
222.42 3936.92
223.05 3959.19
223.68 3981.53
224.31 4003.93
224.94 4026.39
225.57 4048.92
226.19 4071.50
226.82 4094.15
227.45 4116.87
228.08 4139.65
228.71 4162.48
229.34 4185.39
229.96 4208.35
230.59 4231.38
231.22 4254.47
231.85 4277.62
232.48 4300.84
233.11 4324.12
233.73 4347.46
234.36 4370.87
234.99 4394.33
235.62 4417.86
236.25 4441.46
236.88 4465.11
237.50 4488.83
238.13 4512.62
238.76 4536.46
239.39 4560.37
240.02 4584.34
240.65 4608.37
241.27 4632.47
241.90 4656.63
242.53 4680.85
243.16 4705.13
243.79 4729.48
244.42 4753.89
245.04 4778.36
245.67 4802.90
246.30 4827.50
246.93 4852.16
247.56 4876.88
248.19 4901.67
248.81 4926.52
249.44 4951.43
250.07 4976.41
250.70 5001.45
251.33 5026.55
251.96 5051.71
252.58 5076.94
253.21 5102.23
253.84 5127.58
254.47 5153.00
255.10 5178.48
255.73 5204.02
256.35 5229.62
256.98 5255.29
257.61 5281.02
258.24 5306.81
258.87 5332.67
259.50 5358.58
260.12 5384.56
260.75 5410.61
261.38 5436.71
262.01 5462.88
262.64 5489.12
263.27 5515.41
263.89 5541.77
264.52 5568.19
265.15 5594.67
265.78 5621.22
266.41 5647.83
267.04 5674.50
267.66 5701.24
268.29 5728.03
269.55 5781.82
270.18 5808.80
270.81 5835.85
271.43 5862.97
272.06 5890.14
272.69 5917.38
273.32 5944.68
273.95 5972.04
274.58 5999.47
275.20 6026.96
275.83 6054.51
276.46 6082.12
277.09 6109.80
277.72 6137.54
278.35 6165.34
278.97 6193.21
279.60 6221.14
280.23 6249.13
281.49 6305.30
282.12 6333.48
282.74 6361.73
283.37 6390.03
284.00 6418.40
284.63 6446.83
285.26 6475.33
285.88 6503.88
286.51 6532.50
287.77 6589.93
288.40 6618.74
289.03 6647.61
289.65 6676.54
290.28 6705.54
290.91 6734.60
291.54 6763.72
292.17 6792.91
292.80 6822.16
293.42 6851.47
294.05 6880.84
294.68 6910.28
295.31 6939.78
295.94 6969.34
296.57 6998.97
297.19 7028.65
298.45 7088.22
299.08 7118.09
299.71 7148.03
300.34 7178.04
300.96 7208.10
301.59 7238.23
302.22 7268.42
302.85 7298.67
303.48 7328.99
304.11 7359.37
304.73 7389.81
305.36 7420.32
305.99 7450.88
306.62 7481.51
307.25 7512.21
307.88 7542.96
308.50 7573.78
309.76 7635.61
310.39 7666.62
311.02 7697.69
311.65 7728.82
312.27 7760.02
312.90 7791.28
313.53 7822.60
314.16 7853.98
314.79 7885.43
315.42 7916.94
316.04 7948.51
316.67 7980.15
317.30 8011.85
317.93 8043.61
318.56 8075.43
319.19 8107.32
319.81 8139.27
320.44 8171.28
321.07 8203.36
321.70 8235.50
322.33 8267.70
322.96 8299.96
323.58 8332.29
324.21 8364.68
324.84 8397.13
325.47 8429.65
326.10 8462.23
326.73 8494.87
327.35 8527.57
327.98 8560.34
328.61 8593.17
329.24 8626.06
329.87 8659.01
330.50 8692.03
331.12 8725.11
331.75 8758.26
332.38 8791.46
333.01 8824.73
333.64 8858.07
334.27 8891.46
334.89 8924.92
335.52 8958.44
336.15 8992.02
336.78 9025.67
337.41 9059.38
338.04 9093.15
338.66 9126.99
339.29 9160.88
339.92 9194.84
340.55 9228.87
341.18 9262.95
341.81 9297.10
342.43 9331.32
343.06 9365.59
343.69 9399.93
344.32 9434.33
344.95 9468.79
345.58 9503.32
346.20 9537.91
346.83 9572.56
347.46 9607.27
348.09 9642.05
348.72 9676.89
349.35 9711.79
349.97 9746.76
350.60 9781.79
351.23 9816.88
351.86 9852.03
352.49 9887.25
353.12 9922.53
354.37 9993.28
355.00 10028.75
355.63 10064.28
356.88 10135.53
357.51 10171.25
358.14 10207.03
358.77 10242.88
359.40 10278.79
360.03 10314.76
360.65 10350.79
361.28 10386.89
361.91 10423.05
362.54 10459.27
363.17 10495.56
363.80 10531.91
364.42 10568.32
365.05 10604.79
365.68 10641.33
366.31 10677.93
366.94 10714.59
367.57 10751.32
368.19 10788.10
369.45 10861.87
370.71 10935.88
371.34 10972.99
371.96 11010.15
372.59 11047.38
373.22 11084.67
373.85 11122.02
374.48 11159.44
375.11 11196.92
375.73 11234.46
376.36 11272.07
376.99 11309.73
377.62 11347.46
378.25 11385.26
378.88 11423.11
379.50 11461.03
380.13 11499.01
380.76 11537.06
381.39 11575.17
382.02 11613.34
382.65 11651.57
383.27 11689.87
384.53 11766.65
385.16 11805.13
385.79 11843.68
386.42 11882.29
387.04 11920.96
387.67 11959.70
388.30 11998.50
388.93 12037.36
389.56 12076.28
390.19 12115.27
390.81 12154.32
391.44 12193.43
392.07 12232.61
392.70 12271.85
393.33 12311.15
393.96 12350.51
394.58 12389.94
395.21 12429.43
395.84 12468.98
396.47 12508.60
397.10 12548.28
397.73 12588.02
398.35 12627.82
398.98 12667.69
399.61 12707.62
400.24 12747.61
400.87 12787.66
401.50 12827.78
402.12 12867.96
402.75 12908.21
403.38 12948.51
404.01 12988.88
404.64 13029.32
405.27 13069.81
405.89 13110.37
406.52 13150.99
407.15 13191.67
407.78 13232.42
408.41 13273.23
409.04 13314.10
411.55 13478.22
412.18 13519.40
412.81 13560.65
413.43 13601.97
414.06 13643.34
414.69 13684.78
415.32 13726.28
415.95 13767.84
416.58 13809.47
417.20 13851.16
417.83 13892.91
418.46 13934.72
419.09 13976.60
419.72 14018.54
420.35 14060.54
420.97 14102.61
421.60 14144.74
422.23 14186.93
423.49 14271.50
424.12 14313.88
424.74 14356.32
425.37 14398.83
426.00 14441.40
426.63 14484.03
427.26 14526.72
427.88 14569.48
428.51 14612.30
429.77 14698.13
430.40 14741.14
431.03 14784.21
431.65 14827.34
432.28 14870.54
432.91 14913.80
433.54 14957.12
434.17 15000.51
435.42 15087.47
436.05 15131.04
436.68 15174.68
437.31 15218.38
437.94 15262.14
438.57 15305.97
439.19 15349.85
439.82 15393.80
440.45 15437.82
441.08 15481.89
442.34 15570.24
442.96 15614.50
443.59 15658.83
444.22 15703.22
444.85 15747.67
445.48 15792.19
446.11 15836.77
446.73 15881.41
447.99 15970.88
448.62 16015.71
449.25 16060.61
449.88 16105.56
450.50 16150.58
451.76 16240.81
452.39 16286.02
453.02 16331.29
453.65 16376.62
454.27 16422.02
455.53 16513.00
456.16 16558.58
456.79 16604.23
457.42 16649.94
458.04 16695.71
458.67 16741.55
459.30 16787.45
459.93 16833.41
460.56 16879.43
461.19 16925.52
461.81 16971.67
462.44 17017.88
463.07 17064.16
463.70 17110.50
464.33 17156.90
464.96 17203.36
465.58 17249.89
466.21 17296.48
466.84 17343.13
467.47 17389.85
468.10 17436.62
469.35 17530.37
469.98 17577.34
470.61 17624.37
471.24 17671.46
471.87 17718.61
472.50 17765.83
473.75 17860.46
474.38 17907.86
475.01 17955.33
476.27 18050.46
476.89 18098.12
477.52 18145.84
478.15 18193.62
478.78 18241.47
479.41 18289.38
480.04 18337.35
481.29 18433.48
481.92 18481.64
482.55 18529.87
483.18 18578.15
483.81 18626.50
484.43 18674.91
485.06 18723.39
485.69 18771.93
486.32 18820.53
486.95 18869.19
487.58 18917.92
488.83 19015.56
489.46 19064.47
490.09 19113.45
490.72 19162.49
491.35 19211.59
491.97 19260.76
492.60 19309.99
493.23 19359.28
493.86 19408.63
494.49 19458.05
495.12 19507.53
495.74 19557.07
496.37 19606.68
497.00 19656.35
497.63 19706.08
498.88 19805.73
499.51 19855.65
500.14 19905.63
500.77 19955.68
501.40 20005.79
502.03 20055.96
502.65 20106.19
503.28 20156.49
503.91 20206.85
504.54 20257.27
505.17 20307.76
505.80 20358.31
506.42 20408.92
507.05 20459.59
507.68 20510.33
508.31 20561.13
508.94 20611.99
509.57 20662.91
510.19 20713.90
511.45 20816.07
512.08 20867.24
512.71 20918.48
513.96 21021.15
514.59 21072.58
515.22 21124.07
515.85 21175.62
516.48 21227.24
517.11 21278.92
517.73 21330.66
518.36 21382.46
518.99 21434.33
519.62 21486.26
520.25 21538.26
520.88 21590.31
521.50 21642.43
522.13 21694.61
522.76 21746.86
523.39 21799.17
524.02 21851.54
524.65 21903.97
525.90 22009.02
526.53 22061.65
527.16 22114.33
527.79 22167.08
528.42 22219.89
529.04 22272.76
529.67 22325.70
530.30 22378.70
530.93 22431.76
531.56 22484.88
532.19 22538.07
532.81 22591.32
533.44 22644.63
534.07 22698.01
535.33 22804.95
535.96 22858.51
536.58 22912.14
537.21 22965.83
537.84 23019.58
539.73 23181.22
540.35 23235.22
540.98 23289.29
542.24 23397.61
543.50 23506.18
544.12 23560.56
546.01 23724.08
546.64 23778.71
547.27 23833.41
547.89 23888.17
548.52 23942.99
549.15 23997.87
549.78 24052.82
550.41 24107.83
551.04 24162.90
551.66 24218.04
552.29 24273.23
552.92 24328.49
553.55 24383.82
554.18 24439.20
554.81 24494.65
556.06 24605.74
556.69 24661.38
557.32 24717.08
557.95 24772.84
558.58 24828.67
559.83 24940.51
560.46 24996.52
561.09 25052.60
561.72 25108.74
562.35 25164.94
562.97 25221.21
563.60 25277.54
564.23 25333.93
564.86 25390.38
565.49 25446.90
566.11 25503.48
566.74 25560.12
567.37 25616.83
568.00 25673.60
568.63 25730.43
569.26 25787.32
569.88 25844.28
570.51 25901.30
571.14 25958.38
571.77 26015.53
572.40 26072.74
573.03 26130.01
573.65 26187.34
574.28 26244.74
574.91 26302.20
575.54 26359.72
576.80 26474.96
577.42 26532.67
578.05 26590.44
578.68 26648.28
579.94 26764.14
580.57 26822.16
581.19 26880.25
581.82 26938.40
583.71 27113.23
584.34 27171.63
584.96 27230.10
585.59 27288.63
586.22 27347.22
586.85 27405.87
587.48 27464.59
588.11 27523.37
588.73 27582.21
589.99 27700.08
590.62 27759.11
591.25 27818.21
591.88 27877.36
592.50 27936.58
593.13 27995.86
593.76 28055.21
595.65 28233.62
596.90 28352.87
598.16 28472.38
598.79 28532.23
599.42 28592.14
600.04 28652.11
601.30 28772.24
601.93 28832.41
602.56 28892.63
603.19 28952.92
603.81 29013.27
604.44 29073.68
605.07 29134.16
606.33 29255.30
606.96 29315.96
607.58 29376.69
608.21 29437.48
608.84 29498.33
609.47 29559.25
610.10 29620.22
610.73 29681.26
611.35 29742.37
611.98 29803.54
612.61 29864.77
613.24 29926.06
613.87 29987.41
614.50 30048.83
615.12 30110.31
615.75 30171.86
616.38 30233.46
617.01 30295.13
618.27 30418.66
618.89 30480.52
619.52 30542.44
620.15 30604.42
620.78 30666.47
621.41 30728.58
622.04 30790.75
622.66 30852.98
623.29 30915.28
623.92 30977.64
624.55 31040.07
625.18 31102.55
625.81 31165.10
626.43 31227.71
627.06 31290.39
627.69 31353.13
628.32 31415.93
