0
00
000
0000
00000
000000
0000000
00000000
000000000000000
0000000000000000
00000000000000000000000000000
000000000000000000000000000000
1
11
111
1111
11111
111111
1111111
11111111
111111111111111
1111111111111111
11111111111111111111111111111
111111111111111111111111111111
1
10
100
1000
10000
100000
1000000
10000000
100000000
1000000000
10000000000
100000000000
1000000000000
10000000000000
100000000000000
1000000000000000
10000000000000000
100000000000000000
1000000000000000000
10000000000000000000
100000000000000000000
1000000000000000000000
10000000000000000000000
100000000000000000000000
1000000000000000000000000
10000000000000000000000000
100000000000000000000000000
1000000000000000000000000000
10000000000000000000000000000
100000000000000000000000000000
1
01
001
0001
00001
000001
0000001
00000001
10
010
0010
00010
11
011
0011
00011
00010001
00000001
0001000100010001
0000000100000001
000100010001000100010001000100
000000010000000100000001000000
10010001
10000001
1001000100010001
1000000100000001
100100010001000100010001000100
100000010000000100000001000000
