1 2
2 4
3 2
3 6
4 8
5 2
5 10
6 4
6 12
7 2
7 14
8 16
9 2
9 6
9 18
10 4
10 20
11 2
11 22
12 8
12 24
13 2
13 26
14 4
14 28
15 2
15 6
15 10
15 30
16 32
17 2
17 34
18 4
18 12
18 36
19 2
19 38
20 8
20 40
21 2
21 6
21 14
21 42
22 4
22 44
23 2
23 46
24 16
24 48
25 2
25 10
25 50
26 4
26 52
27 2
27 6
27 18
27 54
28 8
28 56
29 2
29 58
30 4
30 12
30 20
30 60
31 2
33 2
33 6
33 22
34 4
35 2
35 10
35 14
36 8
36 24
37 2
38 4
39 2
39 6
39 26
40 16
41 2
42 4
42 12
42 28
43 2
44 8
45 2
45 6
45 10
45 18
45 30
46 4
47 2
48 32
49 2
49 14
50 4
50 20
51 2
51 6
51 34
52 8
53 2
54 4
54 12
54 36
55 2
55 10
55 22
56 16
57 2
57 6
57 38
58 4
59 2
60 8
60 24
60 40
