1.707 72.7
1.588 62.5
1.71 88
1.59 75
1.75 88.8
1.61 76.4
1.75 58.7
1.61 45.3
1.25 60.0
0.9 20
2.5 100
1.95 99.9
2.22 122.2
1.75 55.5
1.55 44.4
1.54 44.5
1.40 50.0
1.40 50.5
1.40 51.0
1.40 51.5
1.40 52.0
1.40 52.5
1.40 53.0
1.40 53.5
1.40 54.0
1.40 54.5
1.40 55.0
1.40 55.5
1.40 56.0
1.40 56.5
1.40 57.0
1.40 57.5
1.40 58.0
1.40 58.5
1.40 59.0
1.40 59.5
1.40 60.0
1.40 60.5
1.40 61.0
1.40 61.5
1.40 62.0
1.40 62.5
1.40 63.0
1.40 63.5
1.40 64.0
1.40 64.5
1.40 65.0
1.40 65.5
1.40 66.0
1.40 66.5
1.40 67.0
1.40 67.5
1.40 68.0
1.40 68.5
1.40 69.0
1.40 69.5
1.40 70.0
1.40 70.5
1.40 71.0
1.40 71.5
1.40 72.0
1.40 72.5
1.40 73.0
1.40 73.5
1.40 74.0
1.40 74.5
1.40 75.0
1.40 75.5
1.40 76.0
1.40 76.5
1.40 77.0
1.40 77.5
1.40 78.0
1.40 78.5
1.40 79.0
1.40 79.5
1.40 80.0
1.40 80.5
1.40 81.0
1.40 81.5
1.40 82.0
1.40 82.5
1.40 83.0
1.40 83.5
1.40 84.0
1.40 84.5
1.40 85.0
1.40 85.5
1.40 86.0
1.40 86.5
1.40 87.0
1.40 87.5
1.40 88.0
1.40 88.5
1.40 89.0
1.40 89.5
1.40 90.0
1.40 90.5
1.40 91.0
1.40 91.5
1.40 92.0
1.40 92.5
1.40 93.0
1.40 93.5
1.40 94.0
1.40 94.5
1.40 95.0
1.40 95.5
1.40 96.0
1.40 96.5
1.40 97.0
1.40 97.5
1.40 98.0
1.40 98.5
1.40 99.0
1.40 99.5
1.40 100.0
1.40 100.5
1.40 101.0
1.40 101.5
1.40 102.0
1.40 102.5
1.40 103.0
1.40 103.5
1.40 104.0
1.40 104.5
1.40 105.0
1.40 105.5
1.40 106.0
1.40 106.5
1.40 107.0
1.40 107.5
1.40 108.0
1.40 108.5
1.40 109.0
1.40 109.5
1.40 110.0
1.40 110.5
1.40 111.0
1.40 111.5
1.40 112.0
1.40 112.5
1.40 113.0
1.40 113.5
1.40 114.0
1.40 114.5
1.40 115.0
1.40 115.5
1.40 116.0
1.40 116.5
1.40 117.0
1.40 117.5
1.40 118.0
1.40 118.5
1.40 119.0
1.40 119.5
1.40 120.0
1.42 50.0
1.42 50.5
1.42 51.0
1.42 51.5
1.42 52.0
1.42 52.5
1.42 53.0
1.42 53.5
1.42 54.0
1.42 54.5
1.42 55.0
1.42 55.5
1.42 56.0
1.42 56.5
1.42 57.0
1.42 57.5
1.42 58.0
1.42 58.5
1.42 59.0
1.42 59.5
1.42 60.0
1.42 60.5
1.42 61.0
1.42 61.5
1.42 62.0
1.42 62.5
1.42 63.0
1.42 63.5
1.42 64.0
1.42 64.5
1.42 65.0
1.42 65.5
1.42 66.0
1.42 66.5
1.42 67.0
1.42 67.5
1.42 68.0
1.42 68.5
1.42 69.0
1.42 69.5
1.42 70.0
1.42 70.5
1.42 71.0
1.42 71.5
1.42 72.0
1.42 72.5
1.42 73.0
1.42 73.5
1.42 74.0
1.42 74.5
1.42 75.0
1.42 75.5
1.42 76.0
1.42 76.5
1.42 77.0
1.42 77.5
1.42 78.0
1.42 78.5
1.42 79.0
1.42 79.5
1.42 80.0
1.42 80.5
1.42 81.0
1.42 81.5
1.42 82.0
1.42 82.5
1.42 83.0
1.42 83.5
1.42 84.0
1.42 84.5
1.42 85.0
1.42 85.5
1.42 86.0
1.42 86.5
1.42 87.0
1.42 87.5
1.42 88.0
1.42 88.5
1.42 89.0
1.42 89.5
1.42 90.0
1.42 90.5
1.42 91.0
1.42 91.5
1.42 92.0
1.42 92.5
1.42 93.0
1.42 93.5
1.42 94.0
1.42 94.5
1.42 95.0
1.42 95.5
1.42 96.0
1.42 96.5
1.42 97.0
1.42 97.5
1.42 98.0
1.42 98.5
1.42 99.0
1.42 99.5
1.42 100.0
1.42 100.5
1.42 101.0
1.42 101.5
1.42 102.0
1.42 102.5
1.42 103.0
1.42 103.5
1.42 104.0
1.42 104.5
1.42 105.0
1.42 105.5
1.42 106.0
1.42 106.5
1.42 107.0
1.42 107.5
1.42 108.0
1.42 108.5
1.42 109.0
1.42 109.5
1.42 110.0
1.42 110.5
1.42 111.0
1.42 111.5
1.42 112.0
1.42 112.5
1.42 113.0
1.42 113.5
1.42 114.0
1.42 114.5
1.42 115.0
1.42 115.5
1.42 116.0
1.42 116.5
1.42 117.0
1.42 117.5
1.42 118.0
1.42 118.5
1.42 119.0
1.42 119.5
1.42 120.0
1.44 50.0
1.44 50.5
1.44 51.0
1.44 51.5
1.44 52.0
1.44 52.5
1.44 53.0
1.44 53.5
1.44 54.0
1.44 54.5
1.44 55.0
1.44 55.5
1.44 56.0
1.44 56.5
1.44 57.0
1.44 57.5
1.44 58.0
1.44 58.5
1.44 59.0
1.44 59.5
1.44 60.0
1.44 60.5
1.44 61.0
1.44 61.5
1.44 62.0
1.44 62.5
1.44 63.0
1.44 63.5
1.44 64.0
1.44 64.5
1.44 65.0
1.44 65.5
1.44 66.0
1.44 66.5
1.44 67.0
1.44 67.5
1.44 68.0
1.44 68.5
1.44 69.0
1.44 69.5
1.44 70.0
1.44 70.5
1.44 71.0
1.44 71.5
1.44 72.0
1.44 72.5
1.44 73.0
1.44 73.5
1.44 74.0
1.44 74.5
1.44 75.0
1.44 75.5
1.44 76.0
1.44 76.5
1.44 77.0
1.44 77.5
1.44 78.0
1.44 78.5
1.44 79.0
1.44 79.5
1.44 80.0
1.44 80.5
1.44 81.0
1.44 81.5
1.44 82.0
1.44 82.5
1.44 83.0
1.44 83.5
1.44 84.0
1.44 84.5
1.44 85.0
1.44 85.5
1.44 86.0
1.44 86.5
1.44 87.0
1.44 87.5
1.44 88.0
1.44 88.5
1.44 89.0
1.44 89.5
1.44 90.0
1.44 90.5
1.44 91.0
1.44 91.5
1.44 92.0
1.44 92.5
1.44 93.0
1.44 93.5
1.44 94.0
1.44 94.5
1.44 95.0
1.44 95.5
1.44 96.0
1.44 96.5
1.44 97.0
1.44 97.5
1.44 98.0
1.44 98.5
1.44 99.0
1.44 99.5
1.44 100.0
1.44 100.5
1.44 101.0
1.44 101.5
1.44 102.0
1.44 102.5
1.44 103.0
1.44 103.5
1.44 104.0
1.44 104.5
1.44 105.0
1.44 105.5
1.44 106.0
1.44 106.5
1.44 107.0
1.44 107.5
1.44 108.0
1.44 108.5
1.44 109.0
1.44 109.5
1.44 110.0
1.44 110.5
1.44 111.0
1.44 111.5
1.44 112.0
1.44 112.5
1.44 113.0
1.44 113.5
1.44 114.0
1.44 114.5
1.44 115.0
1.44 115.5
1.44 116.0
1.44 116.5
1.44 117.0
1.44 117.5
1.44 118.0
1.44 118.5
1.44 119.0
1.44 119.5
1.44 120.0
1.46 50.0
1.46 50.5
1.46 51.0
1.46 51.5
1.46 52.0
1.46 52.5
1.46 53.0
1.46 53.5
1.46 54.0
1.46 54.5
1.46 55.0
1.46 55.5
1.46 56.0
1.46 56.5
1.46 57.0
1.46 57.5
1.46 58.0
1.46 58.5
1.46 59.0
1.46 59.5
1.46 60.0
1.46 60.5
1.46 61.0
1.46 61.5
1.46 62.0
1.46 62.5
1.46 63.0
1.46 63.5
1.46 64.0
1.46 64.5
1.46 65.0
1.46 65.5
1.46 66.0
1.46 66.5
1.46 67.0
1.46 67.5
1.46 68.0
1.46 68.5
1.46 69.0
1.46 69.5
1.46 70.0
1.46 70.5
1.46 71.0
1.46 71.5
1.46 72.0
1.46 72.5
1.46 73.0
1.46 73.5
1.46 74.0
1.46 74.5
1.46 75.0
1.46 75.5
1.46 76.0
1.46 76.5
1.46 77.0
1.46 77.5
1.46 78.0
1.46 78.5
1.46 79.0
1.46 79.5
1.46 80.0
1.46 80.5
1.46 81.0
1.46 81.5
1.46 82.0
1.46 82.5
1.46 83.0
1.46 83.5
1.46 84.0
1.46 84.5
1.46 85.0
1.46 85.5
1.46 86.0
1.46 86.5
1.46 87.0
1.46 87.5
1.46 88.0
1.46 88.5
1.46 89.0
1.46 89.5
1.46 90.0
1.46 90.5
1.46 91.0
1.46 91.5
1.46 92.0
1.46 92.5
1.46 93.0
1.46 93.5
1.46 94.0
1.46 94.5
1.46 95.0
1.46 95.5
1.46 96.0
1.46 96.5
1.46 97.0
1.46 97.5
1.46 98.0
1.46 98.5
1.46 99.0
1.46 99.5
1.46 100.0
1.46 100.5
1.46 101.0
1.46 101.5
1.46 102.0
1.46 102.5
1.46 103.0
1.46 103.5
1.46 104.0
1.46 104.5
1.46 105.0
1.46 105.5
1.46 106.0
1.46 106.5
1.46 107.0
1.46 107.5
1.46 108.0
1.46 108.5
1.46 109.0
1.46 109.5
1.46 110.0
1.46 110.5
1.46 111.0
1.46 111.5
1.46 112.0
1.46 112.5
1.46 113.0
1.46 113.5
1.46 114.0
1.46 114.5
1.46 115.0
1.46 115.5
1.46 116.0
1.46 116.5
1.46 117.0
1.46 117.5
1.46 118.0
1.46 118.5
1.46 119.0
1.46 119.5
1.46 120.0
1.48 50.0
1.48 50.5
1.48 51.0
1.48 51.5
1.48 52.0
1.48 52.5
1.48 53.0
1.48 53.5
1.48 54.0
1.48 54.5
1.48 55.0
1.48 55.5
1.48 56.0
1.48 56.5
1.48 57.0
1.48 57.5
1.48 58.0
1.48 58.5
1.48 59.0
1.48 59.5
1.48 60.0
1.48 60.5
1.48 61.0
1.48 61.5
1.48 62.0
1.48 62.5
1.48 63.0
1.48 63.5
1.48 64.0
1.48 64.5
1.48 65.0
1.48 65.5
1.48 66.0
1.48 66.5
1.48 67.0
1.48 67.5
1.48 68.0
1.48 68.5
1.48 69.0
1.48 69.5
1.48 70.0
1.48 70.5
1.48 71.0
1.48 71.5
1.48 72.0
1.48 72.5
1.48 73.0
1.48 73.5
1.48 74.0
1.48 74.5
1.48 75.0
1.48 75.5
1.48 76.0
1.48 76.5
1.48 77.0
1.48 77.5
1.48 78.0
1.48 78.5
1.48 79.0
1.48 79.5
1.48 80.0
1.48 80.5
1.48 81.0
1.48 81.5
1.48 82.0
1.48 82.5
1.48 83.0
1.48 83.5
1.48 84.0
1.48 84.5
1.48 85.0
1.48 85.5
1.48 86.0
1.48 86.5
1.48 87.0
1.48 87.5
1.48 88.0
1.48 88.5
1.48 89.0
1.48 89.5
1.48 90.0
1.48 90.5
1.48 91.0
1.48 91.5
1.48 92.0
1.48 92.5
1.48 93.0
1.48 93.5
1.48 94.0
1.48 94.5
1.48 95.0
1.48 95.5
1.48 96.0
1.48 96.5
1.48 97.0
1.48 97.5
1.48 98.0
1.48 98.5
1.48 99.0
1.48 99.5
1.48 100.0
1.48 100.5
1.48 101.0
1.48 101.5
1.48 102.0
1.48 102.5
1.48 103.0
1.48 103.5
1.48 104.0
1.48 104.5
1.48 105.0
1.48 105.5
1.48 106.0
1.48 106.5
1.48 107.0
1.48 107.5
1.48 108.0
1.48 108.5
1.48 109.0
1.48 109.5
1.48 110.0
1.48 110.5
1.48 111.0
1.48 111.5
1.48 112.0
1.48 112.5
1.48 113.0
1.48 113.5
1.48 114.0
1.48 114.5
1.48 115.0
1.48 115.5
1.48 116.0
1.48 116.5
1.48 117.0
1.48 117.5
1.48 118.0
1.48 118.5
1.48 119.0
1.48 119.5
1.48 120.0
1.50 50.0
1.50 50.5
1.50 51.0
1.50 51.5
1.50 52.0
1.50 52.5
1.50 53.0
1.50 53.5
1.50 54.0
1.50 54.5
1.50 55.0
1.50 55.5
1.50 56.0
1.50 56.5
1.50 57.0
1.50 57.5
1.50 58.0
1.50 58.5
1.50 59.0
1.50 59.5
1.50 60.0
1.50 60.5
1.50 61.0
1.50 61.5
1.50 62.0
1.50 62.5
1.50 63.0
1.50 63.5
1.50 64.0
1.50 64.5
1.50 65.0
1.50 65.5
1.50 66.0
1.50 66.5
1.50 67.0
1.50 67.5
1.50 68.0
1.50 68.5
1.50 69.0
1.50 69.5
1.50 70.0
1.50 70.5
1.50 71.0
1.50 71.5
1.50 72.0
1.50 72.5
1.50 73.0
1.50 73.5
1.50 74.0
1.50 74.5
1.50 75.0
1.50 75.5
1.50 76.0
1.50 76.5
1.50 77.0
1.50 77.5
1.50 78.0
1.50 78.5
1.50 79.0
1.50 79.5
1.50 80.0
1.50 80.5
1.50 81.0
1.50 81.5
1.50 82.0
1.50 82.5
1.50 83.0
1.50 83.5
1.50 84.0
1.50 84.5
1.50 85.0
1.50 85.5
1.50 86.0
1.50 86.5
1.50 87.0
1.50 87.5
1.50 88.0
1.50 88.5
1.50 89.0
1.50 89.5
1.50 90.0
1.50 90.5
1.50 91.0
1.50 91.5
1.50 92.0
1.50 92.5
1.50 93.0
1.50 93.5
1.50 94.0
1.50 94.5
1.50 95.0
1.50 95.5
1.50 96.0
1.50 96.5
1.50 97.0
1.50 97.5
1.50 98.0
1.50 98.5
1.50 99.0
1.50 99.5
1.50 100.0
1.50 100.5
1.50 101.0
1.50 101.5
1.50 102.0
1.50 102.5
1.50 103.0
1.50 103.5
1.50 104.0
1.50 104.5
1.50 105.0
1.50 105.5
1.50 106.0
1.50 106.5
1.50 107.0
1.50 107.5
1.50 108.0
1.50 108.5
1.50 109.0
1.50 109.5
1.50 110.0
1.50 110.5
1.50 111.0
1.50 111.5
1.50 112.0
1.50 112.5
1.50 113.0
1.50 113.5
1.50 114.0
1.50 114.5
1.50 115.0
1.50 115.5
1.50 116.0
1.50 116.5
1.50 117.0
1.50 117.5
1.50 118.0
1.50 118.5
1.50 119.0
1.50 119.5
1.50 120.0
1.52 50.0
1.52 50.5
1.52 51.0
1.52 51.5
1.52 52.0
1.52 52.5
1.52 53.0
1.52 53.5
1.52 54.0
1.52 54.5
1.52 55.0
1.52 55.5
1.52 56.0
1.52 56.5
1.52 57.0
1.52 57.5
1.52 58.0
1.52 58.5
1.52 59.0
1.52 59.5
1.52 60.0
1.52 60.5
1.52 61.0
1.52 61.5
1.52 62.0
1.52 62.5
1.52 63.0
1.52 63.5
1.52 64.0
1.52 64.5
1.52 65.0
1.52 65.5
1.52 66.0
1.52 66.5
1.52 67.0
1.52 67.5
1.52 68.0
1.52 68.5
1.52 69.0
1.52 69.5
1.52 70.0
1.52 70.5
1.52 71.0
1.52 71.5
1.52 72.0
1.52 72.5
1.52 73.0
1.52 73.5
1.52 74.0
1.52 74.5
1.52 75.0
1.52 75.5
1.52 76.0
1.52 76.5
1.52 77.0
1.52 77.5
1.52 78.0
1.52 78.5
1.52 79.0
1.52 79.5
1.52 80.0
1.52 80.5
1.52 81.0
1.52 81.5
1.52 82.0
1.52 82.5
1.52 83.0
1.52 83.5
1.52 84.0
1.52 84.5
1.52 85.0
1.52 85.5
1.52 86.0
1.52 86.5
1.52 87.0
1.52 87.5
1.52 88.0
1.52 88.5
1.52 89.0
1.52 89.5
1.52 90.0
1.52 90.5
1.52 91.0
1.52 91.5
1.52 92.0
1.52 92.5
1.52 93.0
1.52 93.5
1.52 94.0
1.52 94.5
1.52 95.0
1.52 95.5
1.52 96.0
1.52 96.5
1.52 97.0
1.52 97.5
1.52 98.0
1.52 98.5
1.52 99.0
1.52 99.5
1.52 100.0
1.52 100.5
1.52 101.0
1.52 101.5
1.52 102.0
1.52 102.5
1.52 103.0
1.52 103.5
1.52 104.0
1.52 104.5
1.52 105.0
1.52 105.5
1.52 106.0
1.52 106.5
1.52 107.0
1.52 107.5
1.52 108.0
1.52 108.5
1.52 109.0
1.52 109.5
1.52 110.0
1.52 110.5
1.52 111.0
1.52 111.5
1.52 112.0
1.52 112.5
1.52 113.0
1.52 113.5
1.52 114.0
1.52 114.5
1.52 115.0
1.52 115.5
1.52 116.0
1.52 116.5
1.52 117.0
1.52 117.5
1.52 118.0
1.52 118.5
1.52 119.0
1.52 119.5
1.52 120.0
1.54 50.0
1.54 50.5
1.54 51.0
1.54 51.5
1.54 52.0
1.54 52.5
1.54 53.0
1.54 53.5
1.54 54.0
1.54 54.5
1.54 55.0
1.54 55.5
1.54 56.0
1.54 56.5
1.54 57.0
1.54 57.5
1.54 58.0
1.54 58.5
1.54 59.0
1.54 59.5
1.54 60.0
1.54 60.5
1.54 61.0
1.54 61.5
1.54 62.0
1.54 62.5
1.54 63.0
1.54 63.5
1.54 64.0
1.54 64.5
1.54 65.0
1.54 65.5
1.54 66.0
1.54 66.5
1.54 67.0
1.54 67.5
1.54 68.0
1.54 68.5
1.54 69.0
1.54 69.5
1.54 70.0
1.54 70.5
1.54 71.0
1.54 71.5
1.54 72.0
1.54 72.5
1.54 73.0
1.54 73.5
1.54 74.0
1.54 74.5
1.54 75.0
1.54 75.5
1.54 76.0
1.54 76.5
1.54 77.0
1.54 77.5
1.54 78.0
1.54 78.5
1.54 79.0
1.54 79.5
1.54 80.0
1.54 80.5
1.54 81.0
1.54 81.5
1.54 82.0
1.54 82.5
1.54 83.0
1.54 83.5
1.54 84.0
1.54 84.5
1.54 85.0
1.54 85.5
1.54 86.0
1.54 86.5
1.54 87.0
1.54 87.5
1.54 88.0
1.54 88.5
1.54 89.0
1.54 89.5
1.54 90.0
1.54 90.5
1.54 91.0
1.54 91.5
1.54 92.0
1.54 92.5
1.54 93.0
1.54 93.5
1.54 94.0
1.54 94.5
1.54 95.0
1.54 95.5
1.54 96.0
1.54 96.5
1.54 97.0
1.54 97.5
1.54 98.0
1.54 98.5
1.54 99.0
1.54 99.5
1.54 100.0
1.54 100.5
1.54 101.0
1.54 101.5
1.54 102.0
1.54 102.5
1.54 103.0
1.54 103.5
1.54 104.0
1.54 104.5
1.54 105.0
1.54 105.5
1.54 106.0
1.54 106.5
1.54 107.0
1.54 107.5
1.54 108.0
1.54 108.5
1.54 109.0
1.54 109.5
1.54 110.0
1.54 110.5
1.54 111.0
1.54 111.5
1.54 112.0
1.54 112.5
1.54 113.0
1.54 113.5
1.54 114.0
1.54 114.5
1.54 115.0
1.54 115.5
1.54 116.0
1.54 116.5
1.54 117.0
1.54 117.5
1.54 118.0
1.54 118.5
1.54 119.0
1.54 119.5
1.54 120.0
1.56 50.0
1.56 50.5
1.56 51.0
1.56 51.5
1.56 52.0
1.56 52.5
1.56 53.0
1.56 53.5
1.56 54.0
1.56 54.5
1.56 55.0
1.56 55.5
1.56 56.0
1.56 56.5
1.56 57.0
1.56 57.5
1.56 58.0
1.56 58.5
1.56 59.0
1.56 59.5
1.56 60.0
1.56 60.5
1.56 61.0
1.56 61.5
1.56 62.0
1.56 62.5
1.56 63.0
1.56 63.5
1.56 64.0
1.56 64.5
1.56 65.0
1.56 65.5
1.56 66.0
1.56 66.5
1.56 67.0
1.56 67.5
1.56 68.0
1.56 68.5
1.56 69.0
1.56 69.5
1.56 70.0
1.56 70.5
1.56 71.0
1.56 71.5
1.56 72.0
1.56 72.5
1.56 73.0
1.56 73.5
1.56 74.0
1.56 74.5
1.56 75.0
1.56 75.5
1.56 76.0
1.56 76.5
1.56 77.0
1.56 77.5
1.56 78.0
1.56 78.5
1.56 79.0
1.56 79.5
1.56 80.0
1.56 80.5
1.56 81.0
1.56 81.5
1.56 82.0
1.56 82.5
1.56 83.0
1.56 83.5
1.56 84.0
1.56 84.5
1.56 85.0
1.56 85.5
1.56 86.0
1.56 86.5
1.56 87.0
1.56 87.5
1.56 88.0
1.56 88.5
1.56 89.0
1.56 89.5
1.56 90.0
1.56 90.5
1.56 91.0
1.56 91.5
1.56 92.0
1.56 92.5
1.56 93.0
1.56 93.5
1.56 94.0
1.56 94.5
1.56 95.0
1.56 95.5
1.56 96.0
1.56 96.5
1.56 97.0
1.56 97.5
1.56 98.0
1.56 98.5
1.56 99.0
1.56 99.5
1.56 100.0
1.56 100.5
1.56 101.0
1.56 101.5
1.56 102.0
1.56 102.5
1.56 103.0
1.56 103.5
1.56 104.0
1.56 104.5
1.56 105.0
1.56 105.5
1.56 106.0
1.56 106.5
1.56 107.0
1.56 107.5
1.56 108.0
1.56 108.5
1.56 109.0
1.56 109.5
1.56 110.0
1.56 110.5
1.56 111.0
1.56 111.5
1.56 112.0
1.56 112.5
1.56 113.0
1.56 113.5
1.56 114.0
1.56 114.5
1.56 115.0
1.56 115.5
1.56 116.0
1.56 116.5
1.56 117.0
1.56 117.5
1.56 118.0
1.56 118.5
1.56 119.0
1.56 119.5
1.56 120.0
1.58 50.0
1.58 50.5
1.58 51.0
1.58 51.5
1.58 52.0
1.58 52.5
1.58 53.0
1.58 53.5
1.58 54.0
1.58 54.5
1.58 55.0
1.58 55.5
1.58 56.0
1.58 56.5
1.58 57.0
1.58 57.5
1.58 58.0
1.58 58.5
1.58 59.0
1.58 59.5
1.58 60.0
1.58 60.5
1.58 61.0
1.58 61.5
1.58 62.0
1.58 62.5
1.58 63.0
1.58 63.5
1.58 64.0
1.58 64.5
1.58 65.0
1.58 65.5
1.58 66.0
1.58 66.5
1.58 67.0
1.58 67.5
1.58 68.0
1.58 68.5
1.58 69.0
1.58 69.5
1.58 70.0
1.58 70.5
1.58 71.0
1.58 71.5
1.58 72.0
1.58 72.5
1.58 73.0
1.58 73.5
1.58 74.0
1.58 74.5
1.58 75.0
1.58 75.5
1.58 76.0
1.58 76.5
1.58 77.0
1.58 77.5
1.58 78.0
1.58 78.5
1.58 79.0
1.58 79.5
1.58 80.0
1.58 80.5
1.58 81.0
1.58 81.5
1.58 82.0
1.58 82.5
1.58 83.0
1.58 83.5
1.58 84.0
1.58 84.5
1.58 85.0
1.58 85.5
1.58 86.0
1.58 86.5
1.58 87.0
1.58 87.5
1.58 88.0
1.58 88.5
1.58 89.0
1.58 89.5
1.58 90.0
1.58 90.5
1.58 91.0
1.58 91.5
1.58 92.0
1.58 92.5
1.58 93.0
1.58 93.5
1.58 94.0
1.58 94.5
1.58 95.0
1.58 95.5
1.58 96.0
1.58 96.5
1.58 97.0
1.58 97.5
1.58 98.0
1.58 98.5
1.58 99.0
1.58 99.5
1.58 100.0
1.58 100.5
1.58 101.0
1.58 101.5
1.58 102.0
1.58 102.5
1.58 103.0
1.58 103.5
1.58 104.0
1.58 104.5
1.58 105.0
1.58 105.5
1.58 106.0
1.58 106.5
1.58 107.0
1.58 107.5
1.58 108.0
1.58 108.5
1.58 109.0
1.58 109.5
1.58 110.0
1.58 110.5
1.58 111.0
1.58 111.5
1.58 112.0
1.58 112.5
1.58 113.0
1.58 113.5
1.58 114.0
1.58 114.5
1.58 115.0
1.58 115.5
1.58 116.0
1.58 116.5
1.58 117.0
1.58 117.5
1.58 118.0
1.58 118.5
1.58 119.0
1.58 119.5
1.58 120.0
1.60 50.0
1.60 50.5
1.60 51.0
1.60 51.5
1.60 52.0
1.60 52.5
1.60 53.0
1.60 53.5
1.60 54.0
1.60 54.5
1.60 55.0
1.60 55.5
1.60 56.0
1.60 56.5
1.60 57.0
1.60 57.5
1.60 58.0
1.60 58.5
1.60 59.0
1.60 59.5
1.60 60.0
1.60 60.5
1.60 61.0
1.60 61.5
1.60 62.0
1.60 62.5
1.60 63.0
1.60 63.5
1.60 64.5
1.60 65.0
1.60 65.5
1.60 66.0
1.60 66.5
1.60 67.0
1.60 67.5
1.60 68.0
1.60 68.5
1.60 69.0
1.60 69.5
1.60 70.0
1.60 70.5
1.60 71.0
1.60 71.5
1.60 72.0
1.60 72.5
1.60 73.0
1.60 73.5
1.60 74.0
1.60 74.5
1.60 75.0
1.60 75.5
1.60 76.0
1.60 76.5
1.60 77.0
1.60 77.5
1.60 78.0
1.60 78.5
1.60 79.0
1.60 79.5
1.60 80.0
1.60 80.5
1.60 81.0
1.60 81.5
1.60 82.0
1.60 82.5
1.60 83.0
1.60 83.5
1.60 84.0
1.60 84.5
1.60 85.0
1.60 85.5
1.60 86.0
1.60 86.5
1.60 87.0
1.60 87.5
1.60 88.0
1.60 88.5
1.60 89.0
1.60 89.5
1.60 90.0
1.60 90.5
1.60 91.0
1.60 91.5
1.60 92.0
1.60 92.5
1.60 93.0
1.60 93.5
1.60 94.0
1.60 94.5
1.60 95.0
1.60 95.5
1.60 96.0
1.60 96.5
1.60 97.0
1.60 97.5
1.60 98.0
1.60 98.5
1.60 99.0
1.60 99.5
1.60 100.0
1.60 100.5
1.60 101.0
1.60 101.5
1.60 102.0
1.60 102.5
1.60 103.0
1.60 103.5
1.60 104.0
1.60 104.5
1.60 105.0
1.60 105.5
1.60 106.0
1.60 106.5
1.60 107.0
1.60 107.5
1.60 108.0
1.60 108.5
1.60 109.0
1.60 109.5
1.60 110.0
1.60 110.5
1.60 111.0
1.60 111.5
1.60 112.0
1.60 112.5
1.60 113.0
1.60 113.5
1.60 114.0
1.60 114.5
1.60 115.0
1.60 115.5
1.60 116.0
1.60 116.5
1.60 117.0
1.60 117.5
1.60 118.0
1.60 118.5
1.60 119.0
1.60 119.5
1.60 120.0
1.62 50.0
1.62 50.5
1.62 51.0
1.62 51.5
1.62 52.0
1.62 52.5
1.62 53.0
1.62 53.5
1.62 54.0
1.62 54.5
1.62 55.0
1.62 55.5
1.62 56.0
1.62 56.5
1.62 57.0
1.62 57.5
1.62 58.0
1.62 58.5
1.62 59.0
1.62 59.5
1.62 60.0
1.62 60.5
1.62 61.0
1.62 61.5
1.62 62.0
1.62 62.5
1.62 63.0
1.62 63.5
1.62 64.0
1.62 64.5
1.62 65.0
1.62 65.5
1.62 66.0
1.62 66.5
1.62 67.0
1.62 67.5
1.62 68.0
1.62 68.5
1.62 69.0
1.62 69.5
1.62 70.0
1.62 70.5
1.62 71.0
1.62 71.5
1.62 72.0
1.62 72.5
1.62 73.0
1.62 73.5
1.62 74.0
1.62 74.5
1.62 75.0
1.62 75.5
1.62 76.0
1.62 76.5
1.62 77.0
1.62 77.5
1.62 78.0
1.62 78.5
1.62 79.0
1.62 79.5
1.62 80.0
1.62 80.5
1.62 81.0
1.62 81.5
1.62 82.0
1.62 82.5
1.62 83.0
1.62 83.5
1.62 84.0
1.62 84.5
1.62 85.0
1.62 85.5
1.62 86.0
1.62 86.5
1.62 87.0
1.62 87.5
1.62 88.0
1.62 88.5
1.62 89.0
1.62 89.5
1.62 90.0
1.62 90.5
1.62 91.0
1.62 91.5
1.62 92.0
1.62 92.5
1.62 93.0
1.62 93.5
1.62 94.0
1.62 94.5
1.62 95.0
1.62 95.5
1.62 96.0
1.62 96.5
1.62 97.0
1.62 97.5
1.62 98.0
1.62 98.5
1.62 99.0
1.62 99.5
1.62 100.0
1.62 100.5
1.62 101.0
1.62 101.5
1.62 102.0
1.62 102.5
1.62 103.0
1.62 103.5
1.62 104.0
1.62 104.5
1.62 105.0
1.62 105.5
1.62 106.0
1.62 106.5
1.62 107.0
1.62 107.5
1.62 108.0
1.62 108.5
1.62 109.0
1.62 109.5
1.62 110.0
1.62 110.5
1.62 111.0
1.62 111.5
1.62 112.0
1.62 112.5
1.62 113.0
1.62 113.5
1.62 114.0
1.62 114.5
1.62 115.0
1.62 115.5
1.62 116.0
1.62 116.5
1.62 117.0
1.62 117.5
1.62 118.0
1.62 118.5
1.62 119.0
1.62 119.5
1.62 120.0
1.64 50.0
1.64 50.5
1.64 51.0
1.64 51.5
1.64 52.0
1.64 52.5
1.64 53.0
1.64 53.5
1.64 54.0
1.64 54.5
1.64 55.0
1.64 55.5
1.64 56.0
1.64 56.5
1.64 57.0
1.64 57.5
1.64 58.0
1.64 58.5
1.64 59.0
1.64 59.5
1.64 60.0
1.64 60.5
1.64 61.0
1.64 61.5
1.64 62.0
1.64 62.5
1.64 63.0
1.64 63.5
1.64 64.0
1.64 64.5
1.64 65.0
1.64 65.5
1.64 66.0
1.64 66.5
1.64 67.0
1.64 67.5
1.64 68.0
1.64 68.5
1.64 69.0
1.64 69.5
1.64 70.0
1.64 70.5
1.64 71.0
1.64 71.5
1.64 72.0
1.64 72.5
1.64 73.0
1.64 73.5
1.64 74.0
1.64 74.5
1.64 75.0
1.64 75.5
1.64 76.0
1.64 76.5
1.64 77.0
1.64 77.5
1.64 78.0
1.64 78.5
1.64 79.0
1.64 79.5
1.64 80.0
1.64 80.5
1.64 81.0
1.64 81.5
1.64 82.0
1.64 82.5
1.64 83.0
1.64 83.5
1.64 84.0
1.64 84.5
1.64 85.0
1.64 85.5
1.64 86.0
1.64 86.5
1.64 87.0
1.64 87.5
1.64 88.0
1.64 88.5
1.64 89.0
1.64 89.5
1.64 90.0
1.64 90.5
1.64 91.0
1.64 91.5
1.64 92.0
1.64 92.5
1.64 93.0
1.64 93.5
1.64 94.0
1.64 94.5
1.64 95.0
1.64 95.5
1.64 96.0
1.64 96.5
1.64 97.0
1.64 97.5
1.64 98.0
1.64 98.5
1.64 99.0
1.64 99.5
1.64 100.0
1.64 100.5
1.64 101.0
1.64 101.5
1.64 102.0
1.64 102.5
1.64 103.0
1.64 103.5
1.64 104.0
1.64 104.5
1.64 105.0
1.64 105.5
1.64 106.0
1.64 106.5
1.64 107.0
1.64 107.5
1.64 108.0
1.64 108.5
1.64 109.0
1.64 109.5
1.64 110.0
1.64 110.5
1.64 111.0
1.64 111.5
1.64 112.0
1.64 112.5
1.64 113.0
1.64 113.5
1.64 114.0
1.64 114.5
1.64 115.0
1.64 115.5
1.64 116.0
1.64 116.5
1.64 117.0
1.64 117.5
1.64 118.0
1.64 118.5
1.64 119.0
1.64 119.5
1.64 120.0
1.66 50.0
1.66 50.5
1.66 51.0
1.66 51.5
1.66 52.0
1.66 52.5
1.66 53.0
1.66 53.5
1.66 54.0
1.66 54.5
1.66 55.0
1.66 55.5
1.66 56.0
1.66 56.5
1.66 57.0
1.66 57.5
1.66 58.0
1.66 58.5
1.66 59.0
1.66 59.5
1.66 60.0
1.66 60.5
1.66 61.0
1.66 61.5
1.66 62.0
1.66 62.5
1.66 63.0
1.66 63.5
1.66 64.0
1.66 64.5
1.66 65.0
1.66 65.5
1.66 66.0
1.66 66.5
1.66 67.0
1.66 67.5
1.66 68.0
1.66 68.5
1.66 69.0
1.66 69.5
1.66 70.0
1.66 70.5
1.66 71.0
1.66 71.5
1.66 72.0
1.66 72.5
1.66 73.0
1.66 73.5
1.66 74.0
1.66 74.5
1.66 75.0
1.66 75.5
1.66 76.0
1.66 76.5
1.66 77.0
1.66 77.5
1.66 78.0
1.66 78.5
1.66 79.0
1.66 79.5
1.66 80.0
1.66 80.5
1.66 81.0
1.66 81.5
1.66 82.0
1.66 82.5
1.66 83.0
1.66 83.5
1.66 84.0
1.66 84.5
1.66 85.0
1.66 85.5
1.66 86.0
1.66 86.5
1.66 87.0
1.66 87.5
1.66 88.0
1.66 88.5
1.66 89.0
1.66 89.5
1.66 90.0
1.66 90.5
1.66 91.0
1.66 91.5
1.66 92.0
1.66 92.5
1.66 93.0
1.66 93.5
1.66 94.0
1.66 94.5
1.66 95.0
1.66 95.5
1.66 96.0
1.66 96.5
1.66 97.0
1.66 97.5
1.66 98.0
1.66 98.5
1.66 99.0
1.66 99.5
1.66 100.0
1.66 100.5
1.66 101.0
1.66 101.5
1.66 102.0
1.66 102.5
1.66 103.0
1.66 103.5
1.66 104.0
1.66 104.5
1.66 105.0
1.66 105.5
1.66 106.0
1.66 106.5
1.66 107.0
1.66 107.5
1.66 108.0
1.66 108.5
1.66 109.0
1.66 109.5
1.66 110.0
1.66 110.5
1.66 111.0
1.66 111.5
1.66 112.0
1.66 112.5
1.66 113.0
1.66 113.5
1.66 114.0
1.66 114.5
1.66 115.0
1.66 115.5
1.66 116.0
1.66 116.5
1.66 117.0
1.66 117.5
1.66 118.0
1.66 118.5
1.66 119.0
1.66 119.5
1.66 120.0
1.68 50.0
1.68 50.5
1.68 51.0
1.68 51.5
1.68 52.0
1.68 52.5
1.68 53.0
1.68 53.5
1.68 54.0
1.68 54.5
1.68 55.0
1.68 55.5
1.68 56.0
1.68 56.5
1.68 57.0
1.68 57.5
1.68 58.0
1.68 58.5
1.68 59.0
1.68 59.5
1.68 60.0
1.68 60.5
1.68 61.0
1.68 61.5
1.68 62.0
1.68 62.5
1.68 63.0
1.68 63.5
1.68 64.0
1.68 64.5
1.68 65.0
1.68 65.5
1.68 66.0
1.68 66.5
1.68 67.0
1.68 67.5
1.68 68.0
1.68 68.5
1.68 69.0
1.68 69.5
1.68 70.0
1.68 70.5
1.68 71.0
1.68 71.5
1.68 72.0
1.68 72.5
1.68 73.0
1.68 73.5
1.68 74.0
1.68 74.5
1.68 75.0
1.68 75.5
1.68 76.0
1.68 76.5
1.68 77.0
1.68 77.5
1.68 78.0
1.68 78.5
1.68 79.0
1.68 79.5
1.68 80.0
1.68 80.5
1.68 81.0
1.68 81.5
1.68 82.0
1.68 82.5
1.68 83.0
1.68 83.5
1.68 84.0
1.68 84.5
1.68 85.0
1.68 85.5
1.68 86.0
1.68 86.5
1.68 87.0
1.68 87.5
1.68 88.0
1.68 88.5
1.68 89.0
1.68 89.5
1.68 90.0
1.68 90.5
1.68 91.0
1.68 91.5
1.68 92.0
1.68 92.5
1.68 93.0
1.68 93.5
1.68 94.0
1.68 94.5
1.68 95.0
1.68 95.5
1.68 96.0
1.68 96.5
1.68 97.0
1.68 97.5
1.68 98.0
1.68 98.5
1.68 99.0
1.68 99.5
1.68 100.0
1.68 100.5
1.68 101.0
1.68 101.5
1.68 102.0
1.68 102.5
1.68 103.0
1.68 103.5
1.68 104.0
1.68 104.5
1.68 105.0
1.68 105.5
1.68 106.0
1.68 106.5
1.68 107.0
1.68 107.5
1.68 108.0
1.68 108.5
1.68 109.0
1.68 109.5
1.68 110.0
1.68 110.5
1.68 111.0
1.68 111.5
1.68 112.0
1.68 112.5
1.68 113.0
1.68 113.5
1.68 114.0
1.68 114.5
1.68 115.0
1.68 115.5
1.68 116.0
1.68 116.5
1.68 117.0
1.68 117.5
1.68 118.0
1.68 118.5
1.68 119.0
1.68 119.5
1.68 120.0
1.70 50.0
1.70 50.5
1.70 51.0
1.70 51.5
1.70 52.0
1.70 52.5
1.70 53.0
1.70 53.5
1.70 54.0
1.70 54.5
1.70 55.0
1.70 55.5
1.70 56.0
1.70 56.5
1.70 57.0
1.70 57.5
1.70 58.0
1.70 58.5
1.70 59.0
1.70 59.5
1.70 60.0
1.70 60.5
1.70 61.0
1.70 61.5
1.70 62.0
1.70 62.5
1.70 63.0
1.70 63.5
1.70 64.0
1.70 64.5
1.70 65.0
1.70 65.5
1.70 66.0
1.70 66.5
1.70 67.0
1.70 67.5
1.70 68.0
1.70 68.5
1.70 69.0
1.70 69.5
1.70 70.0
1.70 70.5
1.70 71.0
1.70 71.5
1.70 72.0
1.70 72.5
1.70 73.0
1.70 73.5
1.70 74.0
1.70 74.5
1.70 75.0
1.70 75.5
1.70 76.0
1.70 76.5
1.70 77.0
1.70 77.5
1.70 78.0
1.70 78.5
1.70 79.0
1.70 79.5
1.70 80.0
1.70 80.5
1.70 81.0
1.70 81.5
1.70 82.0
1.70 82.5
1.70 83.0
1.70 83.5
1.70 84.0
1.70 84.5
1.70 85.0
1.70 85.5
1.70 86.0
1.70 86.5
1.70 87.0
1.70 87.5
1.70 88.0
1.70 88.5
1.70 89.0
1.70 89.5
1.70 90.0
1.70 90.5
1.70 91.0
1.70 91.5
1.70 92.0
1.70 92.5
1.70 93.0
1.70 93.5
1.70 94.0
1.70 94.5
1.70 95.0
1.70 95.5
1.70 96.0
1.70 96.5
1.70 97.0
1.70 97.5
1.70 98.0
1.70 98.5
1.70 99.0
1.70 99.5
1.70 100.0
1.70 100.5
1.70 101.0
1.70 101.5
1.70 102.0
1.70 102.5
1.70 103.0
1.70 103.5
1.70 104.0
1.70 104.5
1.70 105.0
1.70 105.5
1.70 106.0
1.70 106.5
1.70 107.0
1.70 107.5
1.70 108.0
1.70 108.5
1.70 109.0
1.70 109.5
1.70 110.0
1.70 110.5
1.70 111.0
1.70 111.5
1.70 112.0
1.70 112.5
1.70 113.0
1.70 113.5
1.70 114.0
1.70 114.5
1.70 115.0
1.70 115.5
1.70 116.0
1.70 116.5
1.70 117.0
1.70 117.5
1.70 118.0
1.70 118.5
1.70 119.0
1.70 119.5
1.70 120.0
1.72 50.0
1.72 50.5
1.72 51.0
1.72 51.5
1.72 52.0
1.72 52.5
1.72 53.0
1.72 53.5
1.72 54.0
1.72 54.5
1.72 55.0
1.72 55.5
1.72 56.0
1.72 56.5
1.72 57.0
1.72 57.5
1.72 58.0
1.72 58.5
1.72 59.0
1.72 59.5
1.72 60.0
1.72 60.5
1.72 61.0
1.72 61.5
1.72 62.0
1.72 62.5
1.72 63.0
1.72 63.5
1.72 64.0
1.72 64.5
1.72 65.0
1.72 65.5
1.72 66.0
1.72 66.5
1.72 67.0
1.72 67.5
1.72 68.0
1.72 68.5
1.72 69.0
1.72 69.5
1.72 70.0
1.72 70.5
1.72 71.0
1.72 71.5
1.72 72.0
1.72 72.5
1.72 73.0
1.72 73.5
1.72 74.0
1.72 74.5
1.72 75.0
1.72 75.5
1.72 76.0
1.72 76.5
1.72 77.0
1.72 77.5
1.72 78.0
1.72 78.5
1.72 79.0
1.72 79.5
1.72 80.0
1.72 80.5
1.72 81.0
1.72 81.5
1.72 82.0
1.72 82.5
1.72 83.0
1.72 83.5
1.72 84.0
1.72 84.5
1.72 85.0
1.72 85.5
1.72 86.0
1.72 86.5
1.72 87.0
1.72 87.5
1.72 88.0
1.72 88.5
1.72 89.0
1.72 89.5
1.72 90.0
1.72 90.5
1.72 91.0
1.72 91.5
1.72 92.0
1.72 92.5
1.72 93.0
1.72 93.5
1.72 94.0
1.72 94.5
1.72 95.0
1.72 95.5
1.72 96.0
1.72 96.5
1.72 97.0
1.72 97.5
1.72 98.0
1.72 98.5
1.72 99.0
1.72 99.5
1.72 100.0
1.72 100.5
1.72 101.0
1.72 101.5
1.72 102.0
1.72 102.5
1.72 103.0
1.72 103.5
1.72 104.0
1.72 104.5
1.72 105.0
1.72 105.5
1.72 106.0
1.72 106.5
1.72 107.0
1.72 107.5
1.72 108.0
1.72 108.5
1.72 109.0
1.72 109.5
1.72 110.0
1.72 110.5
1.72 111.0
1.72 111.5
1.72 112.0
1.72 112.5
1.72 113.0
1.72 113.5
1.72 114.0
1.72 114.5
1.72 115.0
1.72 115.5
1.72 116.0
1.72 116.5
1.72 117.0
1.72 117.5
1.72 118.0
1.72 118.5
1.72 119.0
1.72 119.5
1.72 120.0
1.74 50.0
1.74 50.5
1.74 51.0
1.74 51.5
1.74 52.0
1.74 52.5
1.74 53.0
1.74 53.5
1.74 54.0
1.74 54.5
1.74 55.0
1.74 55.5
1.74 56.0
1.74 56.5
1.74 57.0
1.74 57.5
1.74 58.0
1.74 58.5
1.74 59.0
1.74 59.5
1.74 60.0
1.74 60.5
1.74 61.0
1.74 61.5
1.74 62.0
1.74 62.5
1.74 63.0
1.74 63.5
1.74 64.0
1.74 64.5
1.74 65.0
1.74 65.5
1.74 66.0
1.74 66.5
1.74 67.0
1.74 67.5
1.74 68.0
1.74 68.5
1.74 69.0
1.74 69.5
1.74 70.0
1.74 70.5
1.74 71.0
1.74 71.5
1.74 72.0
1.74 72.5
1.74 73.0
1.74 73.5
1.74 74.0
1.74 74.5
1.74 75.0
1.74 75.5
1.74 76.0
1.74 76.5
1.74 77.0
1.74 77.5
1.74 78.0
1.74 78.5
1.74 79.0
1.74 79.5
1.74 80.0
1.74 80.5
1.74 81.0
1.74 81.5
1.74 82.0
1.74 82.5
1.74 83.0
1.74 83.5
1.74 84.0
1.74 84.5
1.74 85.0
1.74 85.5
1.74 86.0
1.74 86.5
1.74 87.0
1.74 87.5
1.74 88.0
1.74 88.5
1.74 89.0
1.74 89.5
1.74 90.0
1.74 90.5
1.74 91.0
1.74 91.5
1.74 92.0
1.74 92.5
1.74 93.0
1.74 93.5
1.74 94.0
1.74 94.5
1.74 95.0
1.74 95.5
1.74 96.0
1.74 96.5
1.74 97.0
1.74 97.5
1.74 98.0
1.74 98.5
1.74 99.0
1.74 99.5
1.74 100.0
1.74 100.5
1.74 101.0
1.74 101.5
1.74 102.0
1.74 102.5
1.74 103.0
1.74 103.5
1.74 104.0
1.74 104.5
1.74 105.0
1.74 105.5
1.74 106.0
1.74 106.5
1.74 107.0
1.74 107.5
1.74 108.0
1.74 108.5
1.74 109.0
1.74 109.5
1.74 110.0
1.74 110.5
1.74 111.0
1.74 111.5
1.74 112.0
1.74 112.5
1.74 113.0
1.74 113.5
1.74 114.0
1.74 114.5
1.74 115.0
1.74 115.5
1.74 116.0
1.74 116.5
1.74 117.0
1.74 117.5
1.74 118.0
1.74 118.5
1.74 119.0
1.74 119.5
1.74 120.0
1.76 50.0
1.76 50.5
1.76 51.0
1.76 51.5
1.76 52.0
1.76 52.5
1.76 53.0
1.76 53.5
1.76 54.0
1.76 54.5
1.76 55.0
1.76 55.5
1.76 56.0
1.76 56.5
1.76 57.0
1.76 57.5
1.76 58.0
1.76 58.5
1.76 59.0
1.76 59.5
1.76 60.0
1.76 60.5
1.76 61.0
1.76 61.5
1.76 62.0
1.76 62.5
1.76 63.0
1.76 63.5
1.76 64.0
1.76 64.5
1.76 65.0
1.76 65.5
1.76 66.0
1.76 66.5
1.76 67.0
1.76 67.5
1.76 68.0
1.76 68.5
1.76 69.0
1.76 69.5
1.76 70.0
1.76 70.5
1.76 71.0
1.76 71.5
1.76 72.0
1.76 72.5
1.76 73.0
1.76 73.5
1.76 74.0
1.76 74.5
1.76 75.0
1.76 75.5
1.76 76.0
1.76 76.5
1.76 77.0
1.76 77.5
1.76 78.0
1.76 78.5
1.76 79.0
1.76 79.5
1.76 80.0
1.76 80.5
1.76 81.0
1.76 81.5
1.76 82.0
1.76 82.5
1.76 83.0
1.76 83.5
1.76 84.0
1.76 84.5
1.76 85.0
1.76 85.5
1.76 86.0
1.76 86.5
1.76 87.0
1.76 87.5
1.76 88.0
1.76 88.5
1.76 89.0
1.76 89.5
1.76 90.0
1.76 90.5
1.76 91.0
1.76 91.5
1.76 92.0
1.76 92.5
1.76 93.0
1.76 93.5
1.76 94.0
1.76 94.5
1.76 95.0
1.76 95.5
1.76 96.0
1.76 96.5
1.76 97.0
1.76 97.5
1.76 98.0
1.76 98.5
1.76 99.0
1.76 99.5
1.76 100.0
1.76 100.5
1.76 101.0
1.76 101.5
1.76 102.0
1.76 102.5
1.76 103.0
1.76 103.5
1.76 104.0
1.76 104.5
1.76 105.0
1.76 105.5
1.76 106.0
1.76 106.5
1.76 107.0
1.76 107.5
1.76 108.0
1.76 108.5
1.76 109.0
1.76 109.5
1.76 110.0
1.76 110.5
1.76 111.0
1.76 111.5
1.76 112.0
1.76 112.5
1.76 113.0
1.76 113.5
1.76 114.0
1.76 114.5
1.76 115.0
1.76 115.5
1.76 116.0
1.76 116.5
1.76 117.0
1.76 117.5
1.76 118.0
1.76 118.5
1.76 119.0
1.76 119.5
1.76 120.0
1.78 50.0
1.78 50.5
1.78 51.0
1.78 51.5
1.78 52.0
1.78 52.5
1.78 53.0
1.78 53.5
1.78 54.0
1.78 54.5
1.78 55.0
1.78 55.5
1.78 56.0
1.78 56.5
1.78 57.0
1.78 57.5
1.78 58.0
1.78 58.5
1.78 59.0
1.78 59.5
1.78 60.0
1.78 60.5
1.78 61.0
1.78 61.5
1.78 62.0
1.78 62.5
1.78 63.0
1.78 63.5
1.78 64.0
1.78 64.5
1.78 65.0
1.78 65.5
1.78 66.0
1.78 66.5
1.78 67.0
1.78 67.5
1.78 68.0
1.78 68.5
1.78 69.0
1.78 69.5
1.78 70.0
1.78 70.5
1.78 71.0
1.78 71.5
1.78 72.0
1.78 72.5
1.78 73.0
1.78 73.5
1.78 74.0
1.78 74.5
1.78 75.0
1.78 75.5
1.78 76.0
1.78 76.5
1.78 77.0
1.78 77.5
1.78 78.0
1.78 78.5
1.78 79.0
1.78 79.5
1.78 80.0
1.78 80.5
1.78 81.0
1.78 81.5
1.78 82.0
1.78 82.5
1.78 83.0
1.78 83.5
1.78 84.0
1.78 84.5
1.78 85.0
1.78 85.5
1.78 86.0
1.78 86.5
1.78 87.0
1.78 87.5
1.78 88.0
1.78 88.5
1.78 89.0
1.78 89.5
1.78 90.0
1.78 90.5
1.78 91.0
1.78 91.5
1.78 92.0
1.78 92.5
1.78 93.0
1.78 93.5
1.78 94.0
1.78 94.5
1.78 95.0
1.78 95.5
1.78 96.0
1.78 96.5
1.78 97.0
1.78 97.5
1.78 98.0
1.78 98.5
1.78 99.0
1.78 99.5
1.78 100.0
1.78 100.5
1.78 101.0
1.78 101.5
1.78 102.0
1.78 102.5
1.78 103.0
1.78 103.5
1.78 104.0
1.78 104.5
1.78 105.0
1.78 105.5
1.78 106.0
1.78 106.5
1.78 107.0
1.78 107.5
1.78 108.0
1.78 108.5
1.78 109.0
1.78 109.5
1.78 110.0
1.78 110.5
1.78 111.0
1.78 111.5
1.78 112.0
1.78 112.5
1.78 113.0
1.78 113.5
1.78 114.0
1.78 114.5
1.78 115.0
1.78 115.5
1.78 116.0
1.78 116.5
1.78 117.0
1.78 117.5
1.78 118.0
1.78 118.5
1.78 119.0
1.78 119.5
1.78 120.0
1.80 50.0
1.80 50.5
1.80 51.0
1.80 51.5
1.80 52.0
1.80 52.5
1.80 53.0
1.80 53.5
1.80 54.0
1.80 54.5
1.80 55.0
1.80 55.5
1.80 56.0
1.80 56.5
1.80 57.0
1.80 57.5
1.80 58.0
1.80 58.5
1.80 59.0
1.80 59.5
1.80 60.0
1.80 60.5
1.80 61.0
1.80 61.5
1.80 62.0
1.80 62.5
1.80 63.0
1.80 63.5
1.80 64.0
1.80 64.5
1.80 65.0
1.80 65.5
1.80 66.0
1.80 66.5
1.80 67.0
1.80 67.5
1.80 68.0
1.80 68.5
1.80 69.0
1.80 69.5
1.80 70.0
1.80 70.5
1.80 71.0
1.80 71.5
1.80 72.0
1.80 72.5
1.80 73.0
1.80 73.5
1.80 74.0
1.80 74.5
1.80 75.0
1.80 75.5
1.80 76.0
1.80 76.5
1.80 77.0
1.80 77.5
1.80 78.0
1.80 78.5
1.80 79.0
1.80 79.5
1.80 80.0
1.80 80.5
1.80 81.0
1.80 81.5
1.80 82.0
1.80 82.5
1.80 83.0
1.80 83.5
1.80 84.0
1.80 84.5
1.80 85.0
1.80 85.5
1.80 86.0
1.80 86.5
1.80 87.0
1.80 87.5
1.80 88.0
1.80 88.5
1.80 89.0
1.80 89.5
1.80 90.0
1.80 90.5
1.80 91.0
1.80 91.5
1.80 92.0
1.80 92.5
1.80 93.0
1.80 93.5
1.80 94.0
1.80 94.5
1.80 95.0
1.80 95.5
1.80 96.0
1.80 96.5
1.80 97.0
1.80 97.5
1.80 98.0
1.80 98.5
1.80 99.0
1.80 99.5
1.80 100.0
1.80 100.5
1.80 101.0
1.80 101.5
1.80 102.0
1.80 102.5
1.80 103.0
1.80 103.5
1.80 104.0
1.80 104.5
1.80 105.0
1.80 105.5
1.80 106.0
1.80 106.5
1.80 107.0
1.80 107.5
1.80 108.0
1.80 108.5
1.80 109.0
1.80 109.5
1.80 110.0
1.80 110.5
1.80 111.0
1.80 111.5
1.80 112.0
1.80 112.5
1.80 113.0
1.80 113.5
1.80 114.0
1.80 114.5
1.80 115.0
1.80 115.5
1.80 116.0
1.80 116.5
1.80 117.0
1.80 117.5
1.80 118.0
1.80 118.5
1.80 119.0
1.80 119.5
1.80 120.0
1.82 50.0
1.82 50.5
1.82 51.0
1.82 51.5
1.82 52.0
1.82 52.5
1.82 53.0
1.82 53.5
1.82 54.0
1.82 54.5
1.82 55.0
1.82 55.5
1.82 56.0
1.82 56.5
1.82 57.0
1.82 57.5
1.82 58.0
1.82 58.5
1.82 59.0
1.82 59.5
1.82 60.0
1.82 60.5
1.82 61.0
1.82 61.5
1.82 62.0
1.82 62.5
1.82 63.0
1.82 63.5
1.82 64.0
1.82 64.5
1.82 65.0
1.82 65.5
1.82 66.0
1.82 66.5
1.82 67.0
1.82 67.5
1.82 68.0
1.82 68.5
1.82 69.0
1.82 69.5
1.82 70.0
1.82 70.5
1.82 71.0
1.82 71.5
1.82 72.0
1.82 72.5
1.82 73.0
1.82 73.5
1.82 74.0
1.82 74.5
1.82 75.0
1.82 75.5
1.82 76.0
1.82 76.5
1.82 77.0
1.82 77.5
1.82 78.0
1.82 78.5
1.82 79.0
1.82 79.5
1.82 80.0
1.82 80.5
1.82 81.0
1.82 81.5
1.82 82.0
1.82 82.5
1.82 83.0
1.82 83.5
1.82 84.0
1.82 84.5
1.82 85.0
1.82 85.5
1.82 86.0
1.82 86.5
1.82 87.0
1.82 87.5
1.82 88.0
1.82 88.5
1.82 89.0
1.82 89.5
1.82 90.0
1.82 90.5
1.82 91.0
1.82 91.5
1.82 92.0
1.82 92.5
1.82 93.0
1.82 93.5
1.82 94.0
1.82 94.5
1.82 95.0
1.82 95.5
1.82 96.0
1.82 96.5
1.82 97.0
1.82 97.5
1.82 98.0
1.82 98.5
1.82 99.0
1.82 99.5
1.82 100.0
1.82 100.5
1.82 101.0
1.82 101.5
1.82 102.0
1.82 102.5
1.82 103.0
1.82 103.5
1.82 104.0
1.82 104.5
1.82 105.0
1.82 105.5
1.82 106.0
1.82 106.5
1.82 107.0
1.82 107.5
1.82 108.0
1.82 108.5
1.82 109.0
1.82 109.5
1.82 110.0
1.82 110.5
1.82 111.0
1.82 111.5
1.82 112.0
1.82 112.5
1.82 113.0
1.82 113.5
1.82 114.0
1.82 114.5
1.82 115.0
1.82 115.5
1.82 116.0
1.82 116.5
1.82 117.0
1.82 117.5
1.82 118.0
1.82 118.5
1.82 119.0
1.82 119.5
1.82 120.0
1.84 50.0
1.84 50.5
1.84 51.0
1.84 51.5
1.84 52.0
1.84 52.5
1.84 53.0
1.84 53.5
1.84 54.0
1.84 54.5
1.84 55.0
1.84 55.5
1.84 56.0
1.84 56.5
1.84 57.0
1.84 57.5
1.84 58.0
1.84 58.5
1.84 59.0
1.84 59.5
1.84 60.0
1.84 60.5
1.84 61.0
1.84 61.5
1.84 62.0
1.84 62.5
1.84 63.0
1.84 63.5
1.84 64.0
1.84 64.5
1.84 65.0
1.84 65.5
1.84 66.0
1.84 66.5
1.84 67.0
1.84 67.5
1.84 68.0
1.84 68.5
1.84 69.0
1.84 69.5
1.84 70.0
1.84 70.5
1.84 71.0
1.84 71.5
1.84 72.0
1.84 72.5
1.84 73.0
1.84 73.5
1.84 74.0
1.84 74.5
1.84 75.0
1.84 75.5
1.84 76.0
1.84 76.5
1.84 77.0
1.84 77.5
1.84 78.0
1.84 78.5
1.84 79.0
1.84 79.5
1.84 80.0
1.84 80.5
1.84 81.0
1.84 81.5
1.84 82.0
1.84 82.5
1.84 83.0
1.84 83.5
1.84 84.0
1.84 84.5
1.84 85.0
1.84 85.5
1.84 86.0
1.84 86.5
1.84 87.0
1.84 87.5
1.84 88.0
1.84 88.5
1.84 89.0
1.84 89.5
1.84 90.0
1.84 90.5
1.84 91.0
1.84 91.5
1.84 92.0
1.84 92.5
1.84 93.0
1.84 93.5
1.84 94.0
1.84 94.5
1.84 95.0
1.84 95.5
1.84 96.0
1.84 96.5
1.84 97.0
1.84 97.5
1.84 98.0
1.84 98.5
1.84 99.0
1.84 99.5
1.84 100.0
1.84 100.5
1.84 101.0
1.84 101.5
1.84 102.0
1.84 102.5
1.84 103.0
1.84 103.5
1.84 104.0
1.84 104.5
1.84 105.0
1.84 105.5
1.84 106.0
1.84 106.5
1.84 107.0
1.84 107.5
1.84 108.0
1.84 108.5
1.84 109.0
1.84 109.5
1.84 110.0
1.84 110.5
1.84 111.0
1.84 111.5
1.84 112.0
1.84 112.5
1.84 113.0
1.84 113.5
1.84 114.0
1.84 114.5
1.84 115.0
1.84 115.5
1.84 116.0
1.84 116.5
1.84 117.0
1.84 117.5
1.84 118.0
1.84 118.5
1.84 119.0
1.84 119.5
1.84 120.0
1.86 50.0
1.86 50.5
1.86 51.0
1.86 51.5
1.86 52.0
1.86 52.5
1.86 53.0
1.86 53.5
1.86 54.0
1.86 54.5
1.86 55.0
1.86 55.5
1.86 56.0
1.86 56.5
1.86 57.0
1.86 57.5
1.86 58.0
1.86 58.5
1.86 59.0
1.86 59.5
1.86 60.0
1.86 60.5
1.86 61.0
1.86 61.5
1.86 62.0
1.86 62.5
1.86 63.0
1.86 63.5
1.86 64.0
1.86 64.5
1.86 65.0
1.86 65.5
1.86 66.0
1.86 66.5
1.86 67.0
1.86 67.5
1.86 68.0
1.86 68.5
1.86 69.0
1.86 69.5
1.86 70.0
1.86 70.5
1.86 71.0
1.86 71.5
1.86 72.0
1.86 72.5
1.86 73.0
1.86 73.5
1.86 74.0
1.86 74.5
1.86 75.0
1.86 75.5
1.86 76.0
1.86 76.5
1.86 77.0
1.86 77.5
1.86 78.0
1.86 78.5
1.86 79.0
1.86 79.5
1.86 80.0
1.86 80.5
1.86 81.0
1.86 81.5
1.86 82.0
1.86 82.5
1.86 83.0
1.86 83.5
1.86 84.0
1.86 84.5
1.86 85.0
1.86 85.5
1.86 86.0
1.86 86.5
1.86 87.0
1.86 87.5
1.86 88.0
1.86 88.5
1.86 89.0
1.86 89.5
1.86 90.0
1.86 90.5
1.86 91.0
1.86 91.5
1.86 92.0
1.86 92.5
1.86 93.0
1.86 93.5
1.86 94.0
1.86 94.5
1.86 95.0
1.86 95.5
1.86 96.0
1.86 96.5
1.86 97.0
1.86 97.5
1.86 98.0
1.86 98.5
1.86 99.0
1.86 99.5
1.86 100.0
1.86 100.5
1.86 101.0
1.86 101.5
1.86 102.0
1.86 102.5
1.86 103.0
1.86 103.5
1.86 104.0
1.86 104.5
1.86 105.0
1.86 105.5
1.86 106.0
1.86 106.5
1.86 107.0
1.86 107.5
1.86 108.0
1.86 108.5
1.86 109.0
1.86 109.5
1.86 110.0
1.86 110.5
1.86 111.0
1.86 111.5
1.86 112.0
1.86 112.5
1.86 113.0
1.86 113.5
1.86 114.0
1.86 114.5
1.86 115.0
1.86 115.5
1.86 116.0
1.86 116.5
1.86 117.0
1.86 117.5
1.86 118.0
1.86 118.5
1.86 119.0
1.86 119.5
1.86 120.0
1.88 50.0
1.88 50.5
1.88 51.0
1.88 51.5
1.88 52.0
1.88 52.5
1.88 53.0
1.88 53.5
1.88 54.0
1.88 54.5
1.88 55.0
1.88 55.5
1.88 56.0
1.88 56.5
1.88 57.0
1.88 57.5
1.88 58.0
1.88 58.5
1.88 59.0
1.88 59.5
1.88 60.0
1.88 60.5
1.88 61.0
1.88 61.5
1.88 62.0
1.88 62.5
1.88 63.0
1.88 63.5
1.88 64.0
1.88 64.5
1.88 65.0
1.88 65.5
1.88 66.0
1.88 66.5
1.88 67.0
1.88 67.5
1.88 68.0
1.88 68.5
1.88 69.0
1.88 69.5
1.88 70.0
1.88 70.5
1.88 71.0
1.88 71.5
1.88 72.0
1.88 72.5
1.88 73.0
1.88 73.5
1.88 74.0
1.88 74.5
1.88 75.0
1.88 75.5
1.88 76.0
1.88 76.5
1.88 77.0
1.88 77.5
1.88 78.0
1.88 78.5
1.88 79.0
1.88 79.5
1.88 80.0
1.88 80.5
1.88 81.0
1.88 81.5
1.88 82.0
1.88 82.5
1.88 83.0
1.88 83.5
1.88 84.0
1.88 84.5
1.88 85.0
1.88 85.5
1.88 86.0
1.88 86.5
1.88 87.0
1.88 87.5
1.88 88.0
1.88 88.5
1.88 89.0
1.88 89.5
1.88 90.0
1.88 90.5
1.88 91.0
1.88 91.5
1.88 92.0
1.88 92.5
1.88 93.0
1.88 93.5
1.88 94.0
1.88 94.5
1.88 95.0
1.88 95.5
1.88 96.0
1.88 96.5
1.88 97.0
1.88 97.5
1.88 98.0
1.88 98.5
1.88 99.0
1.88 99.5
1.88 100.0
1.88 100.5
1.88 101.0
1.88 101.5
1.88 102.0
1.88 102.5
1.88 103.0
1.88 103.5
1.88 104.0
1.88 104.5
1.88 105.0
1.88 105.5
1.88 106.0
1.88 106.5
1.88 107.0
1.88 107.5
1.88 108.0
1.88 108.5
1.88 109.0
1.88 109.5
1.88 110.0
1.88 110.5
1.88 111.0
1.88 111.5
1.88 112.0
1.88 112.5
1.88 113.0
1.88 113.5
1.88 114.0
1.88 114.5
1.88 115.0
1.88 115.5
1.88 116.0
1.88 116.5
1.88 117.0
1.88 117.5
1.88 118.0
1.88 118.5
1.88 119.0
1.88 119.5
1.88 120.0
1.90 50.0
1.90 50.5
1.90 51.0
1.90 51.5
1.90 52.0
1.90 52.5
1.90 53.0
1.90 53.5
1.90 54.0
1.90 54.5
1.90 55.0
1.90 55.5
1.90 56.0
1.90 56.5
1.90 57.0
1.90 57.5
1.90 58.0
1.90 58.5
1.90 59.0
1.90 59.5
1.90 60.0
1.90 60.5
1.90 61.0
1.90 61.5
1.90 62.0
1.90 62.5
1.90 63.0
1.90 63.5
1.90 64.0
1.90 64.5
1.90 65.0
1.90 65.5
1.90 66.0
1.90 66.5
1.90 67.0
1.90 67.5
1.90 68.0
1.90 68.5
1.90 69.0
1.90 69.5
1.90 70.0
1.90 70.5
1.90 71.0
1.90 71.5
1.90 72.0
1.90 72.5
1.90 73.0
1.90 73.5
1.90 74.0
1.90 74.5
1.90 75.0
1.90 75.5
1.90 76.0
1.90 76.5
1.90 77.0
1.90 77.5
1.90 78.0
1.90 78.5
1.90 79.0
1.90 79.5
1.90 80.0
1.90 80.5
1.90 81.0
1.90 81.5
1.90 82.0
1.90 82.5
1.90 83.0
1.90 83.5
1.90 84.0
1.90 84.5
1.90 85.0
1.90 85.5
1.90 86.0
1.90 86.5
1.90 87.0
1.90 87.5
1.90 88.0
1.90 88.5
1.90 89.0
1.90 89.5
1.90 90.0
1.90 90.5
1.90 91.0
1.90 91.5
1.90 92.0
1.90 92.5
1.90 93.0
1.90 93.5
1.90 94.0
1.90 94.5
1.90 95.0
1.90 95.5
1.90 96.0
1.90 96.5
1.90 97.0
1.90 97.5
1.90 98.0
1.90 98.5
1.90 99.0
1.90 99.5
1.90 100.0
1.90 100.5
1.90 101.0
1.90 101.5
1.90 102.0
1.90 102.5
1.90 103.0
1.90 103.5
1.90 104.0
1.90 104.5
1.90 105.0
1.90 105.5
1.90 106.0
1.90 106.5
1.90 107.0
1.90 107.5
1.90 108.0
1.90 108.5
1.90 109.0
1.90 109.5
1.90 110.0
1.90 110.5
1.90 111.0
1.90 111.5
1.90 112.0
1.90 112.5
1.90 113.0
1.90 113.5
1.90 114.0
1.90 114.5
1.90 115.0
1.90 115.5
1.90 116.0
1.90 116.5
1.90 117.0
1.90 117.5
1.90 118.0
1.90 118.5
1.90 119.0
1.90 119.5
1.90 120.0
1.92 50.0
1.92 50.5
1.92 51.0
1.92 51.5
1.92 52.0
1.92 52.5
1.92 53.0
1.92 53.5
1.92 54.0
1.92 54.5
1.92 55.0
1.92 55.5
1.92 56.0
1.92 56.5
1.92 57.0
1.92 57.5
1.92 58.0
1.92 58.5
1.92 59.0
1.92 59.5
1.92 60.0
1.92 60.5
1.92 61.0
1.92 61.5
1.92 62.0
1.92 62.5
1.92 63.0
1.92 63.5
1.92 64.0
1.92 64.5
1.92 65.0
1.92 65.5
1.92 66.0
1.92 66.5
1.92 67.0
1.92 67.5
1.92 68.0
1.92 68.5
1.92 69.0
1.92 69.5
1.92 70.0
1.92 70.5
1.92 71.0
1.92 71.5
1.92 72.0
1.92 72.5
1.92 73.0
1.92 73.5
1.92 74.0
1.92 74.5
1.92 75.0
1.92 75.5
1.92 76.0
1.92 76.5
1.92 77.0
1.92 77.5
1.92 78.0
1.92 78.5
1.92 79.0
1.92 79.5
1.92 80.0
1.92 80.5
1.92 81.0
1.92 81.5
1.92 82.0
1.92 82.5
1.92 83.0
1.92 83.5
1.92 84.0
1.92 84.5
1.92 85.0
1.92 85.5
1.92 86.0
1.92 86.5
1.92 87.0
1.92 87.5
1.92 88.0
1.92 88.5
1.92 89.0
1.92 89.5
1.92 90.0
1.92 90.5
1.92 91.0
1.92 91.5
1.92 92.0
1.92 92.5
1.92 93.0
1.92 93.5
1.92 94.0
1.92 94.5
1.92 95.0
1.92 95.5
1.92 96.0
1.92 96.5
1.92 97.0
1.92 97.5
1.92 98.0
1.92 98.5
1.92 99.0
1.92 99.5
1.92 100.0
1.92 100.5
1.92 101.0
1.92 101.5
1.92 102.0
1.92 102.5
1.92 103.0
1.92 103.5
1.92 104.0
1.92 104.5
1.92 105.0
1.92 105.5
1.92 106.0
1.92 106.5
1.92 107.0
1.92 107.5
1.92 108.0
1.92 108.5
1.92 109.0
1.92 109.5
1.92 110.0
1.92 110.5
1.92 111.0
1.92 111.5
1.92 112.0
1.92 112.5
1.92 113.0
1.92 113.5
1.92 114.0
1.92 114.5
1.92 115.0
1.92 115.5
1.92 116.0
1.92 116.5
1.92 117.0
1.92 117.5
1.92 118.0
1.92 118.5
1.92 119.0
1.92 119.5
1.92 120.0
1.94 50.0
1.94 50.5
1.94 51.0
1.94 51.5
1.94 52.0
1.94 52.5
1.94 53.0
1.94 53.5
1.94 54.0
1.94 54.5
1.94 55.0
1.94 55.5
1.94 56.0
1.94 56.5
1.94 57.0
1.94 57.5
1.94 58.0
1.94 58.5
1.94 59.0
1.94 59.5
1.94 60.0
1.94 60.5
1.94 61.0
1.94 61.5
1.94 62.0
1.94 62.5
1.94 63.0
1.94 63.5
1.94 64.0
1.94 64.5
1.94 65.0
1.94 65.5
1.94 66.0
1.94 66.5
1.94 67.0
1.94 67.5
1.94 68.0
1.94 68.5
1.94 69.0
1.94 69.5
1.94 70.0
1.94 70.5
1.94 71.0
1.94 71.5
1.94 72.0
1.94 72.5
1.94 73.0
1.94 73.5
1.94 74.0
1.94 74.5
1.94 75.0
1.94 75.5
1.94 76.0
1.94 76.5
1.94 77.0
1.94 77.5
1.94 78.0
1.94 78.5
1.94 79.0
1.94 79.5
1.94 80.0
1.94 80.5
1.94 81.0
1.94 81.5
1.94 82.0
1.94 82.5
1.94 83.0
1.94 83.5
1.94 84.0
1.94 84.5
1.94 85.0
1.94 85.5
1.94 86.0
1.94 86.5
1.94 87.0
1.94 87.5
1.94 88.0
1.94 88.5
1.94 89.0
1.94 89.5
1.94 90.0
1.94 90.5
1.94 91.0
1.94 91.5
1.94 92.0
1.94 92.5
1.94 93.0
1.94 93.5
1.94 94.0
1.94 94.5
1.94 95.0
1.94 95.5
1.94 96.0
1.94 96.5
1.94 97.0
1.94 97.5
1.94 98.0
1.94 98.5
1.94 99.0
1.94 99.5
1.94 100.0
1.94 100.5
1.94 101.0
1.94 101.5
1.94 102.0
1.94 102.5
1.94 103.0
1.94 103.5
1.94 104.0
1.94 104.5
1.94 105.0
1.94 105.5
1.94 106.0
1.94 106.5
1.94 107.0
1.94 107.5
1.94 108.0
1.94 108.5
1.94 109.0
1.94 109.5
1.94 110.0
1.94 110.5
1.94 111.0
1.94 111.5
1.94 112.0
1.94 112.5
1.94 113.0
1.94 113.5
1.94 114.0
1.94 114.5
1.94 115.0
1.94 115.5
1.94 116.0
1.94 116.5
1.94 117.0
1.94 117.5
1.94 118.0
1.94 118.5
1.94 119.0
1.94 119.5
1.94 120.0
1.96 50.0
1.96 50.5
1.96 51.0
1.96 51.5
1.96 52.0
1.96 52.5
1.96 53.0
1.96 53.5
1.96 54.0
1.96 54.5
1.96 55.0
1.96 55.5
1.96 56.0
1.96 56.5
1.96 57.0
1.96 57.5
1.96 58.0
1.96 58.5
1.96 59.0
1.96 59.5
1.96 60.0
1.96 60.5
1.96 61.0
1.96 61.5
1.96 62.0
1.96 62.5
1.96 63.0
1.96 63.5
1.96 64.0
1.96 64.5
1.96 65.0
1.96 65.5
1.96 66.0
1.96 66.5
1.96 67.0
1.96 67.5
1.96 68.0
1.96 68.5
1.96 69.0
1.96 69.5
1.96 70.0
1.96 70.5
1.96 71.0
1.96 71.5
1.96 72.0
1.96 72.5
1.96 73.0
1.96 73.5
1.96 74.0
1.96 74.5
1.96 75.0
1.96 75.5
1.96 76.0
1.96 76.5
1.96 77.0
1.96 77.5
1.96 78.0
1.96 78.5
1.96 79.0
1.96 79.5
1.96 80.0
1.96 80.5
1.96 81.0
1.96 81.5
1.96 82.0
1.96 82.5
1.96 83.0
1.96 83.5
1.96 84.0
1.96 84.5
1.96 85.0
1.96 85.5
1.96 86.0
1.96 86.5
1.96 87.0
1.96 87.5
1.96 88.0
1.96 88.5
1.96 89.0
1.96 89.5
1.96 90.0
1.96 90.5
1.96 91.0
1.96 91.5
1.96 92.0
1.96 92.5
1.96 93.0
1.96 93.5
1.96 94.0
1.96 94.5
1.96 95.0
1.96 95.5
1.96 96.0
1.96 96.5
1.96 97.0
1.96 97.5
1.96 98.0
1.96 98.5
1.96 99.0
1.96 99.5
1.96 100.0
1.96 100.5
1.96 101.0
1.96 101.5
1.96 102.0
1.96 102.5
1.96 103.0
1.96 103.5
1.96 104.0
1.96 104.5
1.96 105.0
1.96 105.5
1.96 106.0
1.96 106.5
1.96 107.0
1.96 107.5
1.96 108.0
1.96 108.5
1.96 109.0
1.96 109.5
1.96 110.0
1.96 110.5
1.96 111.0
1.96 111.5
1.96 112.0
1.96 112.5
1.96 113.0
1.96 113.5
1.96 114.0
1.96 114.5
1.96 115.0
1.96 115.5
1.96 116.0
1.96 116.5
1.96 117.0
1.96 117.5
1.96 118.0
1.96 118.5
1.96 119.0
1.96 119.5
1.96 120.0
1.98 50.0
1.98 50.5
1.98 51.0
1.98 51.5
1.98 52.0
1.98 52.5
1.98 53.0
1.98 53.5
1.98 54.0
1.98 54.5
1.98 55.0
1.98 55.5
1.98 56.0
1.98 56.5
1.98 57.0
1.98 57.5
1.98 58.0
1.98 58.5
1.98 59.0
1.98 59.5
1.98 60.0
1.98 60.5
1.98 61.0
1.98 61.5
1.98 62.0
1.98 62.5
1.98 63.0
1.98 63.5
1.98 64.0
1.98 64.5
1.98 65.0
1.98 65.5
1.98 66.0
1.98 66.5
1.98 67.0
1.98 67.5
1.98 68.0
1.98 68.5
1.98 69.0
1.98 69.5
1.98 70.0
1.98 70.5
1.98 71.0
1.98 71.5
1.98 72.0
1.98 72.5
1.98 73.0
1.98 73.5
1.98 74.0
1.98 74.5
1.98 75.0
1.98 75.5
1.98 76.0
1.98 76.5
1.98 77.0
1.98 77.5
1.98 78.0
1.98 78.5
1.98 79.0
1.98 79.5
1.98 80.0
1.98 80.5
1.98 81.0
1.98 81.5
1.98 82.0
1.98 82.5
1.98 83.0
1.98 83.5
1.98 84.0
1.98 84.5
1.98 85.0
1.98 85.5
1.98 86.0
1.98 86.5
1.98 87.0
1.98 87.5
1.98 88.0
1.98 88.5
1.98 89.0
1.98 89.5
1.98 90.0
1.98 90.5
1.98 91.0
1.98 91.5
1.98 92.0
1.98 92.5
1.98 93.0
1.98 93.5
1.98 94.0
1.98 94.5
1.98 95.0
1.98 95.5
1.98 96.0
1.98 96.5
1.98 97.0
1.98 97.5
1.98 98.0
1.98 98.5
1.98 99.0
1.98 99.5
1.98 100.0
1.98 100.5
1.98 101.0
1.98 101.5
1.98 102.0
1.98 102.5
1.98 103.0
1.98 103.5
1.98 104.0
1.98 104.5
1.98 105.0
1.98 105.5
1.98 106.0
1.98 106.5
1.98 107.0
1.98 107.5
1.98 108.0
1.98 108.5
1.98 109.0
1.98 109.5
1.98 110.0
1.98 110.5
1.98 111.0
1.98 111.5
1.98 112.0
1.98 112.5
1.98 113.0
1.98 113.5
1.98 114.0
1.98 114.5
1.98 115.0
1.98 115.5
1.98 116.0
1.98 116.5
1.98 117.0
1.98 117.5
1.98 118.0
1.98 118.5
1.98 119.0
1.98 119.5
1.98 120.0
2.00 50.0
2.00 50.5
2.00 51.0
2.00 51.5
2.00 52.0
2.00 52.5
2.00 53.0
2.00 53.5
2.00 54.0
2.00 54.5
2.00 55.0
2.00 55.5
2.00 56.0
2.00 56.5
2.00 57.0
2.00 57.5
2.00 58.0
2.00 58.5
2.00 59.0
2.00 59.5
2.00 60.0
2.00 60.5
2.00 61.0
2.00 61.5
2.00 62.0
2.00 62.5
2.00 63.0
2.00 63.5
2.00 64.0
2.00 64.5
2.00 65.0
2.00 65.5
2.00 66.0
2.00 66.5
2.00 67.0
2.00 67.5
2.00 68.0
2.00 68.5
2.00 69.0
2.00 69.5
2.00 70.0
2.00 70.5
2.00 71.0
2.00 71.5
2.00 72.0
2.00 72.5
2.00 73.0
2.00 73.5
2.00 74.0
2.00 74.5
2.00 75.0
2.00 75.5
2.00 76.0
2.00 76.5
2.00 77.0
2.00 77.5
2.00 78.0
2.00 78.5
2.00 79.0
2.00 79.5
2.00 80.0
2.00 80.5
2.00 81.0
2.00 81.5
2.00 82.0
2.00 82.5
2.00 83.0
2.00 83.5
2.00 84.0
2.00 84.5
2.00 85.0
2.00 85.5
2.00 86.0
2.00 86.5
2.00 87.0
2.00 87.5
2.00 88.0
2.00 88.5
2.00 89.0
2.00 89.5
2.00 90.0
2.00 90.5
2.00 91.0
2.00 91.5
2.00 92.0
2.00 92.5
2.00 93.0
2.00 93.5
2.00 94.0
2.00 94.5
2.00 95.0
2.00 95.5
2.00 96.0
2.00 96.5
2.00 97.0
2.00 97.5
2.00 98.0
2.00 98.5
2.00 99.0
2.00 99.5
2.00 100.0
2.00 100.5
2.00 101.0
2.00 101.5
2.00 102.0
2.00 102.5
2.00 103.0
2.00 103.5
2.00 104.0
2.00 104.5
2.00 105.0
2.00 105.5
2.00 106.0
2.00 106.5
2.00 107.0
2.00 107.5
2.00 108.0
2.00 108.5
2.00 109.0
2.00 109.5
2.00 110.0
2.00 110.5
2.00 111.0
2.00 111.5
2.00 112.0
2.00 112.5
2.00 113.0
2.00 113.5
2.00 114.0
2.00 114.5
2.00 115.0
2.00 115.5
2.00 116.0
2.00 116.5
2.00 117.0
2.00 117.5
2.00 118.0
2.00 118.5
2.00 119.0
2.00 119.5
2.00 120.0
