1
0 0
-
1
-
1
-
1
-
1
0 0
-
1
0 0
-
1
-
1
-
1
-
1
-
1
0 0
-
1
-
2
0 0
1 1
-
2
0 1
1 0
-
2
0 1
-
2
1 0
-
2
0 0
0 1
1 1
-
2
0 0
1 0
1 1
-
2
0 1
1 1
-
2
1 0
1 1
-
2
0 1
-
2
1 0
-
2
0 0
0 1
1 0
1 1
-
2
-
3
0 0
1 1
2 2
-
3
0 1
0 2
1 0
1 2
2 0
2 1
-
3
0 1
0 2
1 2
-
3
1 0
2 0
2 1
-
3
0 0
0 1
0 2
1 1
1 2
2 2
-
3
0 0
1 0
1 1
2 0
2 1
2 2
-
3
0 1
0 2
1 1
2 1
2 2
-
3
1 0
1 1
1 2
2 0
2 2
-
3
0 1
1 2
-
3
1 0
2 1
-
3
0 0
0 1
0 2
1 0
1 1
1 2
2 0
2 1
2 2
-
3
-
60
0 0
1 1
2 2
3 3
4 4
5 5
6 6
7 7
8 8
9 9
10 10
11 11
12 12
13 13
14 14
15 15
16 16
17 17
18 18
19 19
20 20
21 21
22 22
23 23
24 24
25 25
26 26
27 27
28 28
29 29
30 30
31 31
32 32
33 33
34 34
35 35
36 36
37 37
38 38
39 39
40 40
41 41
42 42
43 43
44 44
45 45
46 46
47 47
48 48
49 49
50 50
51 51
52 52
53 53
54 54
55 55
56 56
57 57
58 58
59 59
-
60
-
60
0 1
0 2
0 3
0 4
0 5
0 6
0 7
0 8
0 9
0 10
0 11
0 12
0 13
0 14
0 15
0 16
0 17
0 18
0 19
0 20
0 21
0 22
0 23
0 24
0 25
0 26
0 27
0 28
0 29
0 30
0 31
0 32
0 33
0 34
0 35
0 36
0 37
0 38
0 39
0 40
0 41
0 42
0 43
0 44
0 45
0 46
0 47
0 48
0 49
0 50
0 51
0 52
0 53
0 54
0 55
0 56
0 57
0 58
0 59
1 1
2 1
2 2
3 1
3 3
4 1
4 2
4 4
5 1
5 5
6 1
6 2
6 3
6 6
7 1
7 7
8 1
8 2
8 4
8 8
9 1
9 3
9 9
10 1
10 2
10 5
10 10
11 1
11 11
12 1
12 2
12 3
12 4
12 6
12 12
13 1
13 13
14 1
14 2
14 7
14 14
15 1
15 3
15 5
15 15
16 1
16 2
16 4
16 8
16 16
17 1
17 17
18 1
18 2
18 3
18 6
18 9
18 18
19 1
19 19
20 1
20 2
20 4
20 5
20 10
20 20
21 1
21 3
21 7
21 21
22 1
22 2
22 11
22 22
23 1
23 23
24 1
24 2
24 3
24 4
24 6
24 8
24 12
24 24
25 1
25 5
25 25
26 1
26 2
26 13
26 26
27 1
27 3
27 9
27 27
28 1
28 2
28 4
28 7
28 14
28 28
29 1
29 29
30 1
30 2
30 3
30 5
30 6
30 10
30 15
30 30
31 1
31 31
32 1
32 2
32 4
32 8
32 16
32 32
33 1
33 3
33 11
33 33
34 1
34 2
34 17
34 34
35 1
35 5
35 7
35 35
36 1
36 2
36 3
36 4
36 6
36 9
36 12
36 18
36 36
37 1
37 37
38 1
38 2
38 19
38 38
39 1
39 3
39 13
39 39
40 1
40 2
40 4
40 5
40 8
40 10
40 20
40 40
41 1
41 41
42 1
42 2
42 3
42 6
42 7
42 14
42 21
42 42
43 1
43 43
44 1
44 2
44 4
44 11
44 22
44 44
45 1
45 3
45 5
45 9
45 15
45 45
46 1
46 2
46 23
46 46
47 1
47 47
48 1
48 2
48 3
48 4
48 6
48 8
48 12
48 16
48 24
48 48
49 1
49 7
49 49
50 1
50 2
50 5
50 10
50 25
50 50
51 1
51 3
51 17
51 51
52 1
52 2
52 4
52 13
52 26
52 52
53 1
53 53
54 1
54 2
54 3
54 6
54 9
54 18
54 27
54 54
55 1
55 5
55 11
55 55
56 1
56 2
56 4
56 7
56 8
56 14
56 28
56 56
57 1
57 3
57 19
57 57
58 1
58 2
58 29
58 58
59 1
59 59
-
60
1 0
1 1
1 2
1 3
1 4
1 5
1 6
1 7
1 8
1 9
1 10
1 11
1 12
1 13
1 14
1 15
1 16
1 17
1 18
1 19
1 20
1 21
1 22
1 23
1 24
1 25
1 26
1 27
1 28
1 29
1 30
1 31
1 32
1 33
1 34
1 35
1 36
1 37
1 38
1 39
1 40
1 41
1 42
1 43
1 44
1 45
1 46
1 47
1 48
1 49
1 50
1 51
1 52
1 53
1 54
1 55
1 56
1 57
1 58
1 59
2 0
2 2
2 4
2 6
2 8
2 10
2 12
2 14
2 16
2 18
2 20
2 22
2 24
2 26
2 28
2 30
2 32
2 34
2 36
2 38
2 40
2 42
2 44
2 46
2 48
2 50
2 52
2 54
2 56
2 58
3 0
3 3
3 6
3 9
3 12
3 15
3 18
3 21
3 24
3 27
3 30
3 33
3 36
3 39
3 42
3 45
3 48
3 51
3 54
3 57
4 0
4 4
4 8
4 12
4 16
4 20
4 24
4 28
4 32
4 36
4 40
4 44
4 48
4 52
4 56
5 0
5 5
5 10
5 15
5 20
5 25
5 30
5 35
5 40
5 45
5 50
5 55
6 0
6 6
6 12
6 18
6 24
6 30
6 36
6 42
6 48
6 54
7 0
7 7
7 14
7 21
7 28
7 35
7 42
7 49
7 56
8 0
8 8
8 16
8 24
8 32
8 40
8 48
8 56
9 0
9 9
9 18
9 27
9 36
9 45
9 54
10 0
10 10
10 20
10 30
10 40
10 50
11 0
11 11
11 22
11 33
11 44
11 55
12 0
12 12
12 24
12 36
12 48
13 0
13 13
13 26
13 39
13 52
14 0
14 14
14 28
14 42
14 56
15 0
15 15
15 30
15 45
16 0
16 16
16 32
16 48
17 0
17 17
17 34
17 51
18 0
18 18
18 36
18 54
19 0
19 19
19 38
19 57
20 0
20 20
20 40
21 0
21 21
21 42
22 0
22 22
22 44
23 0
23 23
23 46
24 0
24 24
24 48
25 0
25 25
25 50
26 0
26 26
26 52
27 0
27 27
27 54
28 0
28 28
28 56
29 0
29 29
29 58
30 0
30 30
31 0
31 31
32 0
32 32
33 0
33 33
34 0
34 34
35 0
35 35
36 0
36 36
37 0
37 37
38 0
38 38
39 0
39 39
40 0
40 40
41 0
41 41
42 0
42 42
43 0
43 43
44 0
44 44
45 0
45 45
46 0
46 46
47 0
47 47
48 0
48 48
49 0
49 49
50 0
50 50
51 0
51 51
52 0
52 52
53 0
53 53
54 0
54 54
55 0
55 55
56 0
56 56
57 0
57 57
58 0
58 58
59 0
59 59
-
