1
24
720
24
720
2
6
24
120
720
1
2
6
24
120
720
5040
40320
362880
3628800
39916800
479001600
1
6
479001600
120
5040
24
40320
720
39916800
3628800
2
362880
1
1
2
6
24
120
720
5040
40320
362880
3628800
39916800
479001600
1
1
2
6
24
120
720
5040
40320
362880
3628800
39916800
479001600
1
1
2
6
24
120
720
5040
40320
362880
3628800
39916800
479001600
3628800
720
39916800
120
6
362880
40320
2
720
24
2
24
5040
3628800
5040
479001600
6
1
479001600
362880
40320
120
5040
39916800
1
3628800
39916800
362880
479001600
120
6
2
1
1
40320
1
24
720
1
