1 6
6 6
7 720
3 31337
1 6
6 6
7 720
3 31337
3 8581
4 157
8 4521
9 8082
3 8773
3 2827
5 291
2 1584
7 6719
2 3519
6 448
3 9313
4 4233
6 4884
9 7312
5 1412
4 1706
2 4951
4 1813
9 5976
1 8501
2 3442
3 9297
6 3273
9 1500
2 9745
5 6018
8 9151
1 6293
7 13
3 2282
6 7633
4 2676
3 7583
6 7223
5 8165
1 9811
9 245
6 8254
9 8393
7 1462
2 5992
3 6180
3 374
8 6952
4 3168
6 6482
6 5626
2 8178
1 882
9 5497
7 4498
9 8063
7 2297
6 6541
3 5902
8 697
6 8203
4 6305
1 6546
8 8485
7 8861
9 9854
1 9730
2 7533
6 4576
3 4566
8 6708
6 1705
3 1435
8 8416
3 882
2 3612
1 1432
4 6051
6 7863
5 6946
7 7360
5 8779
4 713
9 9642
1 7473
1 1287
3 2484
7 506
1 2620
1 7398
3 4774
5 5332
8 9209
2 3300
3 9823
7 8435
2 8320
6 8661
8 8056
9 325
9 3497
7 1901
7 3540
6 5128
3 6974
4 2265
7 3372
7 7453
4 9056
4 7353
9 1302
5 3886
3 1532
6 9080
6 3319
5 6897
4 8176
6 7464
6 467
1 6801
7 7559
9 8085
8 2469
9 1732
7 6059
3 2339
6 8367
4 9554
5 5237
1 966
2 9974
1 392
3 1250
2 1051
7 8426
8 8889
4 1378
4 3203
3 1806
5 7432
7 2786
5 859
2 4169
4 7128
3 9668
4 9725
8 5225
2 9174
7 8116
5 5493
3 517
5 8535
9 3235
9 8380
8 1309
6 9538
9 2142
5 3887
7 4629
5 8248
2 5976
1 2085
8 3423
1 6943
4 6219
4 4468
2 888
7 7716
5 317
5 7400
3 8634
6 3181
7 1607
3 1836
4 9786
3 9366
9 2567
1 9043
3 7349
3 1823
6 946
7 7280
7 3336
5 7154
8 9033
5 8710
8 1894
1 7230
6 5450
4 2093
9 4483
3 2566
9 4269
1 1374
1 9779
9 6672
3 6160
4 8508
3 8018
9 7168
1 8525
9 8505
7 7796
1 5963
2 2059
1 7870
1 646
3 4337
4 8668
3 3897
7 7938
5 8629
4 9646
8 988
5 5125
5 9850
1 6831
9 7700
3 1519
2 4026
1 4258
9 367
3 6183
6 7700
3 2320
1 176
5 6248
1 6869
1 7625
7 1937
8 4185
2 1952
1 4295
7 2563
1 4141
9 8338
3 8524
1 3671
8 9907
6 2188
2 3405
2 368
4 3408
8 2120
8 4891
4 3808
6 57
2 2157
1 5484
9 800
9 3643
8 4127
8 4441
4 7554
5 5967
9 1485
2 2739
8 2924
4 9715
3 5749
3 9774
1 8530
5 3980
3 7985
5 8713
2 3417
7 9092
2 524
7 7966
9 6816
3 9000
8 9475
3 8443
2 4968
4 8198
5 2830
4 9602
5 7460
2 4873
7 1781
6 7967
8 2470
9 4935
1 1608
5 7597
2 9859
5 5139
5 5882
5 4709
3 1268
9 5752
2 133
7 3442
5 9839
8 1526
6 749
6 7215
2 2822
7 2850
2 7786
5 6353
8 6978
4 3470
8 1337
9 132
9 9778
3 1639
5 7358
1 482
8 7427
2 5825
4 1923
9 148
8 6903
7 8341
4 6415
8 869
4 6380
2 6969
1 553
7 2714
9 5427
3 5943
9 8492
7 7226
4 1460
2 6395
7 8035
4 1464
3 2496
3 3243
9 4523
4 5295
2 9500
3 3671
7 6527
7 6877
8 8278
9 9562
1 5565
5 9545
3 1161
3 622
9 1628
1 6271
7 7740
7 9518
3 2224
8 2531
2 3212
3 9059
9 7694
2 1142
8 4869
2 9376
3 9664
7 3797
8 2334
3 4264
1 6553
3 4573
7 8723
5 4685
1 1275
1 3896
6 5701
9 7380
3 8781
3 9494
2 9802
9 3605
1 3810
6 9622
7 1456
4 5828
2 155
4 7703
5 8091
5 7838
9 2430
7 7192
1 7525
3 425
7 1797
9 2969
5 6304
1 7097
6 6483
8 750
9 1407
5 7191
7 6205
5 716
6 6549
7 9394
7 4046
7 224
6 7751
8 1380
3 2071
2 3235
2 7642
3 7955
5 1237
6 2797
8 8666
9 157
6 4291
1 1811
5 8958
5 6485
2 4130
8 1195
9 3997
7 2518
8 5094
7 350
3 4578
9 8416
2 3615
3 8724
7 2662
2 9557
6 4883
4 9356
4 7822
8 5381
4 2638
5 8587
4 3342
1 1624
3 488
3 2494
1 3026
1 8386
6 1372
8 5030
4 9117
6 9199
4 8922
1 3388
6 5217
4 7106
7 8737
6 3966
1 8247
4 8695
1 3162
5 8932
5 5795
1 4685
4 3638
7 4871
5 9255
4 642
8 1747
3 5238
1 473
5 1582
3 663
7 9284
1 719
5 1259
1 4484
2 5520
5 3701
5 4179
8 1006
8 5952
4 9337
1 119
5 9555
4 1629
7 4263
3 4777
8 1987
3 7906
5 4964
6 5693
5 2507
5 7069
5 6624
2 1847
9 7742
7 5026
3 3272
4 3712
4 6601
5 2171
8 5639
4 9250
7 3925
6 5172
9 6919
6 5330
4 252
3 6750
5 896
2 6282
8 2148
8 6055
5 5701
4 2983
3 4146
8 875
4 7003
1 2588
3 7638
4 9772
4 496
9 1079
9 9369
5 7489
4 4474
6 4589
4 2368
2 5501
4 3829
9 7817
8 5284
7 9615
4 5464
7 3083
5 1384
2 5293
4 1430
4 6125
3 6587
9 3820
9 2578
1 6697
7 8510
7 8118
3 8137
4 9272
5 2242
6 6012
8 6412
7 370
4 6239
9 4845
7 1452
8 4640
2 1093
5 974
2 7607
5 61
2 2970
7 405
4 5511
2 1253
2 5204
7 2346
4 3225
3 6766
1 1173
5 4087
5 5392
4 9085
5 5570
2 3690
4 8436
6 3545
4 7950
7 5719
6 182
9 4123
1 6917
1 9349
9 6414
2 3423
1 2228
5 9045
7 5930
4 5145
2 3998
1 8818
3 4952
1 5555
5 4315
5 1386
1 3525
5 1559
4 1789
6 9761
7 1575
4 4054
9 498
9 3442
6 5824
7 8561
5 3651
2 7740
2 8556
1 180
9 6990
1 1553
2 8899
6 81
6 2050
7 9795
8 3601
9 5975
7 7209
5 1096
3 493
9 2193
6 2181
9 4635
9 4617
9 9116
5 9387
1 8263
6 7562
3 359
1 4280
3 7475
3 1411
4 7173
6 7989
1 9105
4 6787
8 7768
9 1091
3 5992
2 1410
2 204
3 9683
7 8160
5 5296
8 7412
8 490
4 200
1 818
9 5335
8 8655
4 4853
3 8000
3 9263
8 6514
9 2902
4 6620
1 152
2 2280
4 8183
2 4261
3 9082
7 5009
2 5093
6 208
6 5874
3 7216
6 1369
9 5709
9 328
9 4038
2 9939
1 7536
1 5735
5 206
8 748
5 1835
8 1521
9 6271
8 3963
8 5782
6 248
3 2729
8 9806
7 8031
2 7784
2 2286
5 3378
8 2058
7 9849
3 6192
6 4511
8 645
8 8504
4 2389
9 361
5 2857
7 6720
1 3395
5 5839
7 164
9 2993
3 4198
9 4294
5 9099
1 8280
8 5199
5 2532
7 3996
5 8288
5 2695
6 6555
3 770
4 9931
9 7782
7 434
7 8172
1 8282
5 928
7 896
6 5889
5 468
5 9577
8 6709
5 3210
2 5254
6 387
4 2746
6 4075
7 8743
7 2847
9 6663
9 9715
7 5139
7 4989
5 2032
3 3928
9 9804
6 3774
5 7316
8 5777
4 9120
9 1051
6 9706
3 3558
8 7470
7 3245
7 2747
4 3060
5 3157
8 8650
4 1225
2 2528
3 3849
8 2578
3 9003
4 7087
8 7524
7 3306
9 6823
8 9347
9 5382
3 7054
5 7186
2 680
4 436
9 8553
4 650
7 352
7 9945
7 301
7 3286
1 2067
7 123
9 5764
7 2230
7 7223
5 9534
5 311
1 3758
3 7587
3 9831
6 6469
8 4091
6 1714
8 5161
7 1298
2 3637
7 3014
9 1497
7 4387
5 2513
7 2300
2 5741
6 9019
6 4648
8 7268
9 4815
9 3966
8 8091
7 4641
6 1511
2 789
2 1876
8 2341
1 5155
3 28
9 4868
5 4928
8 5517
2 5030
6 3786
9 5832
6 7481
4 1509
5 4478
1 4343
7 4004
9 9587
5 6531
3 9353
4 7956
5 5678
4 7817
8 2530
9 1052
5 9071
4 4836
5 7926
4 7622
1 5519
3 3400
1 337
3 7738
3 3689
5 3774
7 4462
7 1003
4 290
3 1624
8 2154
4 5610
6 6426
8 8780
5 6881
9 7306
6 4947
2 9702
7 9080
5 1878
5 8808
9 9233
7 2969
8 4782
9 6010
2 4074
6 4004
3 8414
5 7923
5 3309
9 5141
7 8835
3 5265
8 4257
3 3047
6 7140
1 8583
5 462
6 742
3 3403
3 4370
9 1744
5 3712
6 957
3 8583
3 6808
5 9636
3 2744
2 1525
5 2565
8 342
6 1381
6 2413
1 9397
5 1825
5 7585
5 1857
1 5910
7 3595
7 5644
2 2789
8 2385
3 2346
2 4782
3 9903
7 1292
9 3774
7 9109
5 7965
9 943
9 7124
7 5029
4 7676
1 5052
2 482
7 6135
5 5120
1 9577
4 8498
4 6158
2 2289
1 9664
5 795
6 491
8 6605
4 8843
2 5450
6 5109
6 4347
5 5585
1 3595
5 7107
4 7855
9 7768
9 5441
5 7765
5 1321
8 4742
4 8563
7 9598
1 5933
3 6004
5 122
7 8525
5 5448
1 7384
1 6777
6 3363
8 5590
5 6233
7 6554
1 4464
6 3543
4 2163
3 4072
2 8882
5 763
4 8861
3 6403
8 5872
9 2710
1 1801
1 1187
4 2817
5 2604
3 883
2 4201
4 3422
4 1754
2 5007
3 7388
6 6710
2 848
6 216
9 2443
8 9046
9 8178
1 3735
8 6760
1 2537
6 6164
1 991
9 4519
3 5075
9 6106
2 3861
5 5084
2 6475
3 5515
7 8101
6 6253
7 3198
9 9238
9 5542
8 6597
7 4032
3 1738
3 3840
8 8089
9 2453
2 8608
1 9449
8 4868
8 6362
8 356
9 3000
4 1490
5 5841
7 8632
4 6935
2 7363
2 6451
8 7739
5 2822
9 8754
2 8196
5 4735
7 7005
9 1652
1 7151
7 3849
7 7746
9 6690
6 6036
3 4931
9 5979
8 8672
2 9017
1 6199
5 3605
4 6132
3 6251
6 1330
9 4345
5 4698
5 9208
6 2433
1 3016
5 704
9 3821
8 7549
1 4621
8 3732
3 9196
1 3136
8 2544
2 2094
2 9357
2 9299
5 5645
4 5566
4 8180
5 1526
8 6392
2 7136
3 1328
8 3409
8 4259
6 1734
9 2226
9 8523
6 1137
5 4723
1 6589
3 1442
6 1119
9 1592
2 4440
1 1349
2 6736
8 9885
4 7716
2 3854
7 7418
6 9702
2 5664
1 6384
7 4903
4 4337
5 6110
2 6436
4 3208
5 8688
4 691
1 5263
7 9247
8 6017
1 4687
4 5738
8 6323
3 1666
4 8620
2 3020
4 429
9 3003
6 1551
5 4658
9 2955
2 6760
1 3320
9 7712
9 1581
5 4605
2 7091
9 8001
9 3509
3 944
9 6044
3 14394
5 3691
1 34039
8 97179
1 25025
9 32930
4 16877
7 42031
2 331
4 12523
8 62676
2 62598
8 23532
3 62556
2 46628
1 9530
7 86641
2 11262
1 35627
6 91688
3 27752
6 91875
0 38139
0 95559
9 10946
1 55516
3 20901
2 64945
9 27816
6 50747
0 96558
7 68212
3 68971
2 28659
3 12412
4 41378
6 45672
2 62760
4 65269
8 78861
1 89129
7 2037
9 97497
4 38442
4 27763
6 69439
9 28687
3 36519
1 52868
0 14734
0 5015
4 18222
8 85254
2 39906
5 60933
2 76531
3 54159
7 69329
0 16054
0 94036
2 88775
9 55656
8 39007
9 39552
7 82277
9 62155
4 90791
7 93546
0 46983
5 48477
2 34181
2 89988
6 37223
3 26488
6 67649
2 386
3 14846
8 21260
3 64413
1 42744
3 56608
2 25178
6 79689
1 30031
0 93264
7 2083
5 31977
2 30963
9 53465
6 5689
8 76700
9 91021
5 75393
5 90911
4 72205
7 82251
1 52964
6 6750
3 45899
7 90196
2 37830
5 63883
4 15063
3 92753
3 59343
5 78421
9 63311
0 41426
8 28145
5 11333
6 61171
8 91943
8 35064
0 65572
2 52134
4 16819
9 66439
9 51450
1 23819
5 68091
6 70973
2 69755
7 6117
0 69045
0 39560
5 64671
5 34734
7 38432
9 54893
6 39514
5 85881
1 75817
9 70947
1 72516
6 81981
1 15075
6 33443
9 66211
9 97730
9 35415
7 56417
3 33849
9 75022
3 88868
6 28029
7 22222
7 45380
1 13887
3 69563
7 3322
2 84469
0 90707
7 47962
1 72218
8 93051
3 9146
5 3643
2 18128
8 93499
0 35615
4 99779
4 67913
3 40069
7 88143
2 78710
2 78501
8 57893
5 6008
2 19583
6 80937
0 26254
7 10182
1 12917
8 84612
1 4932
1 47648
4 2776
6 84665
0 94137
0 31012
1 22017
1 51594
5 7393
3 60256
6 12785
8 44839
8 10366
7 38019
7 29763
9 68870
4 94695
3 9365
6 6731
4 55768
2 30871
3 32656
5 61730
1 41214
8 97624
1 53337
0 72786
2 35344
6 10366
2 79014
7 71067
4 23828
5 22510
4 29693
9 66462
5 27479
8 96257
3 33966
5 16530
3 43451
1 74471
0 31347
3 31213
8 80146
4 58462
3 39585
7 43300
9 72022
1 82210
6 949
0 46747
9 7233
8 75539
8 74371
3 76638
9 3221
0 70731
3 92965
5 3360
0 8845
1 91260
2 26708
9 97501
8 63800
9 29282
8 75599
8 61755
5 16922
3 51459
6 335
2 20627
6 81086
9 11744
8 79439
1 45274
1 1423
2 25245
9 58390
4 67454
1 29309
5 5131
1 7155
5 18027
5 39452
4 96907
6 72444
7 48564
8 25657
4 66612
3 32745
1 44061
7 94636
9 45482
4 47415
4 56680
1 71740
5 26504
9 62673
9 28673
8 11248
3 72858
7 32466
4 62723
8 13169
4 33620
8 80881
9 25210
2 92511
6 63976
6 75433
3 97087
4 96710
9 59232
8 321
5 84395
9 92244
2 2208
9 78043
9 13027
0 46868
8 75391
6 95735
8 57922
4 20902
6 42076
3 45591
1 42031
6 85873
2 74852
7 7192
0 66583
1 57439
4 85249
2 43539
5 4726
4 15145
4 61758
6 18664
7 24844
2 5742
3 35316
9 64009
4 71387
8 31745
1 83536
5 71010
9 5638
9 91328
8 44045
9 11476
8 23623
4 6012
9 26928
4 79567
1 90234
8 381
0 19446
8 88533
8 20652
8 43459
5 46696
0 44066
9 75056
4 57857
5 7689
8 11736
5 12045
5 4271
6 50688
4 81159
3 13165
5 12074
2 30580
9 99842
2 97276
5 14453
3 45469
5 36678
6 188
9 70559
5 70903
5 67263
4 96289
5 64370
4 18216
9 58675
6 72891
1 64238
6 14419
6 70515
1 35995
0 38586
8 63721
0 7777
9 28237
0 34692
0 72501
1 29240
6 21171
4 83073
2 44219
6 13650
4 54261
7 29590
9 47197
4 63836
3 34405
7 62868
0 19970
9 1297
6 84238
0 97816
1 18417
5 89419
1 82970
1 70617
7 36842
7 26548
5 51845
9 41920
1 34278
0 76092
2 12226
2 12589
0 8339
5 13301
1 5164
1 65615
8 55735
9 63708
1 74002
0 78712
6 33995
8 74831
5 65457
4 39549
0 26689
8 6257
9 61524
3 73478
8 10631
3 81112
8 494
0 34921
3 40437
1 37843
9 34551
9 41685
3 24359
6 86027
3 52222
1 51103
2 99958
2 74526
3 95167
7 90517
0 53087
3 27414
6 54554
9 83948
8 54008
2 50708
6 28963
1 60980
7 31904
6 41418
0 24093
9 82744
8 42160
7 19747
6 70741
3 19988
2 87461
1 56486
5 96376
0 51429
8 20074
6 79367
1 27018
8 28505
9 3612
0 8708
4 32846
0 83699
9 23003
9 63337
2 98950
7 44345
1 41706
0 89685
7 66775
2 11124
3 35195
8 61843
2 27515
2 86175
4 63896
2 81420
3 59829
3 38152
9 59903
9 90649
6 76535
6 44567
8 72348
9 8640
1 84618
3 2592
0 51610
1 56953
0 63346
3 78870
7 24489
8 43050
5 65470
3 57833
2 71407
5 81208
4 90302
9 72940
6 20979
2 42708
6 31386
6 85546
3 69373
2 19327
4 77314
7 28498
2 13991
3 99801
8 98060
4 92417
4 32301
9 82358
1 8796
1 40683
9 41132
6 41898
4 18919
9 67436
6 5839
5 35628
6 75895
9 42447
7 21917
1 79147
1 37735
4 66550
1 62036
9 7365
3 17334
6 85769
3 81332
4 86985
7 50227
2 43978
8 86571
0 75821
0 28205
1 93102
8 32788
7 46892
0 52300
7 67068
0 4999
0 21495
6 22521
5 12221
8 85884
4 82791
4 72197
1 53185
3 79711
6 13832
4 36756
4 12853
7 18828
5 2575
8 86662
5 45734
8 19845
8 61871
6 73714
4 44818
9 39732
1 93599
5 85159
2 14691
7 91430
9 72028
7 86342
4 12424
6 95723
1 48688
0 12710
8 73852
5 1830
1 76823
8 7712
6 68866
4 41900
0 1020
7 58365
5 93325
1 82456
7 99908
0 50851
9 61267
2 40197
4 7618
5 36638
4 60312
3 27309
3 37433
6 75098
4 61998
3 19855
7 90913
7 10330
5 1343
2 33965
0 9123
3 64065
4 84557
5 80523
1 46057
9 61745
7 32946
1 88918
1 31403
3 27855
0 69170
4 96052
5 80790
5 35139
4 84683
4 34965
5 65194
7 91256
3 85939
9 39391
0 11227
9 16888
6 44332
8 53673
7 51037
0 48734
8 55872
8 16325
7 71780
0 79943
7 38857
9 8882
7 21066
1 24641
1 47906
7 52704
1 10748
4 79023
0 67422
7 73290
0 99875
5 99611
5 40504
2 13505
3 88525
4 11193
4 72344
6 86981
5 84847
2 76220
1 49928
9 2139
3 45285
4 99639
1 41307
3 28612
2 35579
4 85620
6 91148
9 67433
9 22065
8 93730
5 2707
0 54798
1 83815
8 91104
8 35518
7 85469
0 72068
3 99316
7 20467
1 23955
5 2755
4 88135
7 84243
6 96202
1 13084
0 32064
7 51063
4 61312
7 50725
2 41185
5 63775
9 88170
3 44807
3 15525
6 53366
8 95903
6 15112
5 28047
2 50364
0 95091
7 59579
3 43733
6 20167
1 73635
6 93516
2 29638
2 60545
6 38804
7 61711
9 62760
3 16899
5 53853
7 20167
4 58056
8 90428
6 8797
6 57059
3 72836
7 33774
4 63467
4 42086
2 56792
9 64133
8 97810
7 51460
7 18354
2 96392
3 46841
8 35938
1 35480
9 50640
5 98598
6 93635
7 55522
9 91483
6 11895
1 75386
8 10380
8 84273
3 94644
0 59979
1 26275
9 53897
5 85188
2 77120
4 47479
3 82547
9 97788
7 85966
6 57667
8 9613
9 52390
1 92675
4 81430
8 37622
0 54505
8 76312
3 65404
4 29467
9 96990
5 99653
9 33317
1 84607
4 6305
6 23826
0 91575
5 25237
3 68684
6 22268
6 56328
2 65276
8 55677
4 71953
8 82032
6 25846
7 16503
5 48520
7 10180
1 82602
7 19846
8 81904
2 15501
0 35986
2 12026
7 98820
6 52356
5 80756
6 6093
3 90515
4 63631
6 96004
5 48543
4 67639
7 72093
4 8603
7 7782
1 72620
9 47389
5 66869
5 29526
6 36249
1 95324
6 13210
1 56149
5 35430
7 46876
3 27683
4 46555
4 90865
2 20324
8 45777
5 66220
7 56160
8 90479
9 37833
1 66579
4 64611
0 71289
3 77003
2 14843
5 54524
3 22389
8 75912
5 19580
5 29364
1 21183
3 53643
6 54071
3 38971
9 32900
2 45836
8 47338
4 43281
2 29838
8 39264
2 676
1 34785
9 90736
4 10208
1 53462
2 20539
2 79771
4 59404
9 65199
5 70493
6 68647
3 49662
8 35491
8 28750
8 64732
9 31042
8 56825
6 5766
2 17810
1 17919
8 57116
0 69781
5 12324
0 21789
8 69834
0 5487
3 25497
1 21976
2 30241
3 10501
8 44515
7 85462
1 14241
4 57325
1 2292
0 86711
3 50684
8 28112
3 36350
0 10836
5 12295
5 6043
2 99662
1 15478
6 94260
1 18246
6 86476
3 62049
7 35284
7 59237
1 16088
7 25353
8 19557
0 52405
0 84058
5 8205
4 6997
4 85149
1 79810
1 31860
1 65297
7 82522
7 86358
4 62023
3 55814
1 72394
2 63143
5 3495
3 20772
3 10075
3 88881
6 33118
1 50104
6 16124
2 85175
5 60559
2 75056
3 80612
5 41973
8 25141
2 51673
9 95737
0 17958
2 68000
5 15440
6 48356
4 15088
3 70454
7 42174
1 10609
8 75411
5 54104
8 51886
6 52507
7 73991
2 72353
9 76761
5 30466
8 86749
3 65513
6 23879
7 34547
0 21502
8 87007
5 81749
2 66857
2 41266
1 84806
2 54130
1 9756
0 82934
3 22661
6 28611
0 15918
6 43208
5 86392
3 94350
0 95058
8 70792
9 55272
3 66309
2 3762
8 23537
7 25360
8 54443
5 50647
4 54871
0 53690
7 69392
7 1733
5 14513
7 50356
7 38566
2 85800
9 6946
5 55749
0 22620
7 71074
9 61764
2 49379
8 73669
4 81177
1 4222
4 74846
6 4738
9 746
9 78391
3 88477
1 88347
7 82824
6 18452
6 27193
5 89206
5 18713
3 38574
1 27982
9 4724
9 55987
1 35648
7 28344
3 28425
7 41830
4 49262
1 70688
6 35022
0 57405
2 95279
8 83911
6 1301
1 74735
6 53923
3 59389
7 90094
6 38836
1 121
9 43758
9 57982
2 27901
4 61467
6 94117
9 22936
7 66186
7 9100
8 97215
3 12883
5 36262
9 73073
6 53896
2 57695
2 91716
2 31957
1 458
0 55307
9 17713
5 66718
6 83479
5 43675
0 25475
9 410
6 69825
1 32821
7 79126
1 35975
3 21723
4 15220
0 10246
0 53946
6 82030
8 95677
3 99022
4 4865
8 94272
8 92892
4 75939
9 78245
2 220
0 4998
8 72477
7 53766
9 9060
3 51639
2 4995
1 81640
4 14300
0 6006
1 55615
0 3371
5 11930
2 33163
0 59157
4 68345
7 5724
8 34838
0 28554
5 6489
7 5837
7 30590
6 73225
9 51873
4 67477
3 24453
6 47933
1 49326
5 30524
0 12045
5 99894
3 59525
7 65695
1 90577
6 51468
1 86812
3 35978
6 49379
3 35183
3 4360
5 52529
0 97212
3 43853
0 99999
1 99999
2 99999
3 99999
4 99999
5 99999
6 99999
7 99999
8 99999
9 99999
0 12345
1 12345
2 12345
3 12345
4 12345
5 12345
6 12345
7 12345
8 12345
9 12345
0 012345
1 012345
2 012345
3 012345
4 012345
5 012345
6 012345
7 012345
8 012345
9 012345
0 0012345
1 0012345
2 0012345
3 0012345
4 0012345
5 0012345
6 0012345
7 0012345
8 0012345
9 0012345
0 001234500
1 001234500
2 001234500
3 001234500
4 001234500
5 001234500
6 001234500
7 001234500
8 001234500
9 001234500
0 999999999
1 999999999
2 999999999
3 999999999
4 999999999
5 999999999
6 999999999
7 999999999
8 999999999
9 999999999
0 987654321
1 987654321
2 987654321
3 987654321
4 987654321
5 987654321
6 987654321
7 987654321
8 987654321
9 987654321
0 123456789
1 123456789
2 123456789
3 123456789
4 123456789
5 123456789
6 123456789
7 123456789
8 123456789
9 123456789
0 100000001
1 100000001
2 100000001
3 100000001
4 100000001
5 100000001
6 100000001
7 100000001
8 100000001
9 100000001
