1 1 1
3 4 5
2 2 2
1 1 1
3 4 5
2 2 2
1 1 1
1 1 2
1 1 3
1 1 4
1 1 5
1 1 6
1 1 7
1 1 8
1 1 9
1 1 10
1 2 1
1 2 2
1 2 3
1 2 4
1 2 5
1 2 6
1 2 7
1 2 8
1 2 9
1 2 10
1 3 1
1 3 2
1 3 3
1 3 4
1 3 5
1 3 6
1 3 7
1 3 8
1 3 9
1 3 10
1 4 1
1 4 2
1 4 3
1 4 4
1 4 5
1 4 6
1 4 7
1 4 8
1 4 9
1 4 10
1 5 1
1 5 2
1 5 3
1 5 4
1 5 5
1 5 6
1 5 7
1 5 8
1 5 9
1 5 10
1 6 1
1 6 2
1 6 3
1 6 4
1 6 5
1 6 6
1 6 7
1 6 8
1 6 9
1 6 10
1 7 1
1 7 2
1 7 3
1 7 4
1 7 5
1 7 6
1 7 7
1 7 8
1 7 9
1 7 10
1 8 1
1 8 2
1 8 3
1 8 4
1 8 5
1 8 6
1 8 7
1 8 8
1 8 9
1 8 10
1 9 1
1 9 2
1 9 3
1 9 4
1 9 5
1 9 6
1 9 7
1 9 8
1 9 9
1 9 10
1 10 1
1 10 2
1 10 3
1 10 4
1 10 5
1 10 6
1 10 7
1 10 8
1 10 9
1 10 10
2 1 1
2 1 2
2 1 3
2 1 4
2 1 5
2 1 6
2 1 7
2 1 8
2 1 9
2 1 10
2 2 1
2 2 2
2 2 3
2 2 4
2 2 5
2 2 6
2 2 7
2 2 8
2 2 9
2 2 10
2 3 1
2 3 2
2 3 3
2 3 4
2 3 5
2 3 6
2 3 7
2 3 8
2 3 9
2 3 10
2 4 1
2 4 2
2 4 3
2 4 4
2 4 5
2 4 6
2 4 7
2 4 8
2 4 9
2 4 10
2 5 1
2 5 2
2 5 3
2 5 4
2 5 5
2 5 6
2 5 7
2 5 8
2 5 9
2 5 10
2 6 1
2 6 2
2 6 3
2 6 4
2 6 5
2 6 6
2 6 7
2 6 8
2 6 9
2 6 10
2 7 1
2 7 2
2 7 3
2 7 4
2 7 5
2 7 6
2 7 7
2 7 8
2 7 9
2 7 10
2 8 1
2 8 2
2 8 3
2 8 4
2 8 5
2 8 6
2 8 7
2 8 8
2 8 9
2 8 10
2 9 1
2 9 2
2 9 3
2 9 4
2 9 5
2 9 6
2 9 7
2 9 8
2 9 9
2 9 10
2 10 1
2 10 2
2 10 3
2 10 4
2 10 5
2 10 6
2 10 7
2 10 8
2 10 9
2 10 10
3 1 1
3 1 2
3 1 3
3 1 4
3 1 5
3 1 6
3 1 7
3 1 8
3 1 9
3 1 10
3 2 1
3 2 2
3 2 3
3 2 4
3 2 5
3 2 6
3 2 7
3 2 8
3 2 9
3 2 10
3 3 1
3 3 2
3 3 3
3 3 4
3 3 5
3 3 6
3 3 7
3 3 8
3 3 9
3 3 10
3 4 1
3 4 2
3 4 3
3 4 4
3 4 5
3 4 6
3 4 7
3 4 8
3 4 9
3 4 10
3 5 1
3 5 2
3 5 3
3 5 4
3 5 5
3 5 6
3 5 7
3 5 8
3 5 9
3 5 10
3 6 1
3 6 2
3 6 3
3 6 4
3 6 5
3 6 6
3 6 7
3 6 8
3 6 9
3 6 10
3 7 1
3 7 2
3 7 3
3 7 4
3 7 5
3 7 6
3 7 7
3 7 8
3 7 9
3 7 10
3 8 1
3 8 2
3 8 3
3 8 4
3 8 5
3 8 6
3 8 7
3 8 8
3 8 9
3 8 10
3 9 1
3 9 2
3 9 3
3 9 4
3 9 5
3 9 6
3 9 7
3 9 8
3 9 9
3 9 10
3 10 1
3 10 2
3 10 3
3 10 4
3 10 5
3 10 6
3 10 7
3 10 8
3 10 9
3 10 10
4 1 1
4 1 2
4 1 3
4 1 4
4 1 5
4 1 6
4 1 7
4 1 8
4 1 9
4 1 10
4 2 1
4 2 2
4 2 3
4 2 4
4 2 5
4 2 6
4 2 7
4 2 8
4 2 9
4 2 10
4 3 1
4 3 2
4 3 3
4 3 4
4 3 5
4 3 6
4 3 7
4 3 8
4 3 9
4 3 10
4 4 1
4 4 2
4 4 3
4 4 4
4 4 5
4 4 6
4 4 7
4 4 8
4 4 9
4 4 10
4 5 1
4 5 2
4 5 3
4 5 4
4 5 5
4 5 6
4 5 7
4 5 8
4 5 9
4 5 10
4 6 1
4 6 2
4 6 3
4 6 4
4 6 5
4 6 6
4 6 7
4 6 8
4 6 9
4 6 10
4 7 1
4 7 2
4 7 3
4 7 4
4 7 5
4 7 6
4 7 7
4 7 8
4 7 9
4 7 10
4 8 1
4 8 2
4 8 3
4 8 4
4 8 5
4 8 6
4 8 7
4 8 8
4 8 9
4 8 10
4 9 1
4 9 2
4 9 3
4 9 4
4 9 5
4 9 6
4 9 7
4 9 8
4 9 9
4 9 10
4 10 1
4 10 2
4 10 3
4 10 4
4 10 5
4 10 6
4 10 7
4 10 8
4 10 9
4 10 10
5 1 1
5 1 2
5 1 3
5 1 4
5 1 5
5 1 6
5 1 7
5 1 8
5 1 9
5 1 10
5 2 1
5 2 2
5 2 3
5 2 4
5 2 5
5 2 6
5 2 7
5 2 8
5 2 9
5 2 10
5 3 1
5 3 2
5 3 3
5 3 4
5 3 5
5 3 6
5 3 7
5 3 8
5 3 9
5 3 10
5 4 1
5 4 2
5 4 3
5 4 4
5 4 5
5 4 6
5 4 7
5 4 8
5 4 9
5 4 10
5 5 1
5 5 2
5 5 3
5 5 4
5 5 5
5 5 6
5 5 7
5 5 8
5 5 9
5 5 10
5 6 1
5 6 2
5 6 3
5 6 4
5 6 5
5 6 6
5 6 7
5 6 8
5 6 9
5 6 10
5 7 1
5 7 2
5 7 3
5 7 4
5 7 5
5 7 6
5 7 7
5 7 8
5 7 9
5 7 10
5 8 1
5 8 2
5 8 3
5 8 4
5 8 5
5 8 6
5 8 7
5 8 8
5 8 9
5 8 10
5 9 1
5 9 2
5 9 3
5 9 4
5 9 5
5 9 6
5 9 7
5 9 8
5 9 9
5 9 10
5 10 1
5 10 2
5 10 3
5 10 4
5 10 5
5 10 6
5 10 7
5 10 8
5 10 9
5 10 10
6 1 1
6 1 2
6 1 3
6 1 4
6 1 5
6 1 6
6 1 7
6 1 8
6 1 9
6 1 10
6 2 1
6 2 2
6 2 3
6 2 4
6 2 5
6 2 6
6 2 7
6 2 8
6 2 9
6 2 10
6 3 1
6 3 2
6 3 3
6 3 4
6 3 5
6 3 6
6 3 7
6 3 8
6 3 9
6 3 10
6 4 1
6 4 2
6 4 3
6 4 4
6 4 5
6 4 6
6 4 7
6 4 8
6 4 9
6 4 10
6 5 1
6 5 2
6 5 3
6 5 4
6 5 5
6 5 6
6 5 7
6 5 8
6 5 9
6 5 10
6 6 1
6 6 2
6 6 3
6 6 4
6 6 5
6 6 6
6 6 7
6 6 8
6 6 9
6 6 10
6 7 1
6 7 2
6 7 3
6 7 4
6 7 5
6 7 6
6 7 7
6 7 8
6 7 9
6 7 10
6 8 1
6 8 2
6 8 3
6 8 4
6 8 5
6 8 6
6 8 7
6 8 8
6 8 9
6 8 10
6 9 1
6 9 2
6 9 3
6 9 4
6 9 5
6 9 6
6 9 7
6 9 8
6 9 9
6 9 10
6 10 1
6 10 2
6 10 3
6 10 4
6 10 5
6 10 6
6 10 7
6 10 8
6 10 9
6 10 10
7 1 1
7 1 2
7 1 3
7 1 4
7 1 5
7 1 6
7 1 7
7 1 8
7 1 9
7 1 10
7 2 1
7 2 2
7 2 3
7 2 4
7 2 5
7 2 6
7 2 7
7 2 8
7 2 9
7 2 10
7 3 1
7 3 2
7 3 3
7 3 4
7 3 5
7 3 6
7 3 7
7 3 8
7 3 9
7 3 10
7 4 1
7 4 2
7 4 3
7 4 4
7 4 5
7 4 6
7 4 7
7 4 8
7 4 9
7 4 10
7 5 1
7 5 2
7 5 3
7 5 4
7 5 5
7 5 6
7 5 7
7 5 8
7 5 9
7 5 10
7 6 1
7 6 2
7 6 3
7 6 4
7 6 5
7 6 6
7 6 7
7 6 8
7 6 9
7 6 10
7 7 1
7 7 2
7 7 3
7 7 4
7 7 5
7 7 6
7 7 7
7 7 8
7 7 9
7 7 10
7 8 1
7 8 2
7 8 3
7 8 4
7 8 5
7 8 6
7 8 7
7 8 8
7 8 9
7 8 10
7 9 1
7 9 2
7 9 3
7 9 4
7 9 5
7 9 6
7 9 7
7 9 8
7 9 9
7 9 10
7 10 1
7 10 2
7 10 3
7 10 4
7 10 5
7 10 6
7 10 7
7 10 8
7 10 9
7 10 10
8 1 1
8 1 2
8 1 3
8 1 4
8 1 5
8 1 6
8 1 7
8 1 8
8 1 9
8 1 10
8 2 1
8 2 2
8 2 3
8 2 4
8 2 5
8 2 6
8 2 7
8 2 8
8 2 9
8 2 10
8 3 1
8 3 2
8 3 3
8 3 4
8 3 5
8 3 6
8 3 7
8 3 8
8 3 9
8 3 10
8 4 1
8 4 2
8 4 3
8 4 4
8 4 5
8 4 6
8 4 7
8 4 8
8 4 9
8 4 10
8 5 1
8 5 2
8 5 3
8 5 4
8 5 5
8 5 6
8 5 7
8 5 8
8 5 9
8 5 10
8 6 1
8 6 2
8 6 3
8 6 4
8 6 5
8 6 6
8 6 7
8 6 8
8 6 9
8 6 10
8 7 1
8 7 2
8 7 3
8 7 4
8 7 5
8 7 6
8 7 7
8 7 8
8 7 9
8 7 10
8 8 1
8 8 2
8 8 3
8 8 4
8 8 5
8 8 6
8 8 7
8 8 8
8 8 9
8 8 10
8 9 1
8 9 2
8 9 3
8 9 4
8 9 5
8 9 6
8 9 7
8 9 8
8 9 9
8 9 10
8 10 1
8 10 2
8 10 3
8 10 4
8 10 5
8 10 6
8 10 7
8 10 8
8 10 9
8 10 10
9 1 1
9 1 2
9 1 3
9 1 4
9 1 5
9 1 6
9 1 7
9 1 8
9 1 9
9 1 10
9 2 1
9 2 2
9 2 3
9 2 4
9 2 5
9 2 6
9 2 7
9 2 8
9 2 9
9 2 10
9 3 1
9 3 2
9 3 3
9 3 4
9 3 5
9 3 6
9 3 7
9 3 8
9 3 9
9 3 10
9 4 1
9 4 2
9 4 3
9 4 4
9 4 5
9 4 6
9 4 7
9 4 8
9 4 9
9 4 10
9 5 1
9 5 2
9 5 3
9 5 4
9 5 5
9 5 6
9 5 7
9 5 8
9 5 9
9 5 10
9 6 1
9 6 2
9 6 3
9 6 4
9 6 5
9 6 6
9 6 7
9 6 8
9 6 9
9 6 10
9 7 1
9 7 2
9 7 3
9 7 4
9 7 5
9 7 6
9 7 7
9 7 8
9 7 9
9 7 10
9 8 1
9 8 2
9 8 3
9 8 4
9 8 5
9 8 6
9 8 7
9 8 8
9 8 9
9 8 10
9 9 1
9 9 2
9 9 3
9 9 4
9 9 5
9 9 6
9 9 7
9 9 8
9 9 9
9 9 10
9 10 1
9 10 2
9 10 3
9 10 4
9 10 5
9 10 6
9 10 7
9 10 8
9 10 9
9 10 10
10 1 1
10 1 2
10 1 3
10 1 4
10 1 5
10 1 6
10 1 7
10 1 8
10 1 9
10 1 10
10 2 1
10 2 2
10 2 3
10 2 4
10 2 5
10 2 6
10 2 7
10 2 8
10 2 9
10 2 10
10 3 1
10 3 2
10 3 3
10 3 4
10 3 5
10 3 6
10 3 7
10 3 8
10 3 9
10 3 10
10 4 1
10 4 2
10 4 3
10 4 4
10 4 5
10 4 6
10 4 7
10 4 8
10 4 9
10 4 10
10 5 1
10 5 2
10 5 3
10 5 4
10 5 5
10 5 6
10 5 7
10 5 8
10 5 9
10 5 10
10 6 1
10 6 2
10 6 3
10 6 4
10 6 5
10 6 6
10 6 7
10 6 8
10 6 9
10 6 10
10 7 1
10 7 2
10 7 3
10 7 4
10 7 5
10 7 6
10 7 7
10 7 8
10 7 9
10 7 10
10 8 1
10 8 2
10 8 3
10 8 4
10 8 5
10 8 6
10 8 7
10 8 8
10 8 9
10 8 10
10 9 1
10 9 2
10 9 3
10 9 4
10 9 5
10 9 6
10 9 7
10 9 8
10 9 9
10 9 10
10 10 1
10 10 2
10 10 3
10 10 4
10 10 5
10 10 6
10 10 7
10 10 8
10 10 9
10 10 10
625 738 956
261 137 414
92 17 818
493 224 903
503 946 596
425 758 320
664 884 398
797 42 586
364 926 937
549 385 181
392 59 21
201 863 685
559 42 447
875 308 719
945 770 222
979 487 931
638 395 212
137 937 564
472 635 883
274 420 830
529 528 137
392 731 87
298 321 980
874 573 385
285 316 223
853 490 886
6 289 995
403 614 945
312 318 186
749 316 738
125 401 341
869 275 317
474 549 947
974 332 465
691 157 445
694 923 39
869 485 789
597 205 366
722 847 457
351 970 601
965 77 544
859 111 207
78 868 828
906 242 577
692 505 481
96 668 169
157 207 375
984 773 72
290 270 30
108 961 536
896 44 723
753 777 421
612 348 495
281 906 113
987 787 816
369 98 95
888 958 72
698 534 697
857 384 374
81 738 589
758 865 342
552 319 242
582 756 480
540 623 25
207 885 798
493 396 79
102 903 893
852 493 639
608 913 18
86 591 223
526 126 700
385 542 121
56 305 806
623 724 257
449 480 382
689 92 122
958 360 963
66 623 760
2 128 692
390 96 608
381 765 321
903 607 801
93 890 612
927 989 68
280 198 220
359 683 806
865 494 329
487 489 816
159 525 336
893 431 280
635 417 964
382 842 219
901 275 95
67 68 332
254 725 35
558 608 876
700 153 331
1 402 899
501 664 343
873 934 965
502 584 71
746 694 65
254 10 84
949 786 971
164 950 584
717 907 243
236 25 14
313 358 316
128 626 437
592 812 318
147 389 232
745 968 635
934 575 896
302 62 115
508 796 17
176 710 580
559 127 486
263 218 620
852 459 822
474 327 181
537 293 76
618 100 350
295 53 997
942 319 495
743 54 430
8 0 942
837 475 997
866 384 645
978 504 591
131 87 809
240 365 609
417 295 895
646 987 500
617 614 727
428 106 794
121 568 223
807 479 709
220 490 938
826 569 178
116 22 886
711 647 148
32 575 170
602 789 632
630 825 720
612 625 653
246 615 599
82 601 388
290 512 265
751 172 73
897 75 684
58 511 819
969 711 548
278 465 163
745 228 886
782 545 871
81 320 15
419 782 617
742 359 36
796 787 333
631 520 498
688 363 489
261 967 772
142 239 258
88 553 277
792 836 899
290 559 54
522 922 752
449 545 356
128 104 209
847 955 224
80 462 241
343 134 201
459 990 259
819 638 365
358 259 589
39 275 780
190 28 583
149 754 146
579 273 227
9 776 144
242 415 29
451 585 406
485 441 787
419 126 195
305 112 457
15 865 233
667 592 991
143 504 824
486 240 835
662 155 44
442 622 173
158 551 804
369 621 231
456 362 348
579 963 121
615 618 482
790 209 106
532 759 912
809 941 880
469 809 654
105 63 510
728 631 66
201 874 332
737 387 294
736 267 478
289 438 562
797 631 242
877 621 657
950 853 212
457 349 522
273 29 902
456 836 531
549 962 585
38 920 63
579 808 701
421 995 612
451 77 384
836 4 86
803 720 134
953 679 205
516 405 289
368 543 24
92 727 551
653 921 308
848 643 987
205 415 600
926 981 100
543 355 102
231 563 646
560 831 595
57 142 909
377 88 528
25 975 874
225 872 271
117 165 654
501 695 388
830 373 235
149 76 276
136 250 543
258 751 560
728 248 500
987 202 541
46 714 175
934 212 824
784 486 283
553 709 280
92 192 338
671 604 55
469 413 641
255 916 125
458 664 194
957 316 426
404 548 657
418 284 680
134 522 256
467 959 611
874 140 805
101 135 331
364 919 983
886 906 193
59 541 612
907 448 812
71 355 806
866 49 415
161 207 180
257 415 519
214 470 237
41 471 229
569 18 869
755 92 400
130 39 729
800 451 498
944 772 180
654 657 142
772 375 514
25 111 948
477 129 585
923 683 968
990 388 656
465 714 874
812 41 243
248 723 232
190 190 775
868 712 635
870 705 95
613 89 701
474 606 347
690 314 670
337 625 169
257 299 802
205 221 143
375 141 858
660 514 935
579 747 583
896 957 224
598 47 707
967 587 445
945 957 597
494 784 777
594 211 815
460 477 431
479 395 209
480 417 297
397 612 168
674 266 772
412 197 70
738 702 363
283 26 590
992 983 342
560 549 365
28 597 623
651 96 584
734 843 961
215 177 836
563 458 597
959 460 986
251 643 908
853 284 196
822 897 761
285 128 692
654 923 660
272 936 186
350 126 73
474 530 362
76 141 347
323 911 36
710 854 547
590 294 319
804 620 416
582 212 657
900 855 935
627 567 174
523 398 205
822 512 302
514 22 688
405 881 526
706 826 723
352 874 934
632 520 522
404 713 441
614 41 17
386 12 113
58 355 150
592 232 392
730 550 342
754 215 669
207 165 812
668 720 283
737 708 402
753 906 163
388 75 371
582 111 25
21 763 57
796 475 352
676 946 666
817 2 274
254 820 488
869 899 796
95 949 529
839 54 626
328 498 916
305 259 664
168 918 345
567 41 485
176 51 75
272 561 922
969 696 87
866 785 240
636 856 321
740 292 610
698 76 626
800 775 398
2 743 58
216 300 777
830 305 288
675 547 523
33 382 759
469 573 51
198 990 901
26 140 836
201 476 245
186 481 807
287 696 560
653 849 268
557 215 722
426 780 707
615 616 250
176 640 545
241 566 748
33 936 627
275 352 735
692 634 164
233 661 42
976 746 38
179 5 125
608 765 230
475 794 389
66 166 580
209 543 574
15 940 159
631 353 518
122 729 858
152 60 194
190 326 338
420 623 831
137 196 771
448 769 133
728 162 546
501 586 398
289 43 250
750 623 151
235 550 708
741 940 813
22 934 112
80 904 587
16 761 227
839 603 229
60 658 604
17 379 643
436 57 127
273 880 546
47 669 452
58 964 227
850 256 575
32 512 995
916 705 791
341 765 546
747 878 934
285 48 212
399 54 759
37 628 790
350 231 306
87 995 908
312 150 626
269 877 268
692 627 195
350 513 681
386 164 977
970 371 65
680 436 87
286 97 642
778 378 53
371 630 771
771 828 717
435 526 594
233 69 797
47 888 82
542 355 288
597 614 535
857 553 700
643 762 115
374 426 746
921 389 137
540 991 680
371 523 619
896 150 267
388 506 471
504 236 563
744 906 373
676 894 646
6 230 62
717 586 410
968 764 554
380 489 944
635 435 770
648 887 608
862 24 119
72 298 889
267 400 513
522 270 850
401 829 556
766 920 204
942 323 545
999 649 955
55 514 31
743 530 525
236 451 607
558 992 48
636 254 67
2 779 173
870 525 172
808 798 235
32 222 890
942 363 614
444 316 0
831 939 189
352 618 876
871 157 853
786 238 697
279 111 535
391 991 378
585 969 307
963 903 330
607 94 584
430 268 184
619 250 177
245 497 255
679 715 667
180 833 169
461 559 957
133 155 142
696 299 990
692 507 835
801 201 925
556 911 825
453 318 500
937 659 243
608 530 433
168 254 380
289 770 983
6 823 383
839 198 12
816 782 725
962 354 939
480 563 493
648 869 810
792 495 436
988 84 874
72 114 333
646 504 793
943 134 659
796 821 819
111 318 504
432 831 193
418 490 794
706 753 140
952 414 98
251 188 346
444 433 552
545 360 46
891 95 110
365 181 799
959 63 121
199 407 619
635 79 343
175 896 946
92 109 860
12 341 866
47 531 124
231 340 653
607 170 666
71 623 805
625 335 270
333 485 78
134 772 252
91 869 195
345 274 532
192 976 931
731 726 675
674 968 652
901 174 289
387 439 199
298 629 610
133 508 426
230 485 296
490 604 383
828 567 586
354 581 998
937 689 900
729 402 903
986 517 802
494 645 711
491 833 975
43 397 401
147 901 195
123 437 417
292 421 392
625 747 25
307 277 453
613 322 930
306 468 576
312 904 479
28 749 559
975 274 292
255 138 237
137 81 106
514 994 673
807 986 402
384 597 428
55 678 340
34 424 922
305 722 455
670 980 783
274 350 130
871 438 617
806 921 283
914 707 327
958 89 540
85 615 385
277 970 784
787 204 724
134 438 456
418 73 48
398 457 391
744 88 599
66 334 30
412 463 812
743 729 221
382 627 656
397 274 496
665 212 81
879 552 740
927 584 607
196 575 17
828 424 853
360 841 961
329 988 485
18 682 20
695 674 514
336 606 244
349 667 548
699 531 603
873 269 920
553 149 325
512 225 52
808 27 161
848 651 112
396 904 765
116 739 8
434 386 471
268 875 394
203 192 945
421 250 740
728 940 895
837 891 263
560 563 80
272 7 99
565 773 251
81 12 816
469 909 898
252 654 137
789 881 488
201 24 944
234 806 607
719 816 818
254 232 885
400 921 660
867 333 737
452 54 745
52 301 348
701 6 594
315 562 85
705 844 764
682 773 48
604 583 497
519 783 284
14 746 173
94 778 340
412 441 766
937 467 35
399 120 65
375 36 786
623 153 52
18 541 348
699 118 976
1 591 336
757 501 348
657 275 617
321 514 98
337 931 725
898 121 411
915 215 905
469 637 556
856 710 632
350 299 585
211 60 727
772 95 3
633 664 429
616 53 524
317 782 295
525 521 815
830 893 351
694 670 506
31 228 796
741 902 189
709 15 844
222 96 556
706 527 469
809 798 354
312 362 40
500 843 499
283 846 376
613 957 82
748 556 920
941 548 390
405 43 908
8 759 203
145 357 471
280 569 874
855 68 11
452 612 244
76 711 37
788 568 707
808 109 690
179 467 795
181 885 32
702 302 763
848 909 317
638 571 240
154 103 347
242 328 802
338 76 865
469 970 371
172 152 225
352 526 82
874 368 371
996 138 744
682 384 855
743 285 434
653 711 828
791 902 735
474 512 675
488 821 533
699 516 728
914 827 520
533 622 459
52 195 70
66 571 64
150 746 96
406 666 287
943 136 285
392 587 680
820 521 769
902 295 894
867 620 187
597 534 178
243 73 746
335 162 251
532 226 164
82 618 226
507 145 343
699 445 72
613 975 634
721 256 743
493 136 850
779 188 549
342 167 847
27 953 595
466 616 582
618 114 650
525 942 233
542 338 348
39 577 292
3 166 888
483 747 251
469 980 464
282 926 354
411 777 68
816 241 859
971 250 971
284 346 924
591 331 1
351 102 414
243 66 915
690 387 774
739 90 65
546 8 347
326 335 652
287 609 916
578 141 134
785 550 903
119 926 817
414 424 534
708 519 713
922 410 383
662 547 149
742 766 449
685 538 97
963 889 180
922 625 259
207 379 250
593 661 838
359 270 376
645 87 833
931 38 209
80 194 576
401 831 585
727 610 108
7 342 1
14 94 714
677 848 562
557 482 418
343 768 773
189 902 967
696 897 406
161 448 607
395 501 759
42 529 885
586 410 545
378 667 328
464 45 312
309 28 699
859 102 223
681 223 99
842 439 356
702 681 667
688 558 297
172 476 476
946 678 236
21 485 298
973 215 9
312 245 386
703 922 356
98 129 894
842 240 455
460 132 978
893 276 704
437 294 931
520 67 202
146 807 656
785 701 296
177 901 456
446 534 832
830 482 306
728 821 165
412 672 127
633 330 312
459 818 139
903 80 512
961 87 125
420 879 173
885 818 585
899 988 685
970 914 659
894 456 953
46 940 975
285 306 16
307 946 915
929 719 502
116 379 688
841 515 929
962 784 971
953 5 780
418 670 454
125 905 116
378 807 474
745 275 179
372 600 78
227 696 143
908 47 583
700 67 0
976 19 231
159 791 602
315 608 700
723 26 254
894 501 327
95 472 3
461 417 911
249 876 313
266 114 344
394 735 635
31 928 750
260 416 237
671 797 910
444 841 71
85 33 83
780 667 516
268 797 486
689 92 768
821 457 706
449 563 602
88 437 895
870 765 693
658 20 948
563 48 507
689 667 654
136 161 685
136 433 553
796 874 166
776 934 589
448 804 183
989 711 99
822 825 325
445 518 930
254 745 771
43 306 183
810 273 701
189 441 191
789 394 386
20 720 398
547 96 116
702 894 274
932 122 771
489 223 871
459 40 734
373 934 646
753 558 431
462 97 203
188 724 856
660 411 847
756 210 515
578 281 660
566 844 237
905 146 241
150 190 337
544 669 611
215 599 410
145 402 590
945 46 904
8 758 916
893 513 141
613 527 499
191 423 922
5 660 339
393 700 657
442 620 61
224 831 803
763 211 214
787 366 361
72 43 553
352 191 679
441 454 665
105 494 333
767 39 680
423 127 150
770 597 498
360 589 444
217 79 242
223 374 890
899 116 256
774 352 759
800 474 806
528 274 413
850 11 223
834 293 710
483 518 828
822 965 900
463 80 153
307 781 936
400 844 201
383 152 34
899 465 521
209 597 350
929 926 635
919 832 87
535 509 850
121 495 128
780 824 460
264 806 921
916 721 401
272 825 717
207 619 14
53 385 649
459 294 688
29 600 722
384 512 698
601 839 886
198 185 633
629 993 991
918 583 854
793 95 117
923 387 692
364 674 152
937 35 29
493 653 324
316 731 754
558 308 65
890 853 544
841 577 225
980 23 842
697 594 750
834 584 206
503 300 11
91 933 938
514 812 389
408 558 724
837 15 218
683 18 417
459 776 77
389 178 163
630 338 449
171 282 178
458 486 813
6 568 717
808 989 432
246 764 49
386 104 300
250 7 397
469 719 97
240 978 514
310 755 886
988 390 951
952 194 766
711 860 542
376 895 654
197 611 115
316 730 515
387 760 137
356 382 852
203 263 366
515 461 389
210 169 844
403 267 761
770 279 5
338 87 257
658 66 286
168 869 973
878 291 765
616 721 371
171 916 93
33 44 55
033 044 055
55 44 33
055 044 033
999 999 999
0999 0999 0999
123 456 789
0123 0456 0789
