559043
674896
1045150
213924
781344
921125
1028994
289042
990233
247802
875961
795920
558970
758303
124231
308841
75196
319777
115408
851089
123195
1010062
976390
700731
1039138
849761
268675
637223
409326
854081
44981
377262
488160
487022
575047
598223
601956
521477
219819
723249
765309
80040
697137
735692
536649
877678
837118
137159
721015
945984
806896
599217
116345
590331
332294
777381
271396
702914
555909
770512
990905
6766
837132
946314
942808
172031
876702
941014
886554
690563
791404
128205
649854
140585
665368
560823
74052
444089
340295
286928
781967
199781
403288
514630
600062
440873
1025303
544804
269419
936235
705149
126885
956077
997945
478788
1031728
557779
347433
78458
515157
573271
366504
89440
198148
481412
473669
155767
43026
796100
950262
913833
418792
706410
252826
386971
881654
134969
48362
863864
175949
63293
657301
697293
371061
267157
11621
753166
703312
73425
546481
50882
26898
71295
621491
146325
13017
562046
855564
797943
309850
701333
797051
20749
302132
747146
1018789
556211
894585
358432
411771
456633
146117
53502
21503
275624
322058
718751
660735
806412
299125
529054
70364
291870
201755
498983
776395
135735
961758
547350
286467
194259
374883
708598
109421
808954
94484
648927
409959
675368
347520
564754
813877
407678
736939
107647
512667
350188
248490
646309
931334
545380
436451
761589
234993
308994
184640
299596
842005
650593
33457
242064
20610
426178
521441
115510
920589
382067
144138
465197
1006041
267922
1001305
875832
105416
26420
300713
351216
696443
481081
175966
868112
547207
188290
572450
701020
216195
218514
826958
415195
589827
539073
578681
257339
267867
535294
745724
569804
441859
934562
213469
279336
892061
588687
113571
760982
407099
340621
431258
871279
83110
780819
90691
513376
234595
941232
218808
366462
485162
471328
261557
205720
208944
901321
927976
33320
160499
94114
828465
903469
472901
887827
549135
648372
626161
161294
299103
479177
281431
45915
88264
776050
962186
173853
908548
901378
965177
373050
508925
479299
889355
444630
559475
897668
43554
756709
924160
713109
437517
903396
366305
210991
63665
791713
1028489
28056
924506
226444
371525
691178
405197
127617
787855
641134
533707
368293
303812
325520
898329
253093
222296
347210
2138
29130
704250
49899
650458
177248
994279
914229
894559
297488
559641
215160
684284
914079
1007407
686977
743277
903165
135821
763454
676827
952170
761834
596753
1027231
486747
785851
953293
998676
915855
289074
591016
556465
702546
80781
854807
772298
165460
116430
60319
150624
584702
834340
801050
702520
517530
591387
253850
78361
177199
139319
802732
1035374
99674
724801
19118
507229
1092
718631
811726
298942
339817
473291
18719
762662
607549
226168
704703
320232
903010
416428
323926
370405
538089
926529
955034
163462
1010775
626249
163358
790998
244363
421129
712127
828687
904627
524720
218713
588057
279470
638844
947249
1027413
919594
414286
323657
963581
499290
788269
306775
1002858
861314
983086
933862
854573
955140
197968
369420
895014
4877
31617
581008
827393
624238
535803
31791
918295
440770
92051
567762
654492
285778
870009
195998
154227
464886
772129
784002
317189
561846
648060
613017
85524
698065
473839
445424
910951
641728
795178
8235
360117
169379
777822
532644
10026
81618
71207
880643
212212
95126
945382
451878
706860
300040
448869
826140
512085
925546
41829
84808
286749
762868
1011794
586287
451019
495984
31299
354306
775750
175482
648113
392214
91349
380980
899315
234129
977371
682475
888969
329502
886982
545587
499972
141286
826342
52218
393800
184504
655575
945056
333129
147946
833789
96707
915567
675887
233543
96193
640999
547379
75438
685053
730053
975992
264529
751466
423950
148526
89464
529643
307014
810944
960406
138683
255100
232021
663424
441809
372429
620074
364065
512713
797282
23923
923154
116800
339140
189911
134693
418128
638204
681095
754152
635356
132576
1018755
503115
59299
647069
876822
689084
911176
936561
452081
366927
370731
745160
201925
709452
916501
698863
887188
118057
723329
403305
621538
910122
596706
624726
970131
836076
281184
501536
844347
719658
860557
130066
157197
859241
1035603
380309
436684
464344
262559
365699
694220
39383
445740
352157
151789
70591
520929
479217
886009
625801
534616
785114
530946
1012104
493027
740165
108934
270812
596729
741480
1005535
848245
422064
713547
715960
194535
959235
15729
396329
868139
820048
130680
329891
672175
286164
345168
163664
1017626
470037
852691
459642
439932
811381
737395
946751
947800
215927
180095
734944
845478
114029
908301
638321
536529
706804
886798
1003820
459380
752580
955084
31999
257251
456225
990136
733906
890572
401754
642466
204831
628326
5159
843025
154184
778810
755694
740613
295506
80399
110123
329042
909263
74949
933740
186320
980715
63879
898297
987297
149631
650468
346920
463433
390934
737881
858844
918388
406029
387662
806711
873743
806719
605775
1001750
932924
784788
212575
997619
395307
499869
94620
284852
747663
825752
78415
1023860
614051
407489
376840
904154
463571
41069
14203
639910
644972
1037601
439067
784046
87735
913703
161203
429988
648399
543692
1041519
987304
874319
16483
454167
429598
934478
819820
25497
791497
736836
366131
143105
811009
636318
716916
441941
782051
375478
524443
346962
802844
632691
839926
45423
635833
165223
537048
470688
59536
378893
421250
483884
991488
821279
235496
611897
52770
156411
255449
909332
954682
781837
687399
377790
741096
747820
615930
78662
269968
765202
541395
803076
250652
31630
869501
689365
179299
76238
230549
957052
620769
800927
223730
642194
299455
380222
418242
708156
175406
958676
988880
40385
290419
304295
852602
723130
983731
729170
184963
888355
823016
900268
879483
721353
1023733
392878
417666
794089
813720
64831
559626
403786
354416
134754
41762
1010822
142110
184354
663134
686536
501677
554127
350745
359393
852036
43286
578727
990432
532539
314254
817607
802678
247262
354737
838710
783118
178294
65601
715520
294594
486782
892684
431494
948613
840258
59624
831031
733173
441643
209636
928895
612355
461604
857845
868327
54760
694921
495805
415113
231617
983357
732676
100198
585369
877925
534289
391003
542235
704124
554315
300269
265631
142296
399998
649438
398570
185501
352459
958153
939477
785487
343665
181766
958577
700673
293772
360469
1013418
1009505
1007468
829628
389864
211521
846874
168804
288620
778821
223187
162067
831042
366607
444470
93516
364740
809749
736495
1029592
160745
864673
914144
150240
786064
281940
969512
19605
320647
967402
380485
674806
399328
357065
962802
78506
648607
355013
971028
554795
292438
529588
1001235
501444
274086
293379
833987
739056
849222
109313
833402
910349
29406
691164
6484
586058
957633
884432
422915
297985
588804
829829
327935
606727
790240
41468
717835
1048485
647363
819544
964524
928332
200487
422756
962884
872334
995119
342631
190788
73456
422342
775341
141103
88025
73950
825820
50027
231920
722102
171337
244455
658176
1023880
605377
606853
300317
406747
706691
84859
1010373
368582
841476
292229
813123
530342
596336
791044
281548
948103
141630
275596
376882
383371
61768
558254
449147
810145
768050
640540
524025
741696
678996
405026
401986
369681
354445
518812
477268
362015
1031833
968891
186268
886374
277991
828412
846714
322982
1004954
708534
50551
823646
126978
119470
456036
872982
507326
715394
738356
961331
374548
564168
104873
671233
763687
586149
457111
119101
569871
699485
293547
1014017
1036851
956213
628584
545923
39902
262437
204213
702379
289938
68993
179758
243001
953836
362410
574894
455799
1034994
294120
230909
183428
403102
1018782
