3032
320
120
1768
1336
2304
128
184
1248
232
3536
2648
3752
2808
2272
2128
3968
2632
352
1528
0
1728
2616
632
3008
1160
2896
1592
2848
1752
2048
2328
2824
2096
1640
2768
2312
3832
1512
2472
1848
2416
240
224
3240
3944
3152
1136
3424
168
2704
2672
1960
1680
800
1560
88
1008
3584
3840
2024
256
720
1928
2440
560
856
296
2696
1072
2688
3344
3040
3480
1552
192
2152
2448
2120
3544
488
2040
1104
80
2072
2664
968
792
3672
960
1032
624
2528
3912
1800
376
336
3632
3936
1152
48
56
2576
1448
3288
2968
3232
816
3376
512
3464
680
784
2984
1392
1368
664
464
264
3848
1608
712
3704
1224
64
2264
1416
832
3160
3872
1256
1304
3224
2568
3504
1712
3904
2336
2112
32
2480
3000
1352
3408
496
688
2936
864
2376
3696
2512
1992
456
3960
2432
1240
2464
2000
216
1656
3168
600
2816
3200
776
3760
1264
2720
2712
2584
1688
3728
2544
1464
2728
824
760
312
888
3360
3320
2608
936
2224
2872
616
400
3592
544
2352
40
1400
3816
3992
3896
3520
1016
3488
2752
4000
1176
288
1672
472
536
528
2992
176
1208
2192
2944
952
3328
2232
3624
3064
2280
1312
2184
992
2032
3392
2656
3720
920
872
1904
1088
1832
2776
3512
504
2200
3368
3448
1128
3712
2600
3048
896
1296
200
1472
1192
3784
1384
1144
280
1376
2160
2240
1000
440
1696
752
880
520
1048
1744
248
728
24
2064
3928
1232
2880
1480
360
2592
2624
3648
640
1536
1184
3184
1504
3824
1648
3296
1912
2976
1360
3440
3096
104
1736
984
768
3808
432
8
2496
3792
424
592
3248
736
2216
3560
2912
1816
3608
2136
1320
840
2536
416
3864
2360
1544
2424
3432
2344
2456
912
3472
1944
2736
1616
3336
1408
3456
2016
3600
3024
1600
2368
1040
672
1952
1288
368
3176
2248
2520
3272
1984
2056
1936
1856
72
944
3304
2488
1792
384
1976
2680
272
3976
904
2408
1720
2640
392
1168
2560
3576
3416
3072
2208
744
408
576
552
1808
1864
3264
1280
1896
1056
696
1456
2744
1120
1344
3568
3656
2176
2320
2088
1440
1664
3112
976
2080
3640
344
2168
3088
1200
2104
3528
2856
3664
144
136
2392
2144
3400
3888
1888
3192
112
1576
3952
1776
2904
208
704
3880
3736
1704
160
3616
848
3680
3496
1880
1760
3128
1424
2832
3312
3768
656
2920
3984
3856
1920
1496
1216
1968
152
3080
1080
3280
2800
2384
648
1872
1824
1272
1584
1064
3208
2792
2784
16
1432
1784
304
2504
3144
3136
2952
448
3120
1112
1488
928
1632
3104
3216
3744
1520
2840
1568
1024
3384
3688
584
1624
1328
1840
480
3920
1096
2960
3800
3552
2760
608
2256
3256
2400
2296
3016
3056
568
2888
3352
3776
328
2008
808
2928
2864
96
2288
2552
