5 2 6 6 3 2 4 6
2 4 3 6 2 3 6 6
3 1 6 6 1 3 3 5
1 2 6 6 2 3 5 5
5 2 6 3 4 3 6 4
2 2 5 4 1 2 6 4
2 2 4 6 1 2 6 3
5 3 6 4 3 2 5 5
5 4 6 5 1 2 6 6
4 3 6 4 1 3 5 5
1 2 3 4 1 1 5 4
2 4 6 6 1 4 2 6
1 3 5 5 5 5 6 6
3 3 4 4 2 4 4 6
5 4 6 5 2 1 4 4
5 1 6 6 3 2 4 5
3 5 4 6 1 1 5 5
3 2 4 4 2 1 3 3
2 4 3 5 4 1 5 3
2 5 4 6 3 4 4 6
1 2 6 5 1 1 6 3
2 1 6 5 1 4 2 6
5 2 6 5 1 2 2 5
1 2 3 3 2 1 4 6
2 4 5 6 3 1 4 2
1 1 2 5 3 1 6 6
2 1 6 6 3 1 5 6
1 3 6 5 2 2 3 6
1 3 4 4 4 3 5 6
3 2 5 6 5 5 6 6
4 3 6 5 1 5 2 6
1 2 5 6 2 3 6 5
5 1 6 6 3 1 6 3
3 1 6 6 2 3 6 6
3 1 4 6 3 1 6 4
3 3 5 5 3 1 5 5
1 2 4 3 1 3 3 6
4 5 6 6 2 3 6 4
3 4 4 6 2 1 3 6
3 4 5 5 4 2 6 6
1 2 4 4 4 3 5 5
5 3 6 5 4 3 6 4
1 2 6 6 1 2 6 4
1 2 2 4 2 5 3 6
1 3 2 4 1 2 3 6
3 1 5 2 1 1 5 6
1 1 2 3 2 4 3 6
1 1 2 6 2 2 5 6
2 3 3 6 1 1 2 4
4 2 5 4 1 3 4 5
3 3 4 5 1 3 5 5
4 2 6 3 5 1 6 5
1 3 4 6 3 2 6 6
2 2 4 4 1 1 4 2
1 1 5 3 4 2 6 5
4 3 6 5 2 2 5 6
3 1 6 3 3 2 5 4
4 1 6 4 1 4 2 5
1 1 5 3 2 1 5 2
3 1 5 3 2 5 5 6
2 2 4 6 2 1 6 2
1 2 5 3 1 2 4 6
2 1 4 3 1 2 4 6
5 2 6 6 1 2 6 5
2 1 5 4 2 4 6 5
1 3 4 6 2 1 4 6
3 1 4 4 2 3 6 6
4 4 6 6 5 3 6 4
3 4 6 5 2 1 6 5
2 3 6 4 1 4 6 5
3 4 4 5 4 2 6 4
1 3 3 6 3 1 5 4
3 1 6 4 5 2 6 3
1 1 5 4 5 5 6 6
1 5 3 6 1 1 4 5
1 1 4 2 1 3 3 6
4 1 6 5 2 1 6 3
3 1 5 2 3 3 5 4
3 2 5 4 2 1 5 4
3 1 4 4 3 4 4 5
5 1 6 4 1 1 2 4
2 2 4 3 1 3 4 6
4 3 6 6 5 1 6 2
1 1 4 3 2 1 6 4
3 4 6 5 3 3 4 5
2 2 4 6 4 4 6 5
3 1 5 2 2 2 5 5
1 2 4 4 2 1 5 4
1 1 5 2 1 3 5 4
1 1 6 3 1 1 3 3
2 4 5 5 1 2 3 5
2 5 5 6 3 2 5 6
1 4 5 6 3 5 5 6
1 3 4 4 4 2 6 3
3 3 4 6 2 1 5 5
2 3 6 5 1 3 5 5
4 1 5 2 3 3 4 4
4 5 5 6 1 4 3 6
2 3 3 6 2 3 3 5
3 2 4 6 2 1 3 6
1 1 3 5 3 2 6 5
1 2 4 3 1 5 3 6
5 3 6 5 4 2 5 4
4 1 5 3 3 3 4 6
1 1 6 6 4 2 5 5
3 1 4 3 2 1 4 2
4 4 5 5 1 2 2 3
2 3 3 5 5 3 6 5
1 1 3 6 3 1 6 5
1 3 6 5 4 3 5 4
3 1 4 6 2 3 5 4
1 3 6 6 1 1 3 3
1 1 6 4 2 2 4 4
3 5 5 6 5 2 6 4
3 1 6 4 1 1 5 6
2 2 6 6 1 3 3 6
1 3 3 5 3 4 5 5
2 2 3 6 3 1 6 3
1 3 3 5 1 3 3 5
2 1 3 2 2 2 5 3
4 3 5 4 1 1 3 4
3 1 6 2 3 1 6 3
1 3 4 4 2 5 6 6
5 3 6 5 1 1 5 5
1 2 3 3 3 3 5 4
1 2 6 3 3 1 5 6
2 1 3 5 1 1 4 4
2 1 5 5 2 3 3 4
1 2 3 5 3 2 6 4
2 3 5 4 4 3 6 5
2 3 5 4 1 2 6 4
5 2 6 6 2 5 3 6
1 1 6 6 2 4 4 6
4 1 5 4 4 3 5 4
2 3 3 4 2 4 5 6
2 3 6 6 4 2 5 6
3 2 6 3 1 3 5 6
1 1 5 4 1 1 5 6
4 3 6 5 1 1 5 3
3 1 4 6 2 1 3 2
3 2 6 3 3 4 4 6
1 1 5 4 3 2 4 4
1 1 4 6 1 1 3 5
2 2 3 5 1 4 6 6
1 4 3 6 1 4 6 5
1 2 6 6 3 5 5 6
5 2 6 6 3 3 5 6
3 1 4 2 4 1 6 3
4 1 6 4 1 2 5 5
2 3 6 4 2 1 4 2
4 1 6 4 2 1 3 4
1 4 4 5 5 1 6 6
2 1 4 6 1 1 2 2
3 4 6 6 1 1 2 6
2 3 6 6 1 1 2 5
4 2 5 6 4 3 6 6
3 2 6 5 1 4 2 6
1 2 4 6 1 2 4 4
1 3 4 4 3 3 5 4
5 3 6 4 2 3 6 5
2 2 4 6 1 3 2 5
4 1 5 6 4 1 6 6
1 1 5 5 2 2 6 5
1 3 2 6 2 5 5 6
1 1 4 6 5 4 6 6
3 1 5 4 2 3 5 4
1 1 5 3 1 1 3 2
2 1 5 5 2 1 4 4
2 2 6 6 2 1 5 5
3 3 4 4 3 3 5 5
4 1 5 6 2 3 6 5
1 1 6 6 1 1 2 3
2 4 5 6 3 4 4 6
1 5 6 6 1 4 4 5
2 3 4 6 3 2 5 3
1 1 4 4 2 4 4 6
2 4 5 5 2 2 5 6
5 3 6 4 4 1 6 2
1 4 6 5 1 5 5 6
4 2 5 4 2 1 3 3
1 1 4 5 2 1 5 4
2 2 3 4 2 1 3 3
4 4 6 6 1 5 3 6
1 1 2 2 3 2 5 3
3 2 4 6 5 3 6 4
3 3 4 4 1 1 4 2
4 1 6 4 1 1 5 2
3 1 5 6 2 1 4 3
1 4 3 5 4 2 6 4
3 1 5 3 3 4 4 6
5 2 6 6 1 1 5 5
2 1 4 6 1 2 3 5
1 2 6 3 4 5 6 6
2 1 3 5 2 3 6 4
3 4 4 5 1 3 6 5
2 1 3 4 1 5 5 6
5 3 6 6 4 1 6 3
2 4 3 5 5 3 6 6
1 1 2 4 1 1 3 6
2 2 6 5 2 4 5 6
3 2 6 6 1 1 4 6
5 3 6 4 1 3 3 6
2 1 5 5 2 2 4 6
4 1 6 6 1 1 3 2
4 2 5 6 3 4 4 5
3 3 4 4 2 3 4 5
1 1 2 2 1 2 4 3
3 3 6 6 2 3 3 5
3 4 4 5 1 2 3 4
2 2 4 4 3 3 5 5
5 3 6 6 1 4 4 5
2 4 4 5 1 2 2 4
3 1 6 2 3 3 5 5
1 2 3 5 2 2 4 5
3 1 5 5 1 3 2 4
3 1 5 2 1 5 5 6
3 5 4 6 1 1 4 2
3 2 5 3 5 1 6 3
1 4 3 6 2 2 6 4
3 3 5 4 5 2 6 3
2 3 6 4 1 2 3 5
4 1 5 4 2 1 3 5
4 4 6 5 1 3 2 6
4 3 6 4 1 1 2 3
4 3 5 6 2 2 6 6
3 1 5 5 1 1 3 4
3 1 5 4 3 2 6 6
1 1 3 2 2 3 3 5
2 1 6 2 1 1 6 4
1 4 5 6 3 4 4 6
5 1 6 6 1 1 2 3
2 2 3 6 1 1 2 5
3 3 5 6 5 3 6 4
3 1 4 5 3 1 6 5
2 1 3 2 2 5 4 6
1 2 5 4 3 2 5 4
1 3 5 4 1 1 2 5
1 1 4 3 2 1 5 6
2 2 3 4 1 3 3 6
1 3 2 4 1 2 5 4
2 2 4 5 2 2 5 3
2 1 4 5 3 2 5 3
1 2 5 3 1 4 6 6
1 1 3 4 1 3 2 4
4 3 6 4 1 2 3 5
4 5 5 6 2 2 5 5
1 2 6 3 4 2 5 3
1 2 3 5 1 1 3 3
3 4 6 5 2 1 4 2
1 2 5 6 5 1 6 2
5 1 6 2 2 2 4 5
4 2 6 5 1 2 3 6
5 4 6 6 4 1 6 6
2 3 6 5 2 2 4 5
2 3 3 6 1 4 4 5
2 4 3 5 1 1 5 6
2 2 3 6 4 3 6 4
1 2 3 4 1 2 3 5
1 1 2 5 1 1 4 3
1 4 3 6 2 3 4 6
1 1 5 2 1 1 3 4
3 2 4 5 3 1 6 6
2 3 4 4 1 2 2 5
3 5 4 6 2 1 6 2
4 1 5 6 3 1 6 5
3 1 4 3 1 1 4 5
3 1 5 3 1 1 4 3
3 1 6 3 5 4 6 6
1 3 5 6 2 1 4 3
4 5 6 6 3 1 4 3
3 4 5 6 2 3 6 5
1 2 5 4 1 3 6 4
1 2 4 3 1 1 4 2
1 1 4 6 2 1 3 2
1 3 4 5 2 2 5 5
2 2 5 5 2 2 6 3
4 1 6 6 2 2 3 5
1 2 6 4 2 1 6 5
2 1 5 5 3 4 5 5
4 1 6 3 1 3 4 5
5 2 6 3 1 2 4 6
2 1 4 4 1 1 2 5
1 4 6 6 5 2 6 6
1 1 6 6 1 4 2 5
4 1 5 3 1 3 2 4
3 2 4 3 1 1 6 4
3 1 4 5 2 5 4 6
2 2 3 4 1 1 6 6
4 1 5 4 3 2 6 6
1 4 4 5 2 1 6 6
2 2 6 3 2 2 6 6
1 1 3 3 4 3 5 4
2 5 4 6 1 1 4 2
1 2 6 3 2 5 6 6
2 2 3 4 4 3 6 6
1 2 4 5 1 5 3 6
3 1 6 5 3 1 5 6
1 1 4 6 5 3 6 6
3 1 4 6 1 1 4 3
3 4 4 5 4 4 6 6
1 1 4 2 5 1 6 6
1 4 3 5 1 1 5 6
2 1 4 5 1 2 4 3
2 1 3 2 2 2 3 6
4 3 6 4 2 2 5 4
1 4 4 5 4 2 5 5
3 4 5 5 2 1 5 2
3 3 6 5 2 2 6 4
2 1 4 6 2 2 6 4
1 1 2 6 1 2 4 4
1 3 4 6 1 3 3 4
4 1 6 5 2 1 6 4
2 2 4 6 2 2 4 3
1 4 3 5 4 1 6 2
2 1 3 6 4 2 5 3
3 2 5 5 3 2 6 5
1 4 3 6 3 1 6 3
1 1 2 3 3 2 4 6
2 1 4 3 5 3 6 6
1 5 3 6 3 2 5 5
1 1 4 3 1 1 5 2
1 4 3 6 1 2 4 3
5 5 6 6 4 1 5 6
1 1 2 3 2 5 3 6
3 5 5 6 3 1 4 4
4 2 6 4 1 1 6 2
3 1 4 2 5 3 6 4
1 1 6 4 5 4 6 5
5 2 6 5 4 1 5 6
1 2 5 5 4 1 5 4
1 1 5 6 1 3 5 6
3 3 6 5 1 3 4 6
1 2 2 3 1 3 3 4
4 1 5 6 2 3 5 6
2 1 4 6 4 1 5 2
1 3 4 4 2 3 5 4
2 1 3 3 1 4 3 5
1 1 5 4 2 5 3 6
1 2 6 5 2 3 6 6
4 3 6 6 2 5 4 6
1 4 2 6 1 1 6 4
2 2 3 3 4 4 6 6
3 3 4 5 3 1 5 6
2 3 5 5 2 4 3 5
5 3 6 6 1 2 3 6
1 1 2 5 3 4 5 6
5 1 6 3 2 3 4 5
1 5 3 6 1 3 5 6
1 2 5 6 3 3 5 5
1 2 6 3 5 3 6 6
2 3 3 4 1 1 6 2
1 3 5 5 5 2 6 6
1 2 5 4 4 2 5 3
2 3 6 5 3 3 5 4
1 2 5 6 1 1 5 3
1 3 3 4 3 1 5 2
2 1 3 4 1 3 6 6
3 4 6 5 1 2 6 4
1 3 5 5 2 3 5 5
1 1 4 3 5 2 6 4
3 1 6 4 3 5 4 6
2 3 3 6 4 1 6 3
2 4 6 6 3 1 6 2
3 1 4 6 3 1 6 6
2 1 6 2 5 2 6 4
4 1 6 6 3 2 5 6
4 3 6 6 2 1 3 5
1 4 4 6 5 4 6 5
3 4 6 6 1 1 6 4
2 3 5 4 1 2 3 3
2 1 4 4 1 3 5 5
2 4 3 6 1 1 2 6
1 4 3 6 2 4 6 5
1 3 4 6 3 2 5 5
2 1 4 2 3 1 6 4
1 2 5 5 1 4 4 5
1 3 2 6 2 1 3 4
3 3 5 6 4 1 5 2
3 4 6 5 5 4 6 6
3 2 6 6 4 2 6 6
1 1 2 4 1 3 3 5
4 1 5 3 1 2 5 5
3 2 5 6 1 1 6 3
1 4 6 5 4 4 5 6
1 3 6 5 2 3 4 5
2 4 5 6 2 2 3 4
1 3 5 5 1 2 2 6
1 1 3 2 2 1 6 4
1 2 3 5 3 4 4 5
1 2 5 6 4 1 6 6
2 2 3 3 2 1 3 2
3 2 6 4 3 1 4 4
1 4 3 6 3 3 6 4
1 2 4 6 4 3 5 5
5 1 6 6 2 2 3 6
4 3 6 6 3 4 4 6
1 2 3 5 1 2 5 3
1 1 4 3 2 3 3 5
2 1 4 4 1 1 4 4
3 1 4 5 1 5 3 6
5 2 6 3 2 2 6 6
1 4 4 5 1 1 3 3
1 2 4 3 1 4 6 5
2 4 5 6 1 1 6 2
5 4 6 5 5 5 6 6
2 1 4 4 1 2 6 3
3 1 6 2 2 1 4 3
3 2 4 6 2 1 3 3
3 2 5 5 4 1 5 3
3 1 6 2 1 1 6 5
1 2 6 3 3 3 4 4
1 1 4 5 2 1 3 6
2 1 4 2 3 1 5 4
2 2 5 4 3 2 4 3
4 2 6 3 1 1 5 4
1 2 2 3 3 5 6 6
2 4 6 6 2 2 6 4
1 3 4 4 2 2 5 5
2 1 3 2 2 4 6 6
2 2 3 6 3 1 4 6
1 3 5 5 2 3 5 4
3 4 4 5 1 3 3 5
1 1 2 3 3 4 4 5
3 4 5 5 2 3 5 4
1 1 4 2 1 4 4 5
1 2 3 4 4 3 6 6
2 1 5 5 1 3 4 4
2 4 5 5 3 2 4 4
4 2 6 3 2 3 6 4
3 3 6 6 4 2 6 4
3 5 5 6 1 5 5 6
1 3 2 4 1 1 2 6
3 4 6 5 4 4 5 5
4 2 6 4 3 1 4 3
4 2 5 3 2 1 4 4
3 3 6 6 4 1 5 4
4 3 5 5 2 5 5 6
1 2 4 3 1 2 5 5
2 3 6 5 1 2 5 6
4 1 6 5 2 1 6 6
2 3 5 4 2 2 3 4
2 3 5 4 4 2 5 4
3 1 5 2 1 1 3 2
4 2 6 6 5 5 6 6
1 1 3 5 5 3 6 6
1 4 3 6 5 1 6 4
5 1 6 2 1 1 2 4
3 1 6 6 4 1 5 6
3 1 6 4 2 2 6 5
2 1 6 6 3 3 5 4
3 2 6 4 1 1 5 4
4 4 5 6 4 1 6 6
2 3 6 5 2 2 5 5
1 1 4 6 2 2 4 4
4 1 5 3 2 4 6 5
3 2 5 4 4 1 5 5
2 3 6 4 4 2 6 6
2 5 4 6 1 5 3 6
3 1 4 2 3 5 4 6
2 4 3 5 2 4 6 6
2 1 4 6 1 3 2 6
4 4 6 5 3 5 6 6
1 3 3 4 4 5 6 6
1 1 3 2 5 3 6 5
5 1 6 2 3 3 6 4
3 1 4 2 4 2 6 4
1 1 3 5 1 3 5 6
5 1 6 3 2 4 6 5
5 2 6 6 3 2 4 5
2 1 3 6 2 2 5 4
3 2 5 3 4 2 6 5
3 2 4 3 1 2 2 5
3 3 6 4 1 4 3 5
1 3 4 5 3 3 5 6
3 3 6 5 2 1 3 2
1 1 2 4 2 2 4 5
3 1 6 3 4 2 5 4
4 2 5 3 3 2 4 5
1 1 3 4 2 3 3 6
4 4 6 6 3 1 5 6
4 2 6 3 1 1 4 2
5 1 6 6 4 3 6 5
3 3 4 5 4 3 5 4
1 3 5 6 4 2 5 3
2 2 5 5 5 2 6 5
1 2 3 4 2 2 4 6
1 1 6 3 1 1 5 5
3 1 4 3 3 1 4 3
3 5 6 6 2 4 4 5
4 3 5 4 2 1 3 6
2 2 3 6 1 5 3 6
1 3 2 6 3 1 6 6
2 1 5 3 4 4 5 5
1 1 2 5 2 3 6 5
3 2 4 3 3 3 6 4
3 2 4 4 1 5 6 6
1 2 2 6 2 2 6 5
2 5 6 6 4 1 5 2
2 4 6 6 2 2 4 6
2 3 3 6 1 2 6 4
2 1 5 6 3 3 4 4
4 4 5 6 2 4 5 6
2 3 5 6 1 4 6 5
1 1 3 4 2 4 4 6
1 4 6 6 4 1 5 3
4 3 5 5 3 5 5 6
1 3 2 6 1 5 4 6
5 2 6 4 3 2 5 6
2 4 4 5 2 4 3 5
1 1 3 2 3 2 4 3
1 4 6 6 1 5 2 6
3 4 6 5 3 2 6 5
2 2 3 4 2 4 4 5
5 4 6 5 1 2 2 4
4 2 5 6 3 3 6 4
1 1 4 4 2 1 5 5
1 2 5 4 1 4 3 5
3 2 4 3 3 4 4 6
2 2 4 5 1 2 4 4
3 5 4 6 3 3 5 6
4 3 5 5 1 5 4 6
5 3 6 5 3 1 6 5
2 3 4 6 1 2 6 5
1 2 4 4 1 4 6 6
4 2 5 5 1 2 4 5
4 1 5 6 1 3 4 5
1 4 2 5 4 1 6 5
3 1 5 2 1 1 4 5
4 1 5 2 2 1 3 2
4 1 6 5 2 1 3 6
4 1 5 6 3 1 6 4
1 1 4 5 5 4 6 6
3 1 4 5 2 1 3 3
3 2 5 4 1 1 5 5
2 4 3 5 1 2 5 4
1 3 2 5 2 1 3 3
2 2 6 6 1 4 2 5
3 3 4 4 1 1 4 5
3 5 5 6 5 5 6 6
3 3 6 4 1 2 2 5
1 5 2 10 3 0 9 6
2 3 4 9 5 2 7 3
2 3 5 6 5 1 10 2
0 0 2 2 0 3 5 6
4 4 5 7 1 5 2 11
2 3 7 5 3 3 8 7
1 2 4 6 3 0 6 4
1 3 7 6 1 4 6 8
5 5 8 7 2 2 5 5
5 5 9 8 4 0 8 5
0 2 5 6 5 4 11 5
1 3 3 8 2 5 7 8
1 3 5 7 0 1 5 4
2 1 4 6 4 3 5 8
3 3 8 8 4 2 10 4
3 1 7 6 5 3 9 4
2 3 7 8 1 3 7 5
1 3 5 4 4 3 5 9
3 0 7 2 1 3 4 5
2 4 3 9 3 3 4 7
5 2 9 6 3 1 7 6
5 5 7 9 3 0 4 5
0 0 5 1 4 1 5 2
3 2 4 4 1 1 2 3
5 4 10 10 3 0 5 4
4 2 9 7 4 0 8 4
0 1 4 7 0 2 1 6
2 4 4 10 0 2 6 7
3 3 9 6 5 2 7 5
3 1 5 2 5 5 6 10
5 0 10 2 5 1 10 5
2 4 4 10 4 3 8 5
2 5 8 10 4 3 5 7
4 5 6 11 5 2 11 7
0 2 5 4 0 0 6 2
4 5 5 8 3 0 4 2
3 5 7 11 3 3 7 6
4 3 9 5 5 4 10 10
0 3 3 4 4 1 5 6
2 4 6 10 3 4 7 5
4 4 7 8 4 0 8 1
2 0 8 3 2 1 6 3
0 1 3 2 3 0 7 3
1 2 3 8 3 2 9 5
5 4 6 7 3 4 5 7
2 1 3 6 5 3 9 6
0 1 3 2 1 3 3 4
3 1 8 6 4 2 8 4
2 5 5 9 2 1 7 4
5 1 10 7 4 3 8 9
5 3 9 4 2 3 5 4
2 4 3 8 2 3 6 7
3 4 5 10 3 4 6 10
1 4 6 7 5 0 6 6
2 0 6 4 5 1 6 3
1 0 3 6 3 0 8 5
2 0 4 3 3 1 9 2
0 5 3 11 5 0 8 2
1 4 4 8 0 1 5 3
0 3 5 4 2 5 5 11
5 3 11 7 5 1 8 5
4 5 6 7 1 4 5 9
1 2 5 7 1 1 2 4
5 4 8 10 4 3 7 8
5 1 9 3 5 0 6 6
0 4 1 7 5 1 10 2
5 1 10 4 5 0 8 3
2 0 8 6 4 3 7 8
2 0 8 3 5 1 7 4
1 3 3 8 5 1 8 3
1 1 7 6 1 4 6 8
1 4 6 5 5 0 10 5
3 1 6 7 3 5 9 7
0 4 2 5 3 0 8 3
2 0 6 2 0 3 3 6
3 5 8 8 3 5 7 7
1 4 7 6 0 2 3 4
5 4 7 7 5 0 6 2
4 1 6 7 5 2 11 6
1 1 7 7 0 3 1 4
0 3 4 4 3 2 4 8
3 1 4 5 0 5 1 6
5 5 10 7 5 4 7 9
2 3 6 6 2 0 7 5
2 5 5 11 5 2 6 4
5 0 7 3 3 3 6 5
5 4 10 6 5 5 6 8
0 2 6 8 4 5 5 6
0 5 4 11 3 2 9 4
1 2 5 7 0 0 2 2
2 4 5 10 0 4 1 9
0 1 3 4 5 3 8 8
4 2 6 8 5 3 9 6
1 4 7 7 2 5 6 6
1 5 3 8 5 2 9 4
2 3 5 4 2 3 7 9
4 5 9 6 1 0 3 6
5 1 6 3 2 0 5 4
4 1 9 2 3 3 8 7
0 2 6 3 5 3 11 6
3 1 9 6 1 1 3 4
1 3 3 5 2 4 3 6
2 0 7 2 4 5 8 9
2 4 4 10 4 2 6 8
5 4 9 6 0 3 3 7
5 0 10 2 2 5 5 9
4 3 9 8 5 0 10 3
3 4 5 5 1 3 7 4
5 4 6 6 5 5 8 6
3 1 9 4 5 4 7 5
0 5 6 9 4 2 9 6
4 1 8 6 0 1 3 4
5 2 11 6 3 2 8 4
3 1 6 6 4 1 5 7
2 5 7 11 4 0 8 2
4 4 8 6 2 5 5 10
1 0 6 1 1 1 2 4
4 5 6 10 3 1 5 2
2 5 6 7 4 5 6 9
3 3 8 4 3 1 5 4
1 5 5 9 3 4 7 7
3 4 4 5 0 1 4 4
3 1 9 3 5 3 9 4
5 2 10 8 0 1 5 3
0 4 2 9 3 2 6 7
2 5 7 7 3 2 4 6
5 3 6 4 5 0 6 5
2 0 5 1 1 3 3 6
0 3 4 4 2 4 4 6
2 2 7 8 0 5 2 9
3 4 4 10 2 4 5 7
0 3 6 4 4 3 9 7
3 3 9 4 5 4 8 7
3 0 8 4 1 5 4 8
5 0 8 3 4 3 7 6
5 4 8 7 5 2 7 4
0 0 3 4 1 0 3 1
4 2 9 8 2 5 3 11
4 2 8 6 2 0 5 3
3 5 5 6 3 0 6 2
1 5 2 10 5 3 6 4
1 2 2 4 0 2 3 4
2 1 4 6 4 3 7 8
2 3 4 5 1 1 7 4
2 1 6 4 3 5 9 8
5 0 10 5 5 3 9 9
0 1 4 7 3 0 6 6
3 3 6 7 0 2 3 8
3 3 7 8 5 4 11 7
5 2 8 8 0 0 6 4
4 4 7 10 4 3 10 4
2 2 8 7 1 0 5 5
5 1 11 5 0 2 5 7
1 3 4 4 3 0 6 4
1 3 2 5 4 1 6 6
5 2 8 7 3 5 9 6
2 2 3 6 4 4 8 7
4 0 9 6 2 2 6 8
3 2 8 3 0 3 3 7
2 0 5 5 5 0 10 4
1 3 7 5 0 0 3 5
1 4 4 6 3 5 4 11
1 5 7 10 1 4 4 10
5 1 6 7 5 1 8 3
4 0 10 5 1 4 4 6
1 1 6 2 5 1 10 2
2 0 3 1 2 1 8 5
1 4 7 9 3 4 8 6
4 4 9 9 4 2 8 7
5 2 8 5 0 4 6 7
0 3 3 8 2 1 3 4
4 3 7 6 2 3 6 9
3 1 6 3 5 5 11 8
1 0 7 4 2 1 6 5
3 3 9 7 5 4 6 7
0 5 6 9 0 1 4 2
5 0 8 1 1 4 2 6
2 2 6 6 4 1 6 6
1 0 5 5 4 0 6 2
0 3 1 6 4 2 8 7
4 8 30 15 29 22 46 40
25 8 54 37 11 25 15 47
7 23 12 45 8 24 21 33
16 2 35 22 24 9 44 22
6 22 26 44 11 10 18 11
22 6 24 33 3 3 29 21
21 12 30 20 29 19 30 44
10 27 18 30 25 21 54 47
22 14 38 16 0 7 16 14
20 0 46 23 26 20 42 41
16 14 32 41 4 20 29 40
22 27 37 31 10 22 28 33
10 12 20 35 5 6 20 8
21 28 33 42 13 23 25 33
7 23 14 42 25 15 55 33
7 28 20 57 10 15 33 28
8 8 11 31 6 28 17 37
6 1 20 22 1 2 18 7
9 14 36 20 29 23 45 24
28 25 35 46 0 7 20 20
9 18 24 39 16 18 24 23
27 8 33 38 26 16 51 41
13 15 20 29 5 29 31 59
22 0 29 4 8 12 25 29
28 12 44 13 28 0 40 19
28 7 31 24 23 11 29 24
14 23 34 26 20 9 23 20
18 10 47 30 7 21 11 46
7 22 20 37 11 13 21 15
11 2 20 32 13 1 38 12
9 13 16 43 17 25 44 46
19 20 49 45 14 23 40 38
2 14 20 20 9 24 22 27
27 7 46 14 27 3 52 12
19 3 30 6 15 16 19 26
17 21 32 30 5 18 9 22
13 19 34 26 19 20 20 44
21 20 29 49 1 18 6 45
19 29 25 31 12 9 42 28
7 18 32 26 2 16 31 41
3 10 8 26 12 21 13 35
23 4 32 20 5 24 18 47
5 7 30 13 13 18 30 21
1 3 17 21 7 4 9 5
7 11 26 33 14 18 18 21
7 23 24 33 18 24 47 26
12 21 40 24 3 1 32 28
4 24 17 34 6 0 36 8
23 26 49 53 12 19 41 46
25 21 45 42 10 12 14 18
2 2 32 13 27 6 28 8
24 22 38 29 11 12 15 38
13 6 30 31 16 12 44 21
14 14 26 27 5 8 29 28
6 12 34 34 4 14 27 41
29 5 31 9 0 28 6 54
8 21 29 34 28 24 52 26
11 2 13 31 13 5 43 33
27 10 50 35 26 6 36 29
24 8 28 25 29 17 45 44
3 10 12 40 10 0 37 5
5 19 30 36 18 21 24 29
26 20 51 22 14 8 33 25
25 20 37 24 25 7 36 23
17 2 25 20 9 11 21 32
24 20 33 44 5 22 9 52
21 2 23 4 16 18 38 30
15 6 29 25 12 22 38 51
22 18 25 24 11 2 19 13
13 11 25 23 10 5 11 27
27 19 39 40 11 10 23 25
20 11 40 30 26 28 38 36
15 23 34 37 7 23 22 35
19 8 33 9 27 4 45 31
4 3 5 27 24 1 33 3
24 14 39 40 23 13 25 22
5 2 22 3 25 20 51 26
10 7 37 37 2 20 19 37
0 25 5 26 26 29 40 36
19 15 48 42 2 9 23 28
28 1 35 10 13 23 20 42
21 29 43 32 22 15 38 16
23 3 26 24 18 2 46 18
22 19 41 42 3 24 8 42
21 15 25 31 12 23 15 38
10 6 39 19 10 3 22 30
11 4 17 6 18 11 43 22
8 21 30 51 27 5 38 8
2 0 31 8 20 1 45 5
29 5 55 27 11 15 12 43
15 6 34 34 20 14 23 21
9 29 13 45 6 3 10 26
2 13 8 28 4 27 30 48
14 29 29 41 2 1 20 22
4 0 21 26 13 29 38 49
23 17 32 32 24 26 44 39
7 6 34 32 20 2 38 29
21 6 50 33 20 23 33 24
10 28 17 51 18 4 31 33
23 9 25 23 0 7 6 28
14 0 43 1 6 11 9 40
28 15 33 35 18 12 41 42
20 15 31 39 20 2 24 23
5 22 33 33 19 16 38 24
16 12 18 36 25 26 41 32
4 11 10 25 27 10 36 12
9 8 25 32 1 24 27 36
5 13 18 23 13 22 42 26
8 7 32 30 1 18 22 36
22 29 43 47 25 25 32 27
25 6 52 19 23 15 51 43
28 25 33 51 7 16 23 17
29 16 33 30 2 16 25 32
16 22 26 30 22 1 49 12
18 16 41 23 5 16 27 21
0 11 25 29 21 12 27 38
0 1 9 4 9 21 25 35
22 5 30 20 8 16 34 46
24 6 28 27 16 2 23 30
26 6 48 18 24 5 30 29
17 17 35 41 21 23 37 26
29 17 34 45 24 29 35 56
14 16 36 31 27 27 36 30
3 24 25 34 16 3 40 30
8 28 17 44 9 8 30 25
20 22 21 46 25 27 37 50
9 25 17 40 8 11 25 40
4 11 32 20 1 5 23 10
20 6 41 21 25 12 44 23
10 4 16 8 20 6 43 12
7 8 36 18 18 23 34 47
22 13 41 19 18 5 46 20
29 16 33 24 13 25 32 30
23 10 32 37 26 2 56 24
26 0 34 15 20 12 43 36
27 16 30 22 12 0 27 13
14 19 36 43 6 12 12 20
13 2 37 29 12 25 16 27
16 19 36 33 20 6 24 29
6 2 25 20 4 22 6 31
5 9 19 17 25 22 49 35
4 26 31 47 6 9 11 38
29 20 41 47 25 7 32 32
4 7 23 15 1 12 15 35
9 23 33 47 4 23 12 24
28 0 29 28 28 6 39 17
15 19 36 44 0 29 14 30
26 26 36 51 18 29 33 49
25 11 35 30 27 3 39 18
14 7 30 25 22 1 24 11
1 3 5 8 9 29 19 53
18 27 45 44 15 25 42 44
16 1 25 12 6 7 35 10
23 3 37 30 23 8 30 31
16 24 18 42 1 21 15 45
10 2 22 22 6 14 23 34
14 18 43 46 29 24 54 54
15 19 23 30 4 6 32 27
19 10 27 22 20 22 28 44
20 8 22 26 18 6 24 16
12 23 31 49 12 26 31 27
0 6 2 24 12 28 38 47
21 6 22 21 5 2 30 20
20 28 36 41 10 27 24 52
16 17 46 31 21 0 26 16
0 17 3 39 4 20 8 33
8 24 28 47 17 16 30 43
28 20 50 28 27 8 44 24
29 2 47 15 18 3 46 28
15 28 28 56 5 2 32 3
2 12 17 22 22 18 32 21
18 5 42 14 29 15 59 16
19 4 42 16 19 11 44 18
13 13 31 27 13 26 21 34
27 4 29 19 16 16 39 30
10 2 11 17 8 2 34 7
28 14 33 31 22 4 37 31
12 14 16 33 5 1 14 6
16 24 35 41 22 14 43 36
22 6 29 7 6 21 26 24
236 159 243 409 136 235 352 355
270 20 583 372 82 105 186 288
68 262 370 386 357 8 704 263
243 68 450 418 85 335 413 426
36 247 239 264 101 177 264 469
249 169 280 373 86 323 331 606
115 103 246 412 251 120 405 152
201 340 312 365 67 358 415 443
178 351 293 514 337 150 416 206
186 334 296 423 186 195 274 460
35 173 366 421 130 109 462 426
38 299 354 465 328 68 520 329
196 293 415 576 295 288 410 539
74 104 422 251 171 332 415 550
186 280 302 342 68 44 348 132
316 151 317 448 330 66 448 360
30 25 233 248 185 8 446 148
288 78 426 265 168 47 329 132
24 234 188 323 239 40 473 136
126 275 413 402 12 347 154 454
192 91 238 111 78 141 190 212
209 352 355 470 53 277 106 553
35 8 305 269 42 71 90 160
8 84 51 196 197 288 216 624
359 276 607 376 25 224 367 420
81 91 295 168 309 299 403 651
193 30 249 382 166 7 219 98
303 73 436 319 149 195 500 313
33 304 49 354 349 33 675 302
176 83 421 193 262 86 392 326
291 258 433 546 27 167 43 385
248 160 514 166 180 19 218 374
189 201 386 340 198 261 235 551
157 338 464 385 4 283 255 387
296 282 389 501 115 75 138 114
206 169 212 401 165 71 203 402
128 185 153 436 272 258 440 269
245 193 424 228 313 0 666 74
51 133 261 484 100 124 171 372
50 280 390 468 35 150 180 207
42 234 215 540 51 334 190 509
195 62 394 195 261 343 351 687
121 225 182 259 124 40 327 198
348 248 557 409 292 108 580 462
80 228 247 533 351 63 649 170
129 20 302 308 206 38 564 105
330 175 585 277 187 220 213 299
274 186 549 395 203 202 552 411
180 263 535 574 239 53 502 369
19 99 260 410 334 3 633 197
56 33 125 371 213 31 530 285
359 124 458 468 284 22 374 190
145 306 399 318 149 179 240 216
351 91 377 280 132 91 466 444
177 253 309 281 40 178 59 520
221 19 536 326 238 112 375 320
114 262 458 268 339 182 592 475
209 277 369 507 34 148 117 377
48 129 187 404 145 219 193 522
287 343 457 504 94 230 148 483
179 40 268 177 101 192 423 305
314 348 655 525 217 165 429 434
322 296 417 537 195 152 249 171
197 296 304 444 119 112 264 451
265 116 380 124 72 17 221 58
91 234 277 324 173 13 487 309
182 79 429 84 81 267 255 464
249 54 480 65 211 162 276 260
70 82 404 141 6 104 38 352
116 104 347 387 336 150 430 470
229 97 511 242 248 137 467 414
336 294 369 415 222 10 518 254
187 286 221 453 2 346 213 580
236 349 378 576 276 159 487 443
168 85 366 225 142 343 363 650
266 130 504 269 339 255 603 485
331 144 682 412 251 145 373 333
209 79 396 295 356 242 596 361
228 108 300 135 110 130 304 406
34 271 199 311 35 336 47 395
233 88 276 380 31 109 265 347
153 259 432 518 39 189 96 537
252 53 598 351 191 66 438 237
151 349 473 620 215 1 560 279
194 7 248 34 288 58 536 193
173 83 270 102 132 218 252 566
69 323 143 391 175 263 343 401
329 83 410 388 40 25 295 327
208 110 341 158 104 64 353 322
162 234 360 582 155 324 405 679
255 315 480 460 345 222 409 349
149 261 423 326 286 106 319 381
83 134 375 406 149 36 489 44
287 235 419 451 349 53 515 89
34 318 183 438 86 114 224 383
244 97 372 139 153 270 228 472
11 239 191 374 177 346 401 399
52 299 192 386 346 96 358 247
125 123 248 436 208 332 372 498
142 204 322 536 313 41 655 262
301 317 390 387 69 315 249 478
355 161 634 319 54 211 106 388
31 170 341 486 37 50 142 269
60 8 210 147 102 345 422 685
100 8 333 367 228 223 471 243
343 76 437 155 220 192 565 251
43 225 83 375 166 188 317 384
201 291 523 482 208 273 439 362
273 81 295 227 130 60 405 104
135 142 478 243 260 293 603 321
16 45 330 265 228 196 554 296
231 91 569 144 200 214 521 561
297 207 603 275 107 100 242 302
346 354 351 630 318 17 499 191
330 149 441 229 210 312 570 574
119 165 447 225 35 168 235 319
145 312 269 337 24 183 218 292
268 108 457 187 115 107 261 287
12 313 318 503 272 273 424 489
57 265 161 488 278 282 464 394
21 1 178 86 338 87 571 344
102 216 105 394 99 349 337 631
329 259 362 392 246 29 418 128
61 86 109 144 290 118 636 462
128 91 274 432 329 276 518 464
198 142 548 478 303 208 309 444
244 132 291 253 311 135 466 449
176 86 470 250 308 233 441 585
138 289 323 552 229 11 363 126
153 306 254 534 112 29 272 99
37 16 125 275 183 325 186 357
168 13 485 287 142 130 462 215
281 123 586 438 215 3 532 7
307 25 422 154 319 207 451 339
93 116 346 422 243 298 426 628
46 121 128 393 0 253 79 460
241 121 419 286 143 72 206 238
240 347 600 662 98 303 163 619
248 286 438 616 107 155 413 211
328 70 601 406 145 11 463 12
299 228 359 231 44 115 50 370
141 97 242 132 170 345 406 676
312 11 368 304 301 0 337 214
183 33 298 115 177 8 313 304
188 211 231 564 251 73 472 74
6 184 333 321 3 228 92 394
18 237 151 287 193 36 229 191
197 198 226 279 313 326 341 564
79 319 300 495 60 50 241 362
87 136 349 183 260 89 287 151
124 149 338 486 337 66 680 187
328 177 455 252 222 154 269 494
94 119 387 194 84 286 318 452
16 45 168 86 160 153 162 164
30 179 242 238 83 10 328 41
60 271 277 302 75 144 326 406
113 226 243 586 303 234 334 441
318 137 631 266 142 251 418 470
21 326 149 470 358 122 365 435
80 48 277 128 33 43 175 345
245 28 346 72 265 226 371 384
14 224 239 541 196 100 486 298
51 157 267 415 96 132 197 371
177 151 343 365 122 170 345 469
272 57 492 144 332 87 441 383
66 134 424 311 318 166 558 190
145 330 373 597 215 125 504 171
18 227 349 431 256 12 422 263
308 278 596 423 157 109 512 143
146 185 277 348 168 209 205 308
310 223 484 402 108 23 332 321
309 213 484 250 120 44 282 283
91 185 115 352 188 239 271 564
131 285 355 365 40 48 298 87
90 175 138 274 20 106 126 286
323 127 608 180 330 112 576 331
228 12 571 105 185 86 340 418
51 11 269 114 200 123 542 297
77 254 117 318 270 233 349 258
147 67 255 70 286 70 615 352
