1000000000
999999999
987654321
876543210
765432109
654321098
543210987
432109876
321098765
210987654
109876543
100000000
99999999
98765432
87654321
76543210
10000000
9999999
1000000
999999
987654
456789
123456789
234567890
345678900
456789000
567890000
678900000
789000000
890000000
900000000
00377
00833
00327
00256
00395
00843
00189
00141
00471
00057
00976
00625
00640
00484
00397
00374
00644
00447
00853
00728
00077
00139
01073
00445
00665
00807
00451
00783
00847
00832
00202
00664
00942
00545
00405
00884
00506
00521
00512
00090
00232
00432
00295
00898
00270
01031
00620
00294
00655
00117
00791
00263
00527
00081
00514
00897
00037
00749
00711
00869
00926
00321
00580
00307
00436
00743
00883
00410
00135
00143
00501
00027
00889
00152
01047
00797
00938
00861
00970
00720
00904
01070
00419
00693
01042
00157
00930
01040
00566
00537
00775
00246
01035
00203
00918
00564
00850
00396
00541
00852
00958
00400
00482
00186
00890
00140
00061
00703
00690
00943
00529
01069
00652
00068
00535
00896
00150
00148
00315
00998
00414
00291
00812
01078
00587
00533
00169
00208
00449
00851
00504
00837
00960
00123
01030
00488
00638
00269
00362
00964
00508
00431
00903
00207
01046
00224
01014
00016
00915
00963
00745
00814
00578
00266
00076
00335
00787
00736
00258
00752
00490
00719
00012
00579
00878
00332
00062
00071
01020
00042
00525
00941
00600
00860
00392
00192
00051
00124
00102
01013
00218
00323
00662
00966
00813
00923
00073
00575
00765
00530
00574
00386
00301
00608
00005
00469
00402
00983
00047
01017
00569
01026
01067
00334
00280
00038
00437
00626
00609
00985
00053
00183
00991
00313
00264
00871
00710
00296
00109
00820
00441
00179
00403
00821
00953
00129
00230
01022
00892
00092
00496
00136
00770
00507
00755
00274
00827
00156
00003
00753
00096
00370
00343
00360
00559
00695
00072
00502
00760
00476
00160
00838
00254
00015
01009
00013
00138
00895
01080
00033
00800
00907
00198
00768
00069
00707
00560
00424
00829
01038
00613
00673
00325
00466
00870
00610
00647
00310
00952
00937
00599
00048
01071
00242
00996
00237
01004
00826
00956
00180
00697
00547
00792
00536
00751
00453
00340
00383
00777
00920
00120
00103
00916
00247
00478
00517
00684
01061
00823
00125
00766
00577
00243
00670
00430
00104
01011
00032
00505
00159
00682
00654
01027
00035
00576
00366
00292
00085
00371
00678
00842
00867
00653
00859
01059
01043
00333
00542
00008
01065
00677
00004
00046
00472
00079
01034
00049
00534
00606
00391
00248
00406
00982
00481
00614
00679
00836
00817
00539
00617
00804
00988
00925
00375
00583
00994
00957
00352
00573
00415
00127
00372
00194
00581
00733
00650
01063
00105
00657
00030
00272
00298
00193
00349
00376
00556
00115
00524
00456
00093
00696
00782
00084
00480
00801
01021
00017
00220
00276
00261
00805
00929
00181
00164
00361
00928
00500
00347
00932
00763
00965
00623
00075
00029
01037
00429
01052
00815
00646
00187
00723
00039
00434
00086
00882
00132
00790
00493
00635
00344
00040
00561
00714
00912
00255
00228
00681
00314
01055
00503
00546
00886
01072
00705
00955
00190
00737
00772
00515
00875
00959
00939
00962
00780
00384
00981
00250
00184
00756
00454
00459
01057
00354
00257
00619
00461
00101
00457
00433
00549
00828
00658
00590
00950
00668
01041
00358
00394
00543
00954
00973
00058
00446
00518
00902
00052
00551
01045
00289
00759
00572
00155
00830
00659
00170
00557
00173
00226
01018
00091
00363
00011
00485
00235
01054
00018
00209
00458
00784
00841
01001
00249
01044
01033
00731
00497
00683
00676
00495
00275
00597
00324
00796
00774
00455
00147
00312
00513
00210
00776
00633
00420
00463
00949
00060
00306
00201
00318
00730
00214
00563
00302
00718
00056
00901
00002
00176
00369
00761
00460
00660
00552
00742
00702
00305
00006
00622
00716
00467
00050
00793
00972
00281
00910
00311
00425
00219
00532
00845
00746
00284
00769
00099
00067
00839
00880
00080
00738
00692
00491
00059
00014
00338
00607
00891
00297
00639
00778
00729
00586
00368
00149
00309
00133
00715
00526
00268
01010
00585
01066
00118
00336
00641
00119
00204
00757
00389
00615
00262
00948
00900
00267
00917
01068
00357
00630
00121
00824
00212
00146
00448
00222
00174
00021
00300
00045
00848
00065
00083
00520
00651
00663
01028
00108
00316
00499
00492
01023
00947
01029
00558
00387
00726
00245
00785
00727
01015
00568
00905
00992
00809
00913
00385
00279
00565
00019
00675
00601
00010
00137
00299
00712
00413
00007
00764
00253
01062
00562
00348
00591
00470
00649
00252
00398
01007
01064
00373
00337
00914
00818
00031
00519
00906
00342
00924
00951
00802
00479
00041
00427
00672
00863
00767
00095
00594
00648
00381
00567
00993
00865
00940
00935
00175
00919
00367
01079
00666
00089
00171
00704
00283
00399
00840
00168
00304
00379
00188
00359
00819
00388
00417
00699
00477
00822
00273
00166
00999
00094
00128
00887
00978
00078
00320
00223
00734
00054
00732
00571
00113
01032
01012
00621
00750
00199
00474
00624
00911
00934
00570
00126
00142
00849
00165
00856
00550
00645
00331
01077
00074
00088
00689
00440
00260
00979
00439
00009
00380
00487
01005
00908
00510
00661
00700
01076
00879
01024
00589
00428
00627
00328
00997
00231
00584
00197
00945
00846
00421
00116
00789
00893
00026
00213
00758
00974
00931
00835
00740
00106
00287
00097
00346
00798
00980
00921
00442
00968
00554
00516
00217
00350
00411
00717
00329
00773
00163
00509
00144
00216
00416
00596
00975
00616
00795
00211
00271
00598
00020
00401
00961
00523
00612
00989
00158
00854
00687
00240
00464
00153
00365
00680
00694
00063
00969
00603
00762
01048
00605
00888
00251
00185
00319
00855
00494
00462
00423
00178
01002
00885
00022
00182
00629
00418
00070
00407
00862
00353
00177
00145
00788
00277
00473
00234
00724
00364
01074
00636
00528
00656
00754
00191
00634
00285
00087
00452
00825
00944
00345
00206
00873
00544
00806
00036
00685
00857
00987
00025
00236
00799
00498
00438
00322
01036
00744
00990
00055
00098
00643
00667
00443
00082
00538
00701
00111
00722
00642
00134
00698
00486
00735
00688
00151
00779
01060
00028
00868
00382
00709
00200
00122
00713
00881
00293
00282
01049
00330
00781
00286
00034
00468
00154
00936
00602
00611
00195
00844
00725
00748
00100
00355
00110
00326
00422
00408
00215
00317
00341
01053
00894
00131
00631
00259
01050
00412
00288
01003
00409
00977
01016
00465
00205
00986
00864
00593
01008
00390
00721
00946
00909
00816
00522
00378
00426
00971
00618
00877
01056
00811
00112
00706
00265
00876
00339
01051
00874
00351
00444
00225
00632
00872
00604
00393
00555
00588
00582
01006
00238
00531
00167
00114
00927
00995
01000
00686
01075
00834
00244
00044
00708
00227
00001
00064
00595
00553
00450
00024
00241
00043
00831
00435
00747
00066
00483
00794
00637
00172
00771
00739
00592
00511
00741
00107
00290
01019
00967
00404
00984
00808
01025
00786
00691
00356
00866
00308
00669
00161
00221
00899
00489
00922
00858
00810
01058
00196
00229
00475
00239
00540
00674
00933
00671
00130
00278
00628
00803
00023
00162
00548
01039
00233
00303
123456789
234567890
345678900
456789000
567890000
678900000
789000000
890000000
900000000
456789
987654
999999
1000000
9999999
10000000
76543210
87654321
98765432
99999999
100000000
109876543
210987654
321098765
432109876
543210987
654321098
765432109
876543210
987654321
999999999
1000000000
999999000
999999001
999999002
999999003
999999004
999999005
999999006
999999007
999999008
999999009
999999010
999999011
999999012
999999013
999999014
999999015
999999016
999999017
999999018
999999019
999999020
999999021
999999022
999999023
999999024
999999025
999999026
999999027
999999028
999999029
999999030
999999031
999999032
999999033
999999034
999999035
999999036
999999037
999999038
999999039
999999040
999999041
999999042
999999043
999999044
999999045
999999046
999999047
999999048
999999049
999999050
999999051
999999052
999999053
999999054
999999055
999999056
999999057
999999058
999999059
999999060
999999061
999999062
999999063
999999064
999999065
999999066
999999067
999999068
999999069
999999070
999999071
999999072
999999073
999999074
999999075
999999076
999999077
999999078
999999079
999999080
999999081
999999082
999999083
999999084
999999085
999999086
999999087
999999088
999999089
999999090
999999091
999999092
999999093
999999094
999999095
999999096
999999097
999999098
999999099
999999100
999999101
999999102
999999103
999999104
999999105
999999106
999999107
999999108
999999109
999999110
999999111
999999112
999999113
999999114
999999115
999999116
999999117
999999118
999999119
999999120
999999121
999999122
999999123
999999124
999999125
999999126
999999127
999999128
999999129
999999130
999999131
999999132
999999133
999999134
999999135
999999136
999999137
999999138
999999139
999999140
999999141
999999142
999999143
999999144
999999145
999999146
999999147
999999148
999999149
999999150
999999151
999999152
999999153
999999154
999999155
999999156
999999157
999999158
999999159
999999160
999999161
999999162
999999163
999999164
999999165
999999166
999999167
999999168
999999169
999999170
999999171
999999172
999999173
999999174
999999175
999999176
999999177
999999178
999999179
999999180
999999181
999999182
999999183
999999184
999999185
999999186
999999187
999999188
999999189
999999190
999999191
999999192
999999193
999999194
999999195
999999196
999999197
999999198
999999199
999999200
999999201
999999202
999999203
999999204
999999205
999999206
999999207
999999208
999999209
999999210
999999211
999999212
999999213
999999214
999999215
999999216
999999217
999999218
999999219
999999220
999999221
999999222
999999223
999999224
999999225
999999226
999999227
999999228
999999229
999999230
999999231
999999232
999999233
999999234
999999235
999999236
999999237
999999238
999999239
999999240
999999241
999999242
999999243
999999244
999999245
999999246
999999247
999999248
999999249
999999250
999999251
999999252
999999253
999999254
999999255
999999256
999999257
999999258
999999259
999999260
999999261
999999262
999999263
999999264
999999265
999999266
999999267
999999268
999999269
999999270
999999271
999999272
999999273
999999274
999999275
999999276
999999277
999999278
999999279
999999280
999999281
999999282
999999283
999999284
999999285
999999286
999999287
999999288
999999289
999999290
999999291
999999292
999999293
999999294
999999295
999999296
999999297
999999298
999999299
999999300
999999301
999999302
999999303
999999304
999999305
999999306
999999307
999999308
999999309
999999310
999999311
999999312
999999313
999999314
999999315
999999316
999999317
999999318
999999319
999999320
999999321
999999322
999999323
999999324
999999325
999999326
999999327
999999328
999999329
999999330
999999331
999999332
999999333
999999334
999999335
999999336
999999337
999999338
999999339
999999340
999999341
999999342
999999343
999999344
999999345
999999346
999999347
999999348
999999349
999999350
999999351
999999352
999999353
999999354
999999355
999999356
999999357
999999358
999999359
999999360
999999361
999999362
999999363
999999364
999999365
999999366
999999367
999999368
999999369
999999370
999999371
999999372
999999373
999999374
999999375
999999376
999999377
999999378
999999379
999999380
999999381
999999382
999999383
999999384
999999385
999999386
999999387
999999388
999999389
999999390
999999391
999999392
999999393
999999394
999999395
999999396
999999397
999999398
999999399
999999400
999999401
999999402
999999403
999999404
999999405
999999406
999999407
999999408
999999409
999999410
999999411
999999412
999999413
999999414
999999415
999999416
999999417
999999418
999999419
999999420
999999421
999999422
999999423
999999424
999999425
999999426
999999427
999999428
999999429
999999430
999999431
999999432
999999433
999999434
999999435
999999436
999999437
999999438
999999439
999999440
999999441
999999442
999999443
999999444
999999445
999999446
999999447
999999448
999999449
999999450
999999451
999999452
999999453
999999454
999999455
999999456
999999457
999999458
999999459
999999460
999999461
999999462
999999463
999999464
999999465
999999466
999999467
999999468
999999469
999999470
999999471
999999472
999999473
999999474
999999475
999999476
999999477
999999478
999999479
999999480
999999481
999999482
999999483
999999484
999999485
999999486
999999487
999999488
999999489
999999490
999999491
999999492
999999493
999999494
999999495
999999496
999999497
999999498
999999499
999999500
999999501
999999502
999999503
999999504
999999505
999999506
999999507
999999508
999999509
999999510
999999511
999999512
999999513
999999514
999999515
999999516
999999517
999999518
999999519
999999520
999999521
999999522
999999523
999999524
999999525
999999526
999999527
999999528
999999529
999999530
999999531
999999532
999999533
999999534
999999535
999999536
999999537
999999538
999999539
999999540
999999541
999999542
999999543
999999544
999999545
999999546
999999547
999999548
999999549
999999550
999999551
999999552
999999553
999999554
999999555
999999556
999999557
999999558
999999559
999999560
999999561
999999562
999999563
999999564
999999565
999999566
999999567
999999568
999999569
999999570
999999571
999999572
999999573
999999574
999999575
999999576
999999577
999999578
999999579
999999580
999999581
999999582
999999583
999999584
999999585
999999586
999999587
999999588
999999589
999999590
999999591
999999592
999999593
999999594
999999595
999999596
999999597
999999598
999999599
999999600
999999601
999999602
999999603
999999604
999999605
999999606
999999607
999999608
999999609
999999610
999999611
999999612
999999613
999999614
999999615
999999616
999999617
999999618
999999619
999999620
999999621
999999622
999999623
999999624
999999625
999999626
999999627
999999628
999999629
999999630
999999631
999999632
999999633
999999634
999999635
999999636
999999637
999999638
999999639
999999640
999999641
999999642
999999643
999999644
999999645
999999646
999999647
999999648
999999649
999999650
999999651
999999652
999999653
999999654
999999655
999999656
999999657
999999658
999999659
999999660
999999661
999999662
999999663
999999664
999999665
999999666
999999667
999999668
999999669
999999670
999999671
999999672
999999673
999999674
999999675
999999676
999999677
999999678
999999679
999999680
999999681
999999682
999999683
999999684
999999685
999999686
999999687
999999688
999999689
999999690
999999691
999999692
999999693
999999694
999999695
999999696
999999697
999999698
999999699
999999700
999999701
999999702
999999703
999999704
999999705
999999706
999999707
999999708
999999709
999999710
999999711
999999712
999999713
999999714
999999715
999999716
999999717
999999718
999999719
999999720
999999721
999999722
999999723
999999724
999999725
999999726
999999727
999999728
999999729
999999730
999999731
999999732
999999733
999999734
999999735
999999736
999999737
999999738
999999739
999999740
999999741
999999742
999999743
999999744
999999745
999999746
999999747
999999748
999999749
999999750
999999751
999999752
999999753
999999754
999999755
999999756
999999757
999999758
999999759
999999760
999999761
999999762
999999763
999999764
999999765
999999766
999999767
999999768
999999769
999999770
999999771
999999772
999999773
999999774
999999775
999999776
999999777
999999778
999999779
999999780
999999781
999999782
999999783
999999784
999999785
999999786
999999787
999999788
999999789
999999790
999999791
999999792
999999793
999999794
999999795
999999796
999999797
999999798
999999799
999999800
999999801
999999802
999999803
999999804
999999805
999999806
999999807
999999808
999999809
999999810
999999811
999999812
999999813
999999814
999999815
999999816
999999817
999999818
999999819
999999820
999999821
999999822
999999823
999999824
999999825
999999826
999999827
999999828
999999829
999999830
999999831
999999832
999999833
999999834
999999835
999999836
999999837
999999838
999999839
999999840
999999841
999999842
999999843
999999844
999999845
999999846
999999847
999999848
999999849
999999850
999999851
999999852
999999853
999999854
999999855
999999856
999999857
999999858
999999859
999999860
999999861
999999862
999999863
999999864
999999865
999999866
999999867
999999868
999999869
999999870
999999871
999999872
999999873
999999874
999999875
999999876
999999877
999999878
999999879
999999880
999999881
999999882
999999883
999999884
999999885
999999886
999999887
999999888
999999889
999999890
999999891
999999892
999999893
999999894
999999895
999999896
999999897
999999898
999999899
999999900
999999901
999999902
999999903
999999904
999999905
999999906
999999907
999999908
999999909
999999910
999999911
999999912
999999913
999999914
999999915
999999916
999999917
999999918
999999919
999999920
999999921
999999922
999999923
999999924
999999925
999999926
999999927
999999928
999999929
999999930
999999931
999999932
999999933
999999934
999999935
999999936
999999937
999999938
999999939
999999940
999999941
999999942
999999943
999999944
999999945
999999946
999999947
999999948
999999949
999999950
999999951
999999952
999999953
999999954
999999955
999999956
999999957
999999958
999999959
999999960
999999961
999999962
999999963
999999964
999999965
999999966
999999967
999999968
999999969
999999970
999999971
999999972
999999973
999999974
999999975
999999976
999999977
999999978
999999979
999999980
999999981
999999982
999999983
999999984
999999985
999999986
999999987
999999988
999999989
999999990
999999991
999999992
999999993
999999994
999999995
999999996
999999997
999999998
999999999
1000000000
