1 2 2
10 2 2
11 2 2
100 2 2
101 2 2
110 2 2
111 2 2
1000 2 2
1001 2 2
1010 2 2
1011 2 2
1100 2 2
1101 2 2
1110 2 2
1111 2 2
10000 2 2
10001 2 2
10010 2 2
10011 2 2
10100 2 2
10101 2 2
10110 2 2
10111 2 2
11000 2 2
11001 2 2
11010 2 2
11011 2 2
11100 2 2
11101 2 2
11110 2 2
11111 2 2
100000 2 2
100001 2 2
100010 2 2
100011 2 2
100100 2 2
100101 2 2
100110 2 2
100111 2 2
101000 2 2
101001 2 2
101010 2 2
101011 2 2
101100 2 2
101101 2 2
101110 2 2
101111 2 2
110000 2 2
110001 2 2
110010 2 2
110011 2 2
110100 2 2
110101 2 2
110110 2 2
110111 2 2
111000 2 2
111001 2 2
111010 2 2
111011 2 2
111100 2 2
1 2 3
10 2 3
11 2 3
100 2 3
101 2 3
110 2 3
111 2 3
1000 2 3
1001 2 3
1010 2 3
1011 2 3
1100 2 3
1101 2 3
1110 2 3
1111 2 3
10000 2 3
10001 2 3
10010 2 3
10011 2 3
10100 2 3
10101 2 3
10110 2 3
10111 2 3
11000 2 3
11001 2 3
11010 2 3
11011 2 3
11100 2 3
11101 2 3
11110 2 3
11111 2 3
100000 2 3
100001 2 3
100010 2 3
100011 2 3
100100 2 3
100101 2 3
100110 2 3
100111 2 3
101000 2 3
101001 2 3
101010 2 3
101011 2 3
101100 2 3
101101 2 3
101110 2 3
101111 2 3
110000 2 3
110001 2 3
110010 2 3
110011 2 3
110100 2 3
110101 2 3
110110 2 3
110111 2 3
111000 2 3
111001 2 3
111010 2 3
111011 2 3
111100 2 3
1 2 6
10 2 6
11 2 6
100 2 6
101 2 6
110 2 6
111 2 6
1000 2 6
1001 2 6
1010 2 6
1011 2 6
1100 2 6
1101 2 6
1110 2 6
1111 2 6
10000 2 6
10001 2 6
10010 2 6
10011 2 6
10100 2 6
10101 2 6
10110 2 6
10111 2 6
11000 2 6
11001 2 6
11010 2 6
11011 2 6
11100 2 6
11101 2 6
11110 2 6
11111 2 6
100000 2 6
100001 2 6
100010 2 6
100011 2 6
100100 2 6
100101 2 6
100110 2 6
100111 2 6
101000 2 6
101001 2 6
101010 2 6
101011 2 6
101100 2 6
101101 2 6
101110 2 6
101111 2 6
110000 2 6
110001 2 6
110010 2 6
110011 2 6
110100 2 6
110101 2 6
110110 2 6
110111 2 6
111000 2 6
111001 2 6
111010 2 6
111011 2 6
111100 2 6
1 2 12
10 2 12
11 2 12
100 2 12
101 2 12
110 2 12
111 2 12
1000 2 12
1001 2 12
1010 2 12
1011 2 12
1100 2 12
1101 2 12
1110 2 12
1111 2 12
10000 2 12
10001 2 12
10010 2 12
10011 2 12
10100 2 12
10101 2 12
10110 2 12
10111 2 12
11000 2 12
11001 2 12
11010 2 12
11011 2 12
11100 2 12
11101 2 12
11110 2 12
11111 2 12
100000 2 12
100001 2 12
100010 2 12
100011 2 12
100100 2 12
100101 2 12
100110 2 12
100111 2 12
101000 2 12
101001 2 12
101010 2 12
101011 2 12
101100 2 12
101101 2 12
101110 2 12
101111 2 12
110000 2 12
110001 2 12
110010 2 12
110011 2 12
110100 2 12
110101 2 12
110110 2 12
110111 2 12
111000 2 12
111001 2 12
111010 2 12
111011 2 12
111100 2 12
1 3 2
2 3 2
10 3 2
11 3 2
12 3 2
20 3 2
21 3 2
22 3 2
100 3 2
101 3 2
102 3 2
110 3 2
111 3 2
112 3 2
120 3 2
121 3 2
122 3 2
200 3 2
201 3 2
202 3 2
210 3 2
211 3 2
212 3 2
220 3 2
221 3 2
222 3 2
1000 3 2
1001 3 2
1002 3 2
1010 3 2
1011 3 2
1012 3 2
1020 3 2
1021 3 2
1022 3 2
1100 3 2
1101 3 2
1102 3 2
1110 3 2
1111 3 2
1112 3 2
1120 3 2
1121 3 2
1122 3 2
1200 3 2
1201 3 2
1202 3 2
1210 3 2
1211 3 2
1212 3 2
1220 3 2
1221 3 2
1222 3 2
2000 3 2
2001 3 2
2002 3 2
2010 3 2
2011 3 2
2012 3 2
2020 3 2
1 3 3
2 3 3
10 3 3
11 3 3
12 3 3
20 3 3
21 3 3
22 3 3
100 3 3
101 3 3
102 3 3
110 3 3
111 3 3
112 3 3
120 3 3
121 3 3
122 3 3
200 3 3
201 3 3
202 3 3
210 3 3
211 3 3
212 3 3
220 3 3
221 3 3
222 3 3
1000 3 3
1001 3 3
1002 3 3
1010 3 3
1011 3 3
1012 3 3
1020 3 3
1021 3 3
1022 3 3
1100 3 3
1101 3 3
1102 3 3
1110 3 3
1111 3 3
1112 3 3
1120 3 3
1121 3 3
1122 3 3
1200 3 3
1201 3 3
1202 3 3
1210 3 3
1211 3 3
1212 3 3
1220 3 3
1221 3 3
1222 3 3
2000 3 3
2001 3 3
2002 3 3
2010 3 3
2011 3 3
2012 3 3
2020 3 3
1 3 6
2 3 6
10 3 6
11 3 6
12 3 6
20 3 6
21 3 6
22 3 6
100 3 6
101 3 6
102 3 6
110 3 6
111 3 6
112 3 6
120 3 6
121 3 6
122 3 6
200 3 6
201 3 6
202 3 6
210 3 6
211 3 6
212 3 6
220 3 6
221 3 6
222 3 6
1000 3 6
1001 3 6
1002 3 6
1010 3 6
1011 3 6
1012 3 6
1020 3 6
1021 3 6
1022 3 6
1100 3 6
1101 3 6
1102 3 6
1110 3 6
1111 3 6
1112 3 6
1120 3 6
1121 3 6
1122 3 6
1200 3 6
1201 3 6
1202 3 6
1210 3 6
1211 3 6
1212 3 6
1220 3 6
1221 3 6
1222 3 6
2000 3 6
2001 3 6
2002 3 6
2010 3 6
2011 3 6
2012 3 6
2020 3 6
1 3 12
2 3 12
10 3 12
11 3 12
12 3 12
20 3 12
21 3 12
22 3 12
100 3 12
101 3 12
102 3 12
110 3 12
111 3 12
112 3 12
120 3 12
121 3 12
122 3 12
200 3 12
201 3 12
202 3 12
210 3 12
211 3 12
212 3 12
220 3 12
221 3 12
222 3 12
1000 3 12
1001 3 12
1002 3 12
1010 3 12
1011 3 12
1012 3 12
1020 3 12
1021 3 12
1022 3 12
1100 3 12
1101 3 12
1102 3 12
1110 3 12
1111 3 12
1112 3 12
1120 3 12
1121 3 12
1122 3 12
1200 3 12
1201 3 12
1202 3 12
1210 3 12
1211 3 12
1212 3 12
1220 3 12
1221 3 12
1222 3 12
2000 3 12
2001 3 12
2002 3 12
2010 3 12
2011 3 12
2012 3 12
2020 3 12
1 6 2
2 6 2
3 6 2
4 6 2
5 6 2
10 6 2
11 6 2
12 6 2
13 6 2
14 6 2
15 6 2
20 6 2
21 6 2
22 6 2
23 6 2
24 6 2
25 6 2
30 6 2
31 6 2
32 6 2
33 6 2
34 6 2
35 6 2
40 6 2
41 6 2
42 6 2
43 6 2
44 6 2
45 6 2
50 6 2
51 6 2
52 6 2
53 6 2
54 6 2
55 6 2
100 6 2
101 6 2
102 6 2
103 6 2
104 6 2
105 6 2
110 6 2
111 6 2
112 6 2
113 6 2
114 6 2
115 6 2
120 6 2
121 6 2
122 6 2
123 6 2
124 6 2
125 6 2
130 6 2
131 6 2
132 6 2
133 6 2
134 6 2
135 6 2
140 6 2
1 6 3
2 6 3
3 6 3
4 6 3
5 6 3
10 6 3
11 6 3
12 6 3
13 6 3
14 6 3
15 6 3
20 6 3
21 6 3
22 6 3
23 6 3
24 6 3
25 6 3
30 6 3
31 6 3
32 6 3
33 6 3
34 6 3
35 6 3
40 6 3
41 6 3
42 6 3
43 6 3
44 6 3
45 6 3
50 6 3
51 6 3
52 6 3
53 6 3
54 6 3
55 6 3
100 6 3
101 6 3
102 6 3
103 6 3
104 6 3
105 6 3
110 6 3
111 6 3
112 6 3
113 6 3
114 6 3
115 6 3
120 6 3
121 6 3
122 6 3
123 6 3
124 6 3
125 6 3
130 6 3
131 6 3
132 6 3
133 6 3
134 6 3
135 6 3
140 6 3
1 6 6
2 6 6
3 6 6
4 6 6
5 6 6
10 6 6
11 6 6
12 6 6
13 6 6
14 6 6
15 6 6
20 6 6
21 6 6
22 6 6
23 6 6
24 6 6
25 6 6
30 6 6
31 6 6
32 6 6
33 6 6
34 6 6
35 6 6
40 6 6
41 6 6
42 6 6
43 6 6
44 6 6
45 6 6
50 6 6
51 6 6
52 6 6
53 6 6
54 6 6
55 6 6
100 6 6
101 6 6
102 6 6
103 6 6
104 6 6
105 6 6
110 6 6
111 6 6
112 6 6
113 6 6
114 6 6
115 6 6
120 6 6
121 6 6
122 6 6
123 6 6
124 6 6
125 6 6
130 6 6
131 6 6
132 6 6
133 6 6
134 6 6
135 6 6
140 6 6
1 6 12
2 6 12
3 6 12
4 6 12
5 6 12
10 6 12
11 6 12
12 6 12
13 6 12
14 6 12
15 6 12
20 6 12
21 6 12
22 6 12
23 6 12
24 6 12
25 6 12
30 6 12
31 6 12
32 6 12
33 6 12
34 6 12
35 6 12
40 6 12
41 6 12
42 6 12
43 6 12
44 6 12
45 6 12
50 6 12
51 6 12
52 6 12
53 6 12
54 6 12
55 6 12
100 6 12
101 6 12
102 6 12
103 6 12
104 6 12
105 6 12
110 6 12
111 6 12
112 6 12
113 6 12
114 6 12
115 6 12
120 6 12
121 6 12
122 6 12
123 6 12
124 6 12
125 6 12
130 6 12
131 6 12
132 6 12
133 6 12
134 6 12
135 6 12
140 6 12
1 12 2
2 12 2
3 12 2
4 12 2
5 12 2
6 12 2
7 12 2
8 12 2
9 12 2
a 12 2
b 12 2
10 12 2
11 12 2
12 12 2
13 12 2
14 12 2
15 12 2
16 12 2
17 12 2
18 12 2
19 12 2
1a 12 2
1b 12 2
20 12 2
21 12 2
22 12 2
23 12 2
24 12 2
25 12 2
26 12 2
27 12 2
28 12 2
29 12 2
2a 12 2
2b 12 2
30 12 2
31 12 2
32 12 2
33 12 2
34 12 2
35 12 2
36 12 2
37 12 2
38 12 2
39 12 2
3a 12 2
3b 12 2
40 12 2
41 12 2
42 12 2
43 12 2
44 12 2
45 12 2
46 12 2
47 12 2
48 12 2
49 12 2
4a 12 2
4b 12 2
50 12 2
1 12 3
2 12 3
3 12 3
4 12 3
5 12 3
6 12 3
7 12 3
8 12 3
9 12 3
a 12 3
b 12 3
10 12 3
11 12 3
12 12 3
13 12 3
14 12 3
15 12 3
16 12 3
17 12 3
18 12 3
19 12 3
1a 12 3
1b 12 3
20 12 3
21 12 3
22 12 3
23 12 3
24 12 3
25 12 3
26 12 3
27 12 3
28 12 3
29 12 3
2a 12 3
2b 12 3
30 12 3
31 12 3
32 12 3
33 12 3
34 12 3
35 12 3
36 12 3
37 12 3
38 12 3
39 12 3
3a 12 3
3b 12 3
40 12 3
41 12 3
42 12 3
43 12 3
44 12 3
45 12 3
46 12 3
47 12 3
48 12 3
49 12 3
4a 12 3
4b 12 3
50 12 3
1 12 6
2 12 6
3 12 6
4 12 6
5 12 6
6 12 6
7 12 6
8 12 6
9 12 6
a 12 6
b 12 6
10 12 6
11 12 6
12 12 6
13 12 6
14 12 6
15 12 6
16 12 6
17 12 6
18 12 6
19 12 6
1a 12 6
1b 12 6
20 12 6
21 12 6
22 12 6
23 12 6
24 12 6
25 12 6
26 12 6
27 12 6
28 12 6
29 12 6
2a 12 6
2b 12 6
30 12 6
31 12 6
32 12 6
33 12 6
34 12 6
35 12 6
36 12 6
37 12 6
38 12 6
39 12 6
3a 12 6
3b 12 6
40 12 6
41 12 6
42 12 6
43 12 6
44 12 6
45 12 6
46 12 6
47 12 6
48 12 6
49 12 6
4a 12 6
4b 12 6
50 12 6
1 12 12
2 12 12
3 12 12
4 12 12
5 12 12
6 12 12
7 12 12
8 12 12
9 12 12
a 12 12
b 12 12
10 12 12
11 12 12
12 12 12
13 12 12
14 12 12
15 12 12
16 12 12
17 12 12
18 12 12
19 12 12
1a 12 12
1b 12 12
20 12 12
21 12 12
22 12 12
23 12 12
24 12 12
25 12 12
26 12 12
27 12 12
28 12 12
29 12 12
2a 12 12
2b 12 12
30 12 12
31 12 12
32 12 12
33 12 12
34 12 12
35 12 12
36 12 12
37 12 12
38 12 12
39 12 12
3a 12 12
3b 12 12
40 12 12
41 12 12
42 12 12
43 12 12
44 12 12
45 12 12
46 12 12
47 12 12
48 12 12
49 12 12
4a 12 12
4b 12 12
50 12 12
