1
10
11
100
101
110
111
1000
1001
1010
1011
1100
1101
1110
1111
10000
10001
10010
10011
10100
10101
10110
10111
11000
11001
11010
11011
11100
11101
11110
11111
100000
100001
100010
100011
100100
100101
100110
100111
101000
101001
101010
101011
101100
101101
101110
101111
110000
110001
110010
110011
110100
110101
110110
110111
111000
111001
111010
111011
111100
1
2
10
11
12
20
21
22
100
101
102
110
111
112
120
121
122
200
201
202
210
211
212
220
221
222
1000
1001
1002
1010
1011
1012
1020
1021
1022
1100
1101
1102
1110
1111
1112
1120
1121
1122
1200
1201
1202
1210
1211
1212
1220
1221
1222
2000
2001
2002
2010
2011
2012
2020
1
2
3
4
5
10
11
12
13
14
15
20
21
22
23
24
25
30
31
32
33
34
35
40
41
42
43
44
45
50
51
52
53
54
55
100
101
102
103
104
105
110
111
112
113
114
115
120
121
122
123
124
125
130
131
132
133
134
135
140
1
2
3
4
5
6
7
8
9
a
b
10
11
12
13
14
15
16
17
18
19
1a
1b
20
21
22
23
24
25
26
27
28
29
2a
2b
30
31
32
33
34
35
36
37
38
39
3a
3b
40
41
42
43
44
45
46
47
48
49
4a
4b
50
1
10
11
100
101
110
111
1000
1001
1010
1011
1100
1101
1110
1111
10000
10001
10010
10011
10100
10101
10110
10111
11000
11001
11010
11011
11100
11101
11110
11111
100000
100001
100010
100011
100100
100101
100110
100111
101000
101001
101010
101011
101100
101101
101110
101111
110000
110001
110010
110011
110100
110101
110110
110111
111000
111001
111010
111011
111100
1
2
10
11
12
20
21
22
100
101
102
110
111
112
120
121
122
200
201
202
210
211
212
220
221
222
1000
1001
1002
1010
1011
1012
1020
1021
1022
1100
1101
1102
1110
1111
1112
1120
1121
1122
1200
1201
1202
1210
1211
1212
1220
1221
1222
2000
2001
2002
2010
2011
2012
2020
1
2
3
4
5
10
11
12
13
14
15
20
21
22
23
24
25
30
31
32
33
34
35
40
41
42
43
44
45
50
51
52
53
54
55
100
101
102
103
104
105
110
111
112
113
114
115
120
121
122
123
124
125
130
131
132
133
134
135
140
1
2
3
4
5
6
7
8
9
a
b
10
11
12
13
14
15
16
17
18
19
1a
1b
20
21
22
23
24
25
26
27
28
29
2a
2b
30
31
32
33
34
35
36
37
38
39
3a
3b
40
41
42
43
44
45
46
47
48
49
4a
4b
50
1
10
11
100
101
110
111
1000
1001
1010
1011
1100
1101
1110
1111
10000
10001
10010
10011
10100
10101
10110
10111
11000
11001
11010
11011
11100
11101
11110
11111
100000
100001
100010
100011
100100
100101
100110
100111
101000
101001
101010
101011
101100
101101
101110
101111
110000
110001
110010
110011
110100
110101
110110
110111
111000
111001
111010
111011
111100
1
2
10
11
12
20
21
22
100
101
102
110
111
112
120
121
122
200
201
202
210
211
212
220
221
222
1000
1001
1002
1010
1011
1012
1020
1021
1022
1100
1101
1102
1110
1111
1112
1120
1121
1122
1200
1201
1202
1210
1211
1212
1220
1221
1222
2000
2001
2002
2010
2011
2012
2020
1
2
3
4
5
10
11
12
13
14
15
20
21
22
23
24
25
30
31
32
33
34
35
40
41
42
43
44
45
50
51
52
53
54
55
100
101
102
103
104
105
110
111
112
113
114
115
120
121
122
123
124
125
130
131
132
133
134
135
140
1
2
3
4
5
6
7
8
9
a
b
10
11
12
13
14
15
16
17
18
19
1a
1b
20
21
22
23
24
25
26
27
28
29
2a
2b
30
31
32
33
34
35
36
37
38
39
3a
3b
40
41
42
43
44
45
46
47
48
49
4a
4b
50
1
10
11
100
101
110
111
1000
1001
1010
1011
1100
1101
1110
1111
10000
10001
10010
10011
10100
10101
10110
10111
11000
11001
11010
11011
11100
11101
11110
11111
100000
100001
100010
100011
100100
100101
100110
100111
101000
101001
101010
101011
101100
101101
101110
101111
110000
110001
110010
110011
110100
110101
110110
110111
111000
111001
111010
111011
111100
1
2
10
11
12
20
21
22
100
101
102
110
111
112
120
121
122
200
201
202
210
211
212
220
221
222
1000
1001
1002
1010
1011
1012
1020
1021
1022
1100
1101
1102
1110
1111
1112
1120
1121
1122
1200
1201
1202
1210
1211
1212
1220
1221
1222
2000
2001
2002
2010
2011
2012
2020
1
2
3
4
5
10
11
12
13
14
15
20
21
22
23
24
25
30
31
32
33
34
35
40
41
42
43
44
45
50
51
52
53
54
55
100
101
102
103
104
105
110
111
112
113
114
115
120
121
122
123
124
125
130
131
132
133
134
135
140
1
2
3
4
5
6
7
8
9
a
b
10
11
12
13
14
15
16
17
18
19
1a
1b
20
21
22
23
24
25
26
27
28
29
2a
2b
30
31
32
33
34
35
36
37
38
39
3a
3b
40
41
42
43
44
45
46
47
48
49
4a
4b
50
