2 ? 2 6
6 6 6 ?
60 ? 2 360
360 2 1 ?
12 ? 0 12
12 1080 12 ?
0 ? 0 6
12 ? 6 360
360 ? 12 1080
? 2 2 2
12 360 12 ?
? 12 1 360
12 1080 6 ?
? 12 12 12
6 ? 6 6
12 2 ? 12
2 60 ? 60
6 ? 2 12
? 360 360 1080
6 ? 1 6
12 0 0 ?
6 60 0 ?
? 2 2 6
? 60 60 1080
60 12 1 ?
1080 ? 1 1080
12 ? 12 60
0 2 0 ?
6 1080 ? 1080
? 1 0 1080
12 6 1 ?
12 6 2 ?
? 1 0 12
? 60 6 1080
? 360 2 1080
? 1 0 6
12 12 12 ?
12 60 2 ?
2 60 2 ?
1080 0 ? 1080
6 ? 2 6
12 1 0 ?
360 360 12 ?
1 ? 0 2
1 ? 0 360
60 2 2 ?
360 ? 1 1080
? 0 0 60
? 2 2 360
2 ? 1 1080
360 360 360 ?
1080 1080 ? 1080
? 360 12 360
6 60 2 ?
12 ? 12 1080
360 12 2 ?
? 360 0 360
1 0 ? 1
2 ? 1 6
0 ? 0 1080
0 1 0 ?
? 2 1 2
60 360 1 ?
1 ? 0 1080
? 2 1 6
60 1080 60 ?
? 2 0 6
1 1 0 ?
60 12 0 ?
1 1 ? 1
1080 1080 6 ?
60 ? 60 360
12 6 0 ?
? 1080 1 1080
1080 60 ? 1080
1080 ? 360 1080
12 1080 1 ?
360 6 0 ?
0 1 ? 1
? 12 6 12
? 6 2 60
360 6 1 ?
? 2 0 1080
360 360 1 ?
1 1080 1 ?
? 12 2 60
2 ? 1 360
? 0 0 0
360 60 6 ?
2 6 2 ?
360 1080 ? 1080
60 60 60 ?
? 0 0 1
1080 1 1 ?
360 ? 6 360
6 0 ? 6
1 ? 0 12
360 1080 6 ?
360 ? 6 1080
360 360 2 ?
12 ? 2 360
1080 1 ? 1080
? 2 1 360
1080 360 0 ?
1 ? 1 360
? 60 12 60
12 60 12 ?
? 360 1 360
0 6 0 ?
? 12 0 1080
6 ? 0 12
? 1 0 60
? 60 2 1080
? 6 1 6
60 60 ? 60
2 60 1 ?
6 0 0 ?
60 ? 2 1080
? 1 0 1
360 1080 0 ?
? 1 1 60
? 2 2 1080
12 ? 1 360
2 ? 0 12
0 0 0 ?
2 ? 0 60
? 12 0 360
60 ? 0 60
6 6 0 ?
2 1080 2 ?
1 1080 0 ?
0 360 0 ?
1 0 0 ?
? 6 6 1080
1080 1080 60 ?
1 12 ? 12
? 360 360 360
12 12 0 ?
6 12 ? 12
? 2 0 2
360 60 12 ?
2 1080 ? 1080
? 60 6 60
360 2 ? 360
1080 12 1 ?
60 1080 0 ?
? 12 1 12
? 12 1 60
1080 6 ? 1080
60 1080 12 ?
? 6 1 360
? 12 12 360
6 ? 1 12
6 60 ? 60
1080 360 6 ?
1 ? 1 60
1080 ? 12 1080
1080 1 0 ?
360 0 ? 360
6 6 ? 12
12 1 1 ?
1080 360 12 ?
? 1 1 6
12 60 ? 60
2 360 0 ?
6 12 0 ?
6 12 2 ?
? 6 0 6
1 60 0 ?
2 2 1 ?
1080 2 1 ?
6 ? 6 1080
6 1 1 ?
2 ? 2 1080
60 360 12 ?
? 0 0 2
? 1 1 1080
? 6 6 12
360 360 60 ?
0 ? 0 2
1080 1080 360 ?
60 360 ? 360
1 12 1 ?
60 1080 2 ?
6 1080 0 ?
1 360 0 ?
1 60 1 ?
2 ? 2 12
? 1 1 360
12 2 2 ?
2 2 0 ?
6 6 1 ?
1080 6 2 ?
? 1080 60 1080
1080 6 1 ?
12 ? 2 60
2 ? 0 1080
2 6 1 ?
1 ? 1 1080
? 2 2 60
2 ? 0 2
2 ? 0 6
360 1 0 ?
0 12 ? 12
? 12 2 12
12 6 ? 12
360 60 1 ?
1080 12 0 ?
360 12 1 ?
? 60 12 360
12 60 1 ?
12 12 2 ?
? 1 1 2
60 12 ? 60
1080 0 0 ?
12 1080 2 ?
? 60 60 60
2 12 2 ?
60 1080 ? 1080
? 12 2 360
6 ? 6 60
? 360 0 1080
1 12 0 ?
360 1080 12 ?
6 12 1 ?
1 360 1 ?
12 0 ? 12
360 1 1 ?
60 ? 0 1080
60 360 0 ?
12 1 ? 12
? 0 0 1080
360 ? 0 360
360 1080 1 ?
1080 12 ? 1080
6 ? 1 1080
6 2 ? 6
60 6 1 ?
12 12 1 ?
1080 2 0 ?
2 1080 0 ?
? 60 6 360
0 60 0 ?
? 360 1 1080
1080 360 60 ?
1080 60 12 ?
1080 1080 0 ?
0 ? 0 0
? 360 60 360
1 6 1 ?
1 6 0 ?
1080 12 2 ?
2 360 1 ?
60 ? 1 1080
12 360 1 ?
2 2 ? 2
1080 6 0 ?
12 2 1 ?
60 ? 60 60
1080 1080 2 ?
12 ? 2 12
? 1 1 12
360 12 6 ?
? 6 2 12
6 ? 0 360
1 ? 1 1
6 360 1 ?
1080 2 ? 1080
? 6 2 1080
? 12 0 12
360 60 2 ?
? 60 0 60
6 60 6 ?
6 1080 1 ?
12 6 6 ?
1 ? 1 2
1 60 ? 60
? 1 0 360
360 1080 2 ?
60 60 12 ?
? 12 12 1080
6 ? 0 1080
12 ? 6 12
6 ? 2 360
? 6 1 1080
12 ? 12 12
? 60 1 360
6 ? 0 6
6 ? 0 60
? 2 1 1080
2 0 ? 2
? 6 0 12
12 ? 1 1080
? 1 1 1
? 1080 6 1080
60 60 1 ?
1080 12 6 ?
12 60 0 ?
2 1 ? 2
60 ? 1 360
12 2 0 ?
? 6 0 1080
? 6 2 6
360 ? 1 360
360 360 6 ?
60 ? 2 60
2 ? 2 2
360 6 2 ?
12 ? 1 12
? 12 0 60
12 1080 0 ?
? 60 1 60
1080 12 12 ?
2 1 0 ?
1 360 ? 360
? 360 12 1080
? 6 0 60
0 1080 0 ?
1080 60 60 ?
6 60 1 ?
12 1080 ? 1080
1 6 ? 6
6 2 0 ?
1080 360 1 ?
6 2 2 ?
360 0 0 ?
60 2 0 ?
60 60 2 ?
2 2 2 ?
? 1080 0 1080
0 ? 0 60
60 1080 1 ?
2 ? 1 2
60 360 2 ?
60 ? 1 60
60 12 12 ?
? 6 1 12
60 ? 6 360
2 6 ? 6
? 6 6 6
360 ? 2 360
1 ? 0 6
? 60 60 360
? 6 0 360
? 360 2 360
360 2 2 ?
? 60 2 60
? 0 0 6
6 6 ? 6
2 360 ? 360
12 ? 12 360
? 360 60 1080
60 1 1 ?
6 1 ? 6
? 60 0 1080
6 2 1 ?
? 2 0 60
2 ? 1 12
0 ? 0 12
1 1 1 ?
? 2 1 60
? 1080 360 1080
360 60 ? 360
1 2 1 ?
60 60 6 ?
2 0 0 ?
360 6 6 ?
? 12 6 360
6 1080 6 ?
60 ? 12 60
0 2 ? 2
60 1080 6 ?
60 0 ? 60
12 360 2 ?
? 0 0 12
? 12 12 60
? 1080 2 1080
6 6 2 ?
360 12 0 ?
6 12 6 ?
60 ? 12 1080
360 ? 360 1080
2 ? 0 360
? 2 0 360
? 6 6 60
2 6 0 ?
1080 60 2 ?
1080 360 2 ?
6 1080 2 ?
6 ? 6 12
6 ? 6 360
6 ? 2 1080
2 60 0 ?
60 ? 12 360
360 12 ? 360
1080 2 2 ?
2 ? 1 60
0 12 0 ?
1080 ? 60 1080
? 2 1 12
2 12 1 ?
0 ? 0 360
? 6 6 360
360 60 60 ?
0 ? 0 1
6 ? 1 360
1080 360 ? 1080
1080 1080 1080 ?
6 360 0 ?
? 1080 1080 1080
0 6 ? 6
6 360 2 ?
6 1 0 ?
? 60 1 1080
1080 ? 6 1080
12 12 ? 12
360 12 12 ?
12 360 6 ?
12 360 ? 360
12 ? 2 1080
360 ? 60 360
? 60 12 1080
1080 60 0 ?
12 12 6 ?
2 1 1 ?
1080 1080 1 ?
0 360 ? 360
1 2 0 ?
6 ? 1 60
2 360 2 ?
1 ? 1 6
360 360 0 ?
1 ? 0 1
60 12 6 ?
1 ? 0 60
60 ? 0 360
? 12 1 1080
1080 ? 2 1080
1 2 ? 2
60 6 2 ?
60 ? 6 1080
0 60 ? 60
1080 360 360 ?
? 360 6 360
0 0 ? 0
1080 1080 12 ?
360 60 0 ?
12 360 0 ?
? 2 0 12
? 0 0 360
60 6 6 ?
? 60 0 360
? 12 6 60
? 60 2 360
60 12 2 ?
12 ? 0 360
60 1 0 ?
1080 ? 1080 1080
1 1080 ? 1080
1 ? 1 12
60 1 ? 60
1080 6 6 ?
60 2 1 ?
12 ? 1 60
360 ? 360 360
0 1080 ? 1080
12 ? 0 60
60 0 0 ?
? 360 6 1080
? 6 1 60
360 ? 60 1080
360 2 0 ?
? 12 6 1080
12 ? 6 60
1 1 ? 2
12 60 6 ?
12 ? 0 1080
360 ? 0 1080
360 1 ? 360
60 360 6 ?
6 ? 2 60
360 ? 2 1080
60 2 ? 60
? 1 0 2
1080 ? 0 1080
12 ? 6 1080
? 12 2 1080
360 1080 60 ?
360 360 ? 360
60 360 60 ?
? 1080 12 1080
2 12 0 ?
2 ? 2 360
360 ? 12 360
? 2 2 12
2 12 ? 12
1080 60 1 ?
2 1080 1 ?
60 60 0 ?
360 6 ? 360
2 ? 2 60
360 1080 360 ?
6 360 ? 360
? 6 2 360
60 ? 6 60
60 6 0 ?
6 360 6 ?
1080 60 6 ?
60 ? 60 1080
60 6 ? 60
