6
6
302
361
0
1080
6
354
732
2
360
349
1086
12
6
2
2
8
1080
1
12
66
6
1080
71
1
60
2
6
1079
17
16
11
1026
722
5
12
70
60
0
2
13
708
1
359
60
721
60
360
1079
360
1080
12
64
1080
370
0
0
5
1080
1
1
419
1079
5
1080
4
2
72
1
2154
360
18
1
60
360
1091
366
0
6
56
365
1078
719
1080
50
359
0
414
6
360
60
1
1080
6
0
11
1434
726
718
350
1
359
1440
360
12
60
1
6
1068
6
59
1022
1
60
61
6
1022
0
1440
60
1080
349
10
0
58
348
0
12
1080
1081
360
1
1080
2100
1
360
24
6
0
408
2
6
2
1091
1140
1
49
6
1128
355
360
7
6
1434
60
12
1081
0
0
12
1428
6
12
362
18
16
0
61
3
1081
1080
6
1080
408
2
1080
12
660
2
1800
60
12
1138
1086
361
60
12
360
12
4
11
1084
60
1085
50
1078
7
1080
60
0
4
361
0
2
6
419
1092
371
312
71
22
2
12
1080
1090
60
12
60
350
60
720
13
1428
17
360
0
360
1020
420
1
1080
0
1439
12
1075
2
65
23
1082
1082
306
60
721
1380
1128
2160
0
60
6
7
1090
361
1021
371
2
1086
13
60
2158
2
12
366
8
354
1
365
2
1076
0
418
0
60
1085
12
2
1
359
1438
108
1080
1074
6
356
1075
12
301
0
54
1079
0
6
1069
1
6
119
1086
72
1
301
14
1074
2
1
714
2
2
364
1
48
1092
1
1080
3
1
732
54
1080
1080
65
12
1
8
1439
6
360
62
118
2
0
60
1139
1
418
1
60
7
306
2
6
2
5
360
354
2
360
2
6
6
2
360
780
60
1
1020
7
58
11
12
1
59
360
60
2
114
2
360
354
1080
12
0
1134
0
370
12
60
2
10
372
12
1032
1080
358
358
60
8
1138
1438
1084
12
360
1076
62
312
12
1080
59
12
60
11
13
360
360
360
1
355
360
1080
366
1080
0
364
7
1021
6
12
360
366
12
1070
60
1032
1140
18
2
2159
0
3
55
360
6
720
0
66
59
300
1069
2
1
64
1026
0
1080
6
0
2148
420
372
10
360
60
300
54
302
70
348
61
1080
1
12
1
1080
61
49
360
0
48
60
726
55
780
362
1074
54
0
66
1068
720
1
414
56
722
2
1
0
1074
1070
1380
360
360
12
14
360
12
12
2
1139
1081
120
6
60
1080
6
356
6
66
360
1134
1080
6
