973
591
4
51
122
761
35
882
474
61
32
651
322
92
743
244
351
133
964
153
45
133
644
482
123
15
634
662
61
86
694
704
452
923
44
171
191
54
561
0
612
723
97
673
441
29
312
541
263
991
653
912
652
192
353
301
262
502
594
643
113
613
982
33
913
31
974
24
981
502
903
132
451
203
711
3
82
504
964
151
394
493
64
792
153
241
824
12
833
533
433
524
144
232
3
542
12
1
554
591
221
11
621
931
844
152
84
692
5
833
731
942
352
23
632
293
9
553
142
7
503
7
523
363
701
73
883
42
733
16
431
633
962
434
411
89
6
672
25
814
83
534
693
872
304
491
473
1
42
402
503
184
962
48
732
844
603
121
79
453
924
562
344
394
941
984
241
16
314
552
831
1
992
134
952
423
333
791
121
99
954
21
921
87
613
984
622
522
74
633
593
24
454
294
441
6
734
7
223
674
94
55
181
114
262
892
173
404
201
14
224
173
46
5
334
58
89
73
894
373
471
944
762
171
382
353
38
85
33
184
131
162
102
59
98
364
72
351
544
8
382
771
401
103
194
593
484
751
361
304
36
123
834
602
78
84
681
412
884
292
462
4
13
573
961
624
26
68
763
51
801
792
264
122
413
942
75
13
803
594
403
143
551
21
803
52
72
702
264
13
693
57
651
57
253
4
79
562
861
824
81
74
54
851
43
933
3
384
323
522
983
112
664
214
462
22
443
813
263
381
513
27
64
313
91
47
782
143
282
8
71
301
772
6
59
95
814
93
111
69
83
24
481
514
623
67
4
543
711
872
953
77
851
952
5
773
944
87
86
492
5
783
442
28
571
774
4
994
694
784
601
44
112
721
454
874
831
881
634
443
5
741
63
902
841
664
95
76
66
473
611
22
151
44
832
472
671
863
744
911
614
901
972
742
354
63
604
383
951
321
392
323
981
701
573
71
283
582
393
461
372
421
142
452
424
233
914
564
38
383
192
511
521
352
2
102
531
901
963
61
832
631
653
922
743
77
252
63
934
36
572
754
854
31
124
134
141
124
464
254
253
592
523
921
484
183
414
244
211
261
52
493
481
654
403
941
182
624
9
66
374
172
492
164
371
341
32
53
5
271
53
211
72
68
82
521
55
911
212
49
11
56
131
614
812
13
771
9
19
273
3
852
39
194
472
98
451
63
581
163
94
804
92
514
471
54
332
43
423
26
823
82
904
781
972
181
973
19
823
654
612
8
62
76
23
291
603
812
841
96
893
234
231
881
903
874
602
214
932
132
893
621
281
58
934
273
32
71
34
783
75
31
712
91
1
564
321
69
674
45
1
213
344
474
991
563
35
47
954
751
604
29
772
73
544
243
712
663
463
722
154
762
862
561
501
713
25
65
884
384
592
733
391
303
97
42
924
294
994
392
17
703
341
411
434
342
7
401
243
982
43
233
483
541
202
714
362
193
671
234
93
722
85
252
54
512
683
873
2
692
31
643
48
412
442
793
432
62
864
161
64
111
793
182
513
904
842
724
752
583
364
242
494
232
9
811
843
822
314
113
433
422
333
82
374
84
742
533
504
43
204
49
574
794
961
2
461
311
794
103
512
482
682
222
33
993
94
44
641
23
584
802
744
953
724
483
212
752
84
801
88
56
672
291
46
39
15
104
27
96
622
332
242
463
804
371
61
732
501
821
231
78
281
343
641
41
861
101
644
1
714
754
272
92
703
342
162
81
922
2
863
99
802
334
852
933
912
224
983
221
62
554
34
172
191
683
404
511
51
213
424
202
362
491
41
542
11
3
834
22
144
753
854
81
71
343
8
52
992
464
74
311
862
524
684
882
632
993
4
41
381
763
791
753
34
494
222
363
62
74
88
584
764
902
631
12
691
312
2
254
853
971
601
284
811
64
684
923
324
201
741
734
873
652
532
22
661
673
302
174
141
193
871
871
223
154
453
414
174
28
563
894
421
642
284
18
774
42
581
33
92
781
251
642
93
11
91
583
761
24
531
14
721
161
784
53
892
23
251
974
18
432
822
951
391
891
331
104
203
51
274
331
532
943
183
843
2
971
322
83
313
943
393
293
431
963
65
93
931
373
681
37
14
611
402
883
83
702
813
204
864
72
91
12
553
764
691
821
114
292
713
81
572
534
324
164
551
354
932
361
37
422
302
661
32
6
94
731
73
303
723
574
261
842
891
444
543
67
282
704
3
413
21
372
582
52
782
773
552
283
17
41
163
914
662
274
623
14
571
34
272
271
152
101
444
663
853
21
682
53
913
