-1000 -12
-1000 -11
-1000 -10
-1000 -9
-1000 -8
-1000 -7
-1000 -6
-1000 -5
-1000 -4
-1000 -3
-1000 -2
-1000 -1
-1000 1
-1000 2
-1000 3
-1000 4
-1000 5
-1000 6
-1000 7
-1000 8
-1000 9
-1000 10
-1000 11
-1000 12
-360 -12
-360 -11
-360 -10
-360 -9
-360 -8
-360 -7
-360 -6
-360 -5
-360 -4
-360 -3
-360 -2
-360 -1
-360 1
-360 2
-360 3
-360 4
-360 5
-360 6
-360 7
-360 8
-360 9
-360 10
-360 11
-360 12
-100 -12
-100 -11
-100 -10
-100 -9
-100 -8
-100 -7
-100 -6
-100 -5
-100 -4
-100 -3
-100 -2
-100 -1
-100 1
-100 2
-100 3
-100 4
-100 5
-100 6
-100 7
-100 8
-100 9
-100 10
-100 11
-100 12
-60 -12
-60 -11
-60 -10
-60 -9
-60 -8
-60 -7
-60 -6
-60 -5
-60 -4
-60 -3
-60 -2
-60 -1
-60 1
-60 2
-60 3
-60 4
-60 5
-60 6
-60 7
-60 8
-60 9
-60 10
-60 11
-60 12
-12 -12
-12 -11
-12 -10
-12 -9
-12 -8
-12 -7
-12 -6
-12 -5
-12 -4
-12 -3
-12 -2
-12 -1
-12 1
-12 2
-12 3
-12 4
-12 5
-12 6
-12 7
-12 8
-12 9
-12 10
-12 11
-12 12
-10 -12
-10 -11
-10 -10
-10 -9
-10 -8
-10 -7
-10 -6
-10 -5
-10 -4
-10 -3
-10 -2
-10 -1
-10 1
-10 2
-10 3
-10 4
-10 5
-10 6
-10 7
-10 8
-10 9
-10 10
-10 11
-10 12
-6 -12
-6 -11
-6 -10
-6 -9
-6 -8
-6 -7
-6 -6
-6 -5
-6 -4
-6 -3
-6 -2
-6 -1
-6 1
-6 2
-6 3
-6 4
-6 5
-6 6
-6 7
-6 8
-6 9
-6 10
-6 11
-6 12
-5 -12
-5 -11
-5 -10
-5 -9
-5 -8
-5 -7
-5 -6
-5 -5
-5 -4
-5 -3
-5 -2
-5 -1
-5 1
-5 2
-5 3
-5 4
-5 5
-5 6
-5 7
-5 8
-5 9
-5 10
-5 11
-5 12
-4 -12
-4 -11
-4 -10
-4 -9
-4 -8
-4 -7
-4 -6
-4 -5
-4 -4
-4 -3
-4 -2
-4 -1
-4 1
-4 2
-4 3
-4 4
-4 5
-4 6
-4 7
-4 8
-4 9
-4 10
-4 11
-4 12
-3 -12
-3 -11
-3 -10
-3 -9
-3 -8
-3 -7
-3 -6
-3 -5
-3 -4
-3 -3
-3 -2
-3 -1
-3 1
-3 2
-3 3
-3 4
-3 5
-3 6
-3 7
-3 8
-3 9
-3 10
-3 11
-3 12
-2 -12
-2 -11
-2 -10
-2 -9
-2 -8
-2 -7
-2 -6
-2 -5
-2 -4
-2 -3
-2 -2
-2 -1
-2 1
-2 2
-2 3
-2 4
-2 5
-2 6
-2 7
-2 8
-2 9
-2 10
-2 11
-2 12
-1 -12
-1 -11
-1 -10
-1 -9
-1 -8
-1 -7
-1 -6
-1 -5
-1 -4
-1 -3
-1 -2
-1 -1
-1 1
-1 2
-1 3
-1 4
-1 5
-1 6
-1 7
-1 8
-1 9
-1 10
-1 11
-1 12
0 -12
0 -11
0 -10
0 -9
0 -8
0 -7
0 -6
0 -5
0 -4
0 -3
0 -2
0 -1
0 1
0 2
0 3
0 4
0 5
0 6
0 7
0 8
0 9
0 10
0 11
0 12
1 -12
1 -11
1 -10
1 -9
1 -8
1 -7
1 -6
1 -5
1 -4
1 -3
1 -2
1 -1
1 1
1 2
1 3
1 4
1 5
1 6
1 7
1 8
1 9
1 10
1 11
1 12
2 -12
2 -11
2 -10
2 -9
2 -8
2 -7
2 -6
2 -5
2 -4
2 -3
2 -2
2 -1
2 1
2 2
2 3
2 4
2 5
2 6
2 7
2 8
2 9
2 10
2 11
2 12
3 -12
3 -11
3 -10
3 -9
3 -8
3 -7
3 -6
3 -5
3 -4
3 -3
3 -2
3 -1
3 1
3 2
3 3
3 4
3 5
3 6
3 7
3 8
3 9
3 10
3 11
3 12
4 -12
4 -11
4 -10
4 -9
4 -8
4 -7
4 -6
4 -5
4 -4
4 -3
4 -2
4 -1
4 1
4 2
4 3
4 4
4 5
4 6
4 7
4 8
4 9
4 10
4 11
4 12
5 -12
5 -11
5 -10
5 -9
5 -8
5 -7
5 -6
5 -5
5 -4
5 -3
5 -2
5 -1
5 1
5 2
5 3
5 4
5 5
5 6
5 7
5 8
5 9
5 10
5 11
5 12
6 -12
6 -11
6 -10
6 -9
6 -8
6 -7
6 -6
6 -5
6 -4
6 -3
6 -2
6 -1
6 1
6 2
6 3
6 4
6 5
6 6
6 7
6 8
6 9
6 10
6 11
6 12
10 -12
10 -11
10 -10
10 -9
10 -8
10 -7
10 -6
10 -5
10 -4
10 -3
10 -2
10 -1
10 1
10 2
10 3
10 4
10 5
10 6
10 7
10 8
10 9
10 10
10 11
10 12
12 -12
12 -11
12 -10
12 -9
12 -8
12 -7
12 -6
12 -5
12 -4
12 -3
12 -2
12 -1
12 1
12 2
12 3
12 4
12 5
12 6
12 7
12 8
12 9
12 10
12 11
12 12
60 -12
60 -11
60 -10
60 -9
60 -8
60 -7
60 -6
60 -5
60 -4
60 -3
60 -2
60 -1
60 1
60 2
60 3
60 4
60 5
60 6
60 7
60 8
60 9
60 10
60 11
60 12
100 -12
100 -11
100 -10
100 -9
100 -8
100 -7
100 -6
100 -5
100 -4
100 -3
100 -2
100 -1
100 1
100 2
100 3
100 4
100 5
100 6
100 7
100 8
100 9
100 10
100 11
100 12
360 -12
360 -11
360 -10
360 -9
360 -8
360 -7
360 -6
360 -5
360 -4
360 -3
360 -2
360 -1
360 1
360 2
360 3
360 4
360 5
360 6
360 7
360 8
360 9
360 10
360 11
360 12
1000 -12
1000 -11
1000 -10
1000 -9
1000 -8
1000 -7
1000 -6
1000 -5
1000 -4
1000 -3
1000 -2
1000 -1
1000 1
1000 2
1000 3
1000 4
1000 5
1000 6
1000 7
1000 8
1000 9
1000 10
1000 11
1000 12
