83
91
100
111
125
143
167
200
250
333
500
1000
-1000
-500
-333
-250
-200
-167
-143
-125
-111
-100
-91
-83
30
33
36
40
45
51
60
72
90
120
180
360
-360
-180
-120
-90
-72
-60
-51
-45
-40
-36
-33
-30
8
9
10
11
12
14
17
20
25
33
50
100
-100
-50
-33
-25
-20
-17
-14
-12
-11
-10
-9
-8
5
5
6
7
8
9
10
12
15
20
30
60
-60
-30
-20
-15
-12
-10
-9
-8
-7
-6
-5
-5
1
1
1
1
2
2
2
2
3
4
6
12
-12
-6
-4
-3
-2
-2
-2
-2
-1
-1
-1
-1
1
1
1
1
1
1
2
2
2
3
5
10
-10
-5
-3
-2
-2
-2
-1
-1
-1
-1
-1
-1
0
1
1
1
1
1
1
1
2
2
3
6
-6
-3
-2
-2
-1
-1
-1
-1
-1
-1
-1
0
0
0
0
1
1
1
1
1
1
2
2
5
-5
-2
-2
-1
-1
-1
-1
-1
-1
0
0
0
0
0
0
0
0
1
1
1
1
1
2
4
-4
-2
-1
-1
-1
-1
-1
0
0
0
0
0
0
0
0
0
0
0
0
1
1
1
2
3
-3
-2
-1
-1
-1
0
0
0
0
0
0
0
0
0
0
0
0
0
0
0
0
1
1
2
-2
-1
-1
0
0
0
0
0
0
0
0
0
0
0
0
0
0
0
0
0
0
0
0
1
-1
0
0
0
0
0
0
0
0
0
0
0
0
0
0
0
0
0
0
0
0
0
0
0
0
0
0
0
0
0
0
0
0
0
0
0
0
0
0
0
0
0
0
0
0
0
0
-1
1
0
0
0
0
0
0
0
0
0
0
0
0
0
0
0
0
0
0
0
0
-1
-1
-2
2
1
1
0
0
0
0
0
0
0
0
0
0
0
0
0
0
0
0
-1
-1
-1
-2
-3
3
2
1
1
1
0
0
0
0
0
0
0
0
0
0
0
0
-1
-1
-1
-1
-1
-2
-4
4
2
1
1
1
1
1
0
0
0
0
0
0
0
0
-1
-1
-1
-1
-1
-1
-2
-2
-5
5
2
2
1
1
1
1
1
1
0
0
0
0
-1
-1
-1
-1
-1
-1
-1
-2
-2
-3
-6
6
3
2
2
1
1
1
1
1
1
1
0
-1
-1
-1
-1
-1
-1
-2
-2
-2
-3
-5
-10
10
5
3
2
2
2
1
1
1
1
1
1
-1
-1
-1
-1
-2
-2
-2
-2
-3
-4
-6
-12
12
6
4
3
2
2
2
2
1
1
1
1
-5
-5
-6
-7
-8
-9
-10
-12
-15
-20
-30
-60
60
30
20
15
12
10
9
8
7
6
5
5
-8
-9
-10
-11
-12
-14
-17
-20
-25
-33
-50
-100
100
50
33
25
20
17
14
12
11
10
9
8
-30
-33
-36
-40
-45
-51
-60
-72
-90
-120
-180
-360
360
180
120
90
72
60
51
45
40
36
33
30
-83
-91
-100
-111
-125
-143
-167
-200
-250
-333
-500
-1000
1000
500
333
250
200
167
143
125
111
100
91
83
