-54
118
-26
-37
17
23
-30
97
-112
-69
45
-39
47
-55
-85
1
12
72
-98
85
127
120
77
29
61
44
6
75
-128
86
-127
-111
116
-63
-118
-48
-123
95
71
46
36
-4
43
39
-14
9
-3
-62
-53
-43
-104
-17
-82
-105
-108
65
-35
-109
-94
34
-15
74
38
64
102
48
104
54
119
93
-21
55
68
108
7
-45
-64
69
-2
14
-22
-103
-96
21
-44
73
-65
16
35
-40
-89
62
105
-12
70
-79
-25
8
-49
84
114
91
-91
-18
99
53
-99
41
-7
25
-67
109
-124
-33
51
-78
-122
15
-114
26
-8
3
-11
-84
-66
-70
-27
-75
2
-117
125
-125
110
13
57
-23
-20
-73
-56
-60
98
-24
79
81
-1
124
37
-9
24
22
-102
-36
76
-120
-5
115
121
49
103
63
27
5
32
-29
28
107
-77
78
-10
40
66
-97
-113
-126
-52
-32
-81
-71
-115
-90
-101
101
111
117
-92
-106
-110
-50
-74
19
-121
82
-95
-88
-83
-42
67
-87
113
-31
-16
18
-119
-47
-58
58
10
87
106
126
94
-107
-93
-41
52
-19
-68
-46
-6
30
-34
122
33
89
42
20
-100
-51
92
59
0
56
-28
100
-59
83
96
4
-13
-61
112
31
-86
11
-76
-72
-57
-38
50
90
80
88
123
-116
60
-80
