154
739
606
906
431
984
68
777
717
1034
486
891
492
584
15
376
1049
1039
146
411
381
574
17
435
945
787
640
1054
979
900
186
21
124
170
434
493
847
723
233
379
751
45
610
370
864
540
67
1057
436
604
1072
115
88
969
874
418
92
836
99
1030
740
930
1043
1
405
51
597
139
955
537
898
988
32
718
519
375
156
205
884
27
331
525
933
113
252
737
352
1021
811
635
285
77
925
342
258
101
160
464
28
709
477
360
652
658
1070
133
397
671
523
896
538
887
297
693
158
518
355
618
157
1052
384
857
813
469
841
915
738
948
29
334
61
136
199
594
183
484
742
521
380
135
755
448
730
728
1004
479
385
277
134
91
823
974
819
736
759
126
625
892
174
191
720
399
125
268
5
534
164
494
1035
147
200
224
1003
910
356
455
627
120
587
946
816
947
986
286
319
60
19
741
793
148
217
703
446
454
498
63
654
117
667
1008
501
255
571
705
1053
168
1074
871
195
497
750
619
180
173
856
271
93
608
592
961
758
576
774
623
714
100
430
971
957
249
798
366
883
462
765
1061
570
582
248
830
776
232
1076
71
250
689
332
715
950
997
74
928
771
204
807
509
457
1032
795
761
369
985
716
11
244
655
14
1037
311
792
794
512
546
782
340
888
831
42
339
274
789
112
863
219
993
149
912
330
1048
36
53
8
533
308
443
702
663
911
38
843
829
216
368
1080
583
697
662
770
202
345
47
228
869
44
1079
410
307
500
128
317
820
725
573
69
37
589
288
862
851
580
810
344
924
253
593
753
1016
236
102
81
49
918
346
966
296
929
673
567
80
699
590
824
1044
735
536
404
561
281
710
1056
30
16
766
976
223
328
624
786
291
108
96
768
425
882
363
122
669
392
626
1015
150
696
438
588
726
951
403
609
320
664
201
802
433
290
846
653
876
171
85
276
213
614
958
359
516
401
364
668
865
463
998
177
959
361
447
982
306
41
140
641
692
784
242
544
155
779
256
517
921
539
595
616
55
388
496
231
86
578
382
952
499
390
547
127
482
26
848
549
70
1059
203
278
58
373
895
972
1013
1040
956
828
790
840
838
305
873
471
899
935
541
426
333
1017
406
572
472
247
554
878
358
318
785
1019
1031
172
854
1028
187
598
118
169
804
968
665
844
707
835
1062
858
489
722
954
73
633
801
1078
908
98
386
145
870
214
515
914
456
676
395
920
107
942
262
176
372
2
894
284
505
475
526
721
470
396
465
1077
289
196
919
82
1014
409
161
1068
324
881
415
292
963
265
557
467
977
713
754
679
478
613
685
267
660
270
834
629
605
621
137
238
564
437
24
1065
325
132
760
442
423
602
22
383
52
901
636
532
559
451
803
40
427
531
338
421
839
575
670
394
659
95
354
261
7
351
246
326
62
378
460
622
677
121
190
459
1001
690
1075
13
1024
20
941
185
198
569
393
424
711
66
166
417
1002
1023
701
591
209
999
129
473
903
975
84
949
266
303
75
867
872
335
282
337
600
987
615
913
678
818
263
661
481
314
808
3
746
562
1066
859
468
706
563
507
837
687
628
153
422
938
773
603
656
254
197
916
79
48
193
162
694
797
634
645
734
257
555
648
855
440
488
39
357
772
1026
550
748
733
683
752
429
527
420
43
548
781
165
414
1047
513
142
1025
719
1050
581
387
220
1010
50
25
732
192
757
251
791
1012
996
105
445
617
551
490
309
491
300
109
119
321
885
812
965
524
76
280
206
1011
644
845
601
349
18
259
826
181
1060
926
970
607
568
852
141
416
940
315
691
235
264
348
994
428
729
159
860
347
301
65
939
943
234
408
1005
833
934
90
646
487
817
992
110
1063
260
800
9
272
439
1027
143
279
243
931
221
323
72
686
64
56
983
312
743
453
937
227
769
329
450
295
294
680
343
211
650
212
893
657
868
313
849
506
240
788
353
114
106
4
681
552
419
116
57
10
237
747
586
1036
695
341
78
764
35
637
225
672
698
466
374
756
167
322
936
530
651
907
932
832
275
441
922
23
12
1033
97
210
273
799
560
529
461
33
596
458
815
542
1029
684
269
897
103
1009
558
827
964
1051
184
152
599
814
367
230
302
316
666
806
218
767
87
1006
1055
577
927
923
630
1073
708
904
879
104
902
182
503
34
866
704
545
612
474
310
402
805
1007
980
245
639
967
138
398
762
485
1041
995
880
688
327
989
796
944
452
476
744
1020
6
712
853
745
674
875
780
189
960
1046
611
783
889
504
188
495
293
377
647
207
336
1058
412
850
727
229
632
731
1069
1042
1064
163
905
239
700
981
821
528
822
480
54
304
825
675
83
215
973
763
1067
642
775
809
535
579
123
400
350
638
990
444
566
179
407
208
389
585
649
362
287
978
1000
59
178
511
46
283
502
144
778
432
909
371
917
391
962
89
842
749
1045
631
298
877
151
413
724
222
31
643
510
520
682
365
514
553
175
1071
556
508
953
522
131
94
565
226
861
620
991
1038
890
483
886
1022
543
194
130
241
1018
299
111
449
