380
-194
41
16
222
168
-52
289
-473
17
24
157
-222
30
-346
443
-152
332
470
352
-53
-330
-445
285
-320
-50
-435
267
-159
-67
497
-406
-253
330
45
-170
192
-449
-164
1
217
328
80
377
-143
-91
-212
146
363
200
357
220
257
292
354
-102
263
206
-494
347
-310
-315
290
-32
-318
-12
480
-41
190
-204
310
232
-153
303
-116
31
29
406
-468
-150
494
395
-459
-296
-350
143
429
22
339
-334
335
-424
-440
-231
-29
246
211
101
-454
196
-121
12
127
-138
449
-250
481
-295
-4
-337
-136
-248
254
33
-235
-391
91
-354
242
-69
306
71
-324
-362
108
38
-387
-239
338
-60
135
337
-268
-433
-113
-97
-59
-275
-51
419
381
436
-395
-277
-402
195
-373
0
25
-203
-304
-480
270
-83
-236
-447
307
-120
-96
-353
-428
266
444
-492
-148
-488
-141
62
-412
256
139
11
-298
-430
260
-323
334
-196
122
100
460
121
130
79
317
490
-225
226
48
-335
-394
43
455
493
145
7
-436
8
323
-475
-48
-54
182
412
-261
-297
372
405
103
-409
423
-370
65
-499
434
86
99
-369
-497
374
175
-448
-266
172
-282
-352
84
59
34
482
-130
-260
202
-94
90
464
-26
154
-444
9
284
178
105
-300
-490
396
485
158
164
404
-62
322
439
-205
-86
-47
-185
215
489
293
265
5
311
376
170
427
63
87
368
-149
109
298
463
-220
315
250
58
-30
-307
496
305
-340
156
-11
309
251
28
208
-461
-309
397
76
-155
-74
353
401
98
-264
-167
-427
-17
471
-44
159
341
340
-2
-482
324
-224
-388
212
467
-411
-263
-219
-343
319
-361
184
-314
-71
-45
-312
-189
-73
-286
342
-281
-79
-169
104
-276
-5
96
-58
-417
40
112
-95
-37
421
-183
416
327
-75
-3
-344
118
279
360
78
-157
-258
51
-376
450
-77
69
295
6
-386
-243
-81
176
478
-399
500
-495
488
-105
441
-210
128
-453
-477
-137
-187
437
345
501
148
37
210
-147
-465
60
68
67
375
-115
23
152
-439
-237
275
-175
369
-446
120
417
-108
280
-246
454
-35
-405
384
-158
-122
-292
-322
-188
-106
-374
-16
-381
286
-392
165
274
125
-240
255
425
333
-418
466
-82
-382
-290
116
-124
-252
-1
-200
-134
110
-368
-15
239
137
-355
230
348
-76
-251
-359
440
64
276
-456
-457
-129
422
432
142
-420
465
-451
-351
-294
326
-128
-483
382
-413
-441
113
163
26
-393
185
-455
-303
150
-280
-425
-89
-65
474
-270
-293
-460
174
144
-22
36
-49
173
-349
-111
271
-85
281
126
56
-118
213
95
111
66
132
-415
219
32
-176
-8
92
-371
4
259
-92
492
-273
-88
155
361
186
-360
-489
-407
-289
-414
-173
46
-232
-33
325
-61
-327
-279
-408
-186
-278
-180
-378
-90
329
457
-215
81
-25
-66
-319
193
-305
-217
149
-68
399
-431
-131
189
-308
479
207
413
240
-230
-397
-125
-181
-84
-438
373
-229
171
431
388
-56
14
218
-18
-9
-464
124
97
477
55
2
313
-442
475
-198
-364
54
75
-458
-156
407
93
278
-36
446
-341
-216
-365
365
228
452
268
-267
166
106
318
53
-55
-487
484
296
-336
194
304
-78
-23
430
-491
-498
294
-70
308
-142
115
435
244
-6
-103
343
-288
-339
-331
-383
-144
203
418
-262
-390
177
433
-389
-226
-57
253
451
-214
-385
379
201
297
131
-345
85
-213
245
-396
-233
-259
-467
162
47
-110
398
282
316
410
249
-426
258
-384
-462
243
-493
233
10
119
-347
-227
414
312
-333
225
-332
-27
-472
49
248
336
-404
35
-401
-93
-474
498
-168
-19
-163
114
-496
302
216
-283
-285
-221
331
-398
50
-43
147
321
-484
-207
448
-358
428
385
-211
-256
-479
-107
-87
-64
277
-191
-63
94
52
-400
73
70
227
234
-241
-363
409
-172
161
238
-104
-127
133
88
183
344
-145
141
169
-100
447
-99
-416
458
273
291
-306
-242
262
181
-228
-199
-367
-98
209
-432
-257
-338
-218
-421
390
123
261
456
44
272
-190
387
-403
-114
151
-311
-423
-201
264
-193
-139
-244
-10
-299
-437
-21
442
358
459
19
18
-342
-7
-249
300
-463
-469
-112
269
426
487
-287
237
400
-39
15
-182
-366
198
-356
-42
495
223
364
27
-46
89
486
468
-208
-135
-20
-195
214
21
453
-357
-178
107
-481
-117
461
-485
-328
-422
-101
-146
438
-377
-255
236
221
-165
-375
-202
-470
-140
392
179
-177
-321
-450
355
415
472
83
366
499
-123
-245
483
-80
-476
241
-184
-329
-28
188
153
247
-38
-109
20
386
-166
-419
136
411
-126
-160
-486
351
299
-31
-151
-478
82
235
229
160
-192
199
134
402
-301
-14
-471
-132
-234
350
-380
349
3
180
224
39
314
-348
394
393
-133
370
57
391
140
-372
187
-72
-40
117
205
389
-379
-206
-317
403
469
-269
191
-209
356
-466
197
129
-410
-291
-316
-179
-274
-434
424
462
-154
-452
-238
-162
74
-223
204
167
231
61
491
138
371
-302
-326
476
-161
-247
-197
445
346
77
283
408
301
-313
-119
-272
-284
-24
288
378
-254
383
72
-13
362
420
-265
473
-325
42
-174
-429
-271
-171
252
102
-443
367
359
13
287
-34
320
