1.000
0.500
2.000
0.333
3.000
0.250
0.667
1.500
4.000
0.200
5.000
0.167
0.400
0.750
1.333
2.500
6.000
0.143
0.600
1.667
7.000
0.125
0.286
0.800
1.250
3.500
8.000
0.111
0.429
2.333
9.000
0.100
0.222
0.375
0.571
0.833
1.200
1.750
2.667
4.500
10.000
0.091
0.714
1.400
11.000
0.083
0.182
0.300
0.444
0.625
0.857
1.167
1.600
2.250
3.333
5.500
12.000
0.077
0.273
0.556
1.800
3.667
13.000
0.071
0.154
0.364
0.875
1.143
2.750
6.500
14.000
0.067
0.231
0.455
0.778
1.286
2.200
4.333
15.000
0.062
0.133
0.214
0.308
0.417
0.545
0.700
0.889
1.125
1.429
1.833
2.400
3.250
4.667
7.500
16.000
0.059
0.385
0.636
1.571
2.600
17.000
0.056
0.118
0.188
0.267
0.357
0.462
0.583
0.727
0.900
1.111
1.375
1.714
2.167
2.800
3.750
5.333
8.500
18.000
0.053
0.176
0.538
0.818
1.222
1.857
5.667
19.000
0.050
0.105
0.235
0.312
0.615
0.909
1.100
1.625
3.200
4.250
9.500
20.000
0.048
0.158
0.294
0.467
0.692
1.444
2.143
3.400
6.333
21.000
0.045
0.095
0.150
0.211
0.278
0.353
0.438
0.533
0.643
0.769
0.917
1.091
1.300
1.556
1.875
2.286
2.833
3.600
4.750
6.667
10.500
22.000
0.043
0.263
0.412
0.846
1.182
2.429
3.800
23.000
0.042
0.087
0.136
0.190
0.316
0.389
0.471
0.562
0.786
0.923
1.083
1.273
1.778
2.125
2.571
3.167
5.250
7.333
11.500
24.000
0.040
0.130
0.238
0.368
0.529
0.733
1.364
1.889
2.714
4.200
7.667
25.000
0.038
0.080
0.174
0.227
0.350
0.421
0.588
0.688
0.929
1.077
1.455
1.700
2.375
2.857
4.400
5.750
12.500
26.000
0.037
0.120
0.217
0.474
0.647
0.867
1.154
1.545
2.111
4.600
8.333
27.000
0.036
0.074
0.115
0.160
0.208
0.261
0.318
0.381
0.450
0.526
0.611
0.706
0.812
0.933
1.071
1.231
1.417
1.636
1.900
2.222
2.625
3.143
3.833
4.800
6.250
8.667
13.500
28.000
0.034
0.304
0.579
0.765
1.308
1.727
3.286
29.000
0.033
0.069
0.107
0.148
0.192
0.240
0.292
0.348
0.409
0.476
0.550
0.632
0.722
0.824
0.938
1.067
1.214
1.385
1.583
1.818
2.100
2.444
2.875
3.429
4.167
5.200
6.750
9.333
14.500
30.000
0.032
0.103
0.185
0.280
0.391
0.524
0.684
0.882
1.133
1.462
1.909
2.556
3.571
5.400
9.667
31.000
0.031
0.065
0.138
0.179
0.269
0.320
0.435
0.650
0.737
0.941
1.062
1.357
1.538
2.300
3.125
3.714
5.600
7.250
15.500
32.000
0.030
0.097
0.172
0.259
0.360
0.478
0.619
0.789
1.267
1.615
2.091
2.778
3.857
5.800
10.333
33.000
0.029
0.061
0.094
0.129
0.207
0.296
0.346
0.458
0.522
0.591
0.842
0.944
1.059
1.188
1.692
1.917
2.182
2.889
3.375
4.833
7.750
10.667
16.500
34.000
0.029
0.161
0.241
0.440
0.565
0.895
1.118
1.769
2.273
4.143
6.200
35.000
0.028
0.057
0.088
0.121
0.156
0.194
0.233
0.276
0.321
0.370
0.423
0.480
0.542
0.609
0.682
0.762
0.850
0.947
1.056
1.176
1.312
1.467
1.643
1.846
2.083
2.364
2.700
3.111
3.625
4.286
5.167
6.400
8.250
11.333
17.500
36.000
0.027
0.086
0.152
0.226
0.310
0.407
0.520
0.652
0.810
1.235
1.533
1.923
2.455
3.222
4.429
6.600
11.667
37.000
0.026
0.054
0.114
0.147
0.219
0.258
0.345
0.393
0.560
0.696
0.773
0.950
1.053
1.294
1.438
1.786
2.545
2.900
3.875
4.571
6.800
8.750
18.500
38.000
0.026
0.081
0.212
0.290
0.379
0.481
0.739
0.905
1.105
1.353
2.077
2.636
3.444
4.714
12.333
39.000
0.025
0.051
0.079
0.108
0.139
0.171
0.206
0.242
0.281
0.323
0.367
0.414
0.464
0.519
0.577
0.640
0.708
0.783
0.864
0.952
1.050
1.158
1.278
1.412
1.562
1.733
1.929
2.154
2.417
2.727
3.100
3.556
4.125
4.857
5.833
7.200
9.250
12.667
19.500
40.000
0.024
0.135
0.355
0.448
0.680
0.826
1.211
1.471
2.231
2.818
7.400
41.000
0.024
0.049
0.075
0.103
0.132
0.162
0.194
0.229
0.265
0.303
0.344
0.387
0.433
0.483
0.536
0.593
0.654
0.720
0.792
0.870
0.955
1.048
1.150
1.263
1.389
1.529
1.688
1.867
2.071
2.308
2.583
2.909
3.300
3.778
4.375
5.143
6.167
7.600
9.750
13.333
20.500
42.000
0.023
0.073
0.128
0.189
0.257
0.419
0.517
0.630
0.760
0.913
1.095
1.316
1.588
1.933
2.385
3.889
5.286
7.800
13.667
43.000
0.023
0.047
0.098
0.184
0.216
0.324
0.406
0.452
0.552
0.607
0.731
0.957
1.045
1.368
1.647
1.812
2.214
2.462
3.091
4.625
5.429
10.250
21.500
44.000
0.022
0.070
0.122
0.179
0.243
0.314
0.394
0.484
0.586
0.704
0.840
1.190
1.421
1.706
2.067
2.538
3.182
4.111
5.571
8.200
14.333
45.000
0.022
0.044
0.068
0.093
0.119
0.146
0.175
0.205
0.237
0.270
0.306
0.343
0.382
0.424
0.469
0.516
0.567
0.621
0.679
0.741
0.808
0.880
0.958
1.043
1.136
1.238
1.350
1.474
1.611
1.765
1.938
2.133
2.357
2.615
2.917
3.273
3.700
4.222
4.875
5.714
6.833
8.400
10.750
14.667
22.500
46.000
0.021
0.116
0.171
0.297
0.371
0.548
0.655
0.920
1.087
1.526
1.824
2.692
3.364
5.857
8.600
47.000
0.021
0.043
0.065
0.089
0.114
0.140
0.195
0.225
0.256
0.289
0.324
0.361
0.441
0.485
0.531
0.581
0.633
0.690
0.815
0.885
0.960
1.042
1.130
1.227
1.450
1.579
1.722
1.882
2.062
2.267
2.769
3.083
3.455
3.900
4.444
5.125
7.167
8.800
11.250
15.333
23.500
48.000
0.020
0.064
0.163
0.220
0.282
0.351
0.515
0.613
0.724
0.852
1.174
1.381
1.632
1.941
2.846
3.545
4.556
6.143
15.667
49.000
0.020
0.041
0.085
0.109
0.159
0.186
0.244
0.275
0.342
0.378
0.457
0.594
0.645
0.759
0.821
0.962
1.040
1.217
1.318
1.550
1.684
2.188
2.643
2.923
3.636
4.100
5.375
6.286
9.200
11.750
24.500
50.000
0.020
0.061
0.106
0.156
0.209
0.268
0.405
0.486
0.576
0.677
0.793
0.926
1.080
1.261
1.476
1.737
2.059
2.467
3.727
4.778
6.429
9.400
16.333
51.000
0.019
0.039
0.060
0.082
0.104
0.128
0.152
0.178
0.205
0.233
0.262
0.293
0.325
0.359
0.395
0.432
0.472
0.514
0.559
0.606
0.656
0.710
0.767
0.828
0.893
0.963
1.038
1.120
1.208
1.304
1.409
1.524
1.650
1.789
1.944
2.118
2.312
2.533
2.786
3.077
3.417
3.818
4.300
4.889
5.625
6.571
7.833
9.600
12.250
16.667
25.500
52.000
0.019
0.102
0.149
0.256
0.317
0.459
0.543
0.742
0.862
1.160
1.348
1.842
2.176
3.154
3.909
6.714
9.800
53.000
0.019
0.038
0.058
0.078
0.122
0.146
0.170
0.196
0.279
0.310
0.341
0.410
0.447
0.486
0.528
0.618
0.719
0.774
0.897
0.964
1.037
1.115
1.292
1.391
1.619
1.895
2.056
2.235
2.438
2.929
3.231
3.583
5.111
5.875
6.857
8.167
12.750
17.333
26.500
54.000
0.018
0.057
0.098
0.191
0.244
0.302
0.366
0.436
0.514
0.697
0.806
0.931
1.074
1.240
1.435
1.947
2.294
2.733
3.308
4.091
5.222
10.200
17.667
55.000
0.018
0.036
0.075
0.096
0.140
0.163
0.213
0.239
0.295
0.326
0.390
0.425
0.541
0.629
0.676
0.781
0.839
0.966
1.036
1.192
1.280
1.478
1.591
1.850
2.353
2.562
3.071
3.385
4.182
4.700
6.125
7.143
10.400
13.250
27.500
56.000
0.018
0.055
0.094
0.137
0.184
0.234
0.289
0.349
0.415
0.487
0.568
0.657
0.758
0.871
1.148
1.320
1.522
1.762
2.053
2.412
2.867
3.462
4.273
5.444
7.286
10.600
18.333
57.000
0.017
0.035
0.054
0.073
0.093
0.113
0.135
0.157
0.180
0.204
0.229
0.255
0.283
0.311
0.341
0.372
0.405
0.439
0.475
0.513
0.553
0.595
0.639
0.686
0.735
0.788
0.844
0.903
0.967
1.034
1.107
1.185
1.269
1.360
1.458
1.565
1.682
1.810
1.950
2.105
2.278
2.471
2.688
2.933
3.214
3.538
3.917
4.364
4.900
5.556
6.375
7.429
8.833
