6.28 3.14
3.14 0.79
12.57 12.57
2.09 0.35
18.85 28.27
1.57 0.20
4.19 1.40
9.42 7.07
25.13 50.27
1.26 0.13
31.42 78.54
1.05 0.09
2.51 0.50
4.71 1.77
8.38 5.58
15.71 19.63
37.70 113.10
0.90 0.06
3.77 1.13
10.47 8.73
43.98 153.94
0.79 0.05
1.80 0.26
5.03 2.01
7.85 4.91
21.99 38.48
50.27 201.06
0.70 0.04
2.70 0.58
14.66 17.10
56.55 254.47
0.63 0.03
1.39 0.15
2.36 0.44
3.59 1.02
5.23 2.18
7.54 4.52
11.00 9.62
16.76 22.35
28.27 63.62
62.83 314.16
0.57 0.03
4.49 1.60
8.80 6.16
69.12 380.13
0.52 0.02
1.14 0.10
1.88 0.28
2.79 0.62
3.93 1.23
5.38 2.31
7.33 4.28
10.05 8.04
14.14 15.90
20.94 34.90
34.56 95.03
75.40 452.39
0.48 0.02
1.72 0.23
3.49 0.97
11.31 10.18
23.04 42.24
81.68 530.93
0.45 0.02
0.97 0.07
2.29 0.42
5.50 2.41
7.18 4.10
17.28 23.76
40.84 132.73
87.96 615.75
0.42 0.01
1.45 0.17
2.86 0.65
4.89 1.90
8.08 5.20
13.82 15.21
27.23 58.98
94.25 706.86
0.39 0.01
0.84 0.06
1.34 0.14
1.94 0.30
2.62 0.55
3.42 0.93
4.40 1.54
5.59 2.48
7.07 3.98
8.98 6.42
11.52 10.56
15.08 18.10
20.42 33.18
29.32 68.43
47.12 176.71
100.53 804.25
0.37 0.01
2.42 0.47
4.00 1.27
9.87 7.75
16.34 21.24
106.81 907.92
0.35 0.01
0.74 0.04
1.18 0.11
1.68 0.22
2.24 0.40
2.90 0.67
3.66 1.07
4.57 1.66
5.65 2.54
6.98 3.88
8.64 5.94
10.77 9.23
13.62 14.75
17.59 24.63
23.56 44.18
33.51 89.35
53.41 226.98
113.10 1017.88
0.33 0.01
1.11 0.10
3.38 0.91
5.14 2.10
7.68 4.69
11.67 10.83
35.61 100.89
119.38 1134.11
0.31 0.01
0.66 0.03
1.48 0.17
1.96 0.31
3.86 1.19
5.71 2.60
6.91 3.80
10.21 8.30
20.11 32.17
26.70 56.75
59.69 283.53
125.66 1256.64
0.30 0.01
0.99 0.08
1.85 0.27
2.93 0.69
4.35 1.50
9.07 6.55
13.46 14.43
21.36 36.32
39.79 126.00
131.95 1385.44
0.28 0.01
0.60 0.03
0.94 0.07
1.33 0.14
1.75 0.24
2.22 0.39
2.75 0.60
3.35 0.89
4.04 1.30
4.83 1.86
5.76 2.64
6.85 3.74
8.17 5.31
9.78 7.61
11.78 11.04
14.36 16.42
17.80 25.21
22.62 40.72
29.85 70.88
41.89 139.64
65.97 346.36
138.23 1520.53
0.27 0.01
1.65 0.22
2.59 0.53
5.32 2.25
7.43 4.39
15.26 18.54
23.88 45.36
144.51 1661.90
0.26 0.01
0.55 0.02
0.85 0.06
1.19 0.11
1.99 0.31
2.44 0.48
2.96 0.70
3.53 0.99
4.94 1.94
5.80 2.68
6.80 3.68
8.00 5.09
11.17 9.93
13.35 14.19
16.15 20.77
19.90 31.51
32.99 86.59
46.07 168.93
72.26 415.48
150.80 1809.56
0.25 0.01
0.82 0.05
1.50 0.18
2.31 0.43
3.32 0.88
4.61 1.69
8.57 5.84
11.87 11.21
17.05 23.14
26.39 55.42
48.17 184.67
157.08 1963.50
0.24 0.00
0.50 0.02
1.09 0.10
1.43 0.16
2.20 0.38
2.65 0.56
3.69 1.09
4.32 1.49
5.84 2.71
6.77 3.64
9.14 6.65
10.68 9.08
14.92 17.72
17.95 25.64
27.65 60.82
36.13 103.87
78.54 490.87
163.36 2123.72
0.23 0.00
0.75 0.05
1.36 0.15
2.98 0.71
4.07 1.32
5.45 2.36
7.25 4.18
9.71 7.50
13.26 14.00
28.90 66.48
52.36 218.15
169.65 2290.22
0.23 0.00
0.46 0.02
0.72 0.04
1.01 0.08
1.31 0.14
1.64 0.21
2.00 0.32
2.39 0.46
2.83 0.64
3.30 0.87
3.84 1.17
4.44 1.57
5.10 2.07
5.86 2.73
6.73 3.60
7.73 4.76
8.90 6.31
10.28 8.41
11.94 11.34
13.96 15.51
16.49 21.65
19.75 31.03
24.08 46.16
30.16 72.38
39.27 122.72
54.46 235.99
84.82 572.56
175.93 2463.01
0.21 0.00
1.91 0.29
3.64 1.05
4.81 1.84
8.22 5.37
10.85 9.37
20.65 33.92
182.21 2642.08
0.21 0.00
0.43 0.01
0.67 0.04
0.93 0.07
1.21 0.12
1.51 0.18
1.83 0.27
2.19 0.38
2.57 0.53
2.99 0.71
3.46 0.95
3.97 1.25
4.54 1.64
5.18 2.13
5.89 2.76
6.70 3.58
7.63 4.63
8.70 6.03
9.95 7.87
11.42 10.38
13.19 13.85
15.36 18.77
18.06 25.97
21.55 36.94
26.18 54.55
32.67 84.95
42.41 143.14
58.64 273.65
91.11 660.52
188.50 2827.43
0.20 0.00
0.65 0.03
1.16 0.11
1.76 0.25
2.46 0.48
3.29 0.86
4.30 1.47
5.54 2.44
7.12 4.03
9.19 6.71
11.99 11.45
16.06 20.52
22.44 40.06
33.93 91.61
60.74 293.58
194.78 3019.07
0.19 0.00
0.41 0.01
0.87 0.06
1.12 0.10
1.69 0.23
2.01 0.32
2.73 0.59
4.08 1.33
4.63 1.71
5.91 2.78
6.67 3.54
8.53 5.79
9.66 7.43
14.45 16.62
19.63 30.68
23.34 43.33
35.19 98.52
45.55 165.13
97.39 754.77
201.06 3216.99
0.19 0.00
0.61 0.03
1.08 0.09
1.63 0.21
2.26 0.41
3.00 0.72
3.89 1.20
4.96 1.96
7.96 5.04
10.15 8.19
13.14 13.74
17.45 24.24
24.23 46.74
36.44 105.68
64.92 335.43
207.35 3421.19
0.18 0.00
0.38 0.01
0.59 0.03
0.81 0.05
1.30 0.13
1.86 0.28
2.17 0.38
2.88 0.66
3.28 0.86
3.71 1.10
5.29 2.23
5.93 2.80
6.65 3.52
7.46 4.43
10.63 8.99
12.04 11.55
13.71 14.96
18.15 26.22
21.21 35.78
30.37 73.38
48.69 188.69
67.02 357.47
103.67 855.30
213.63 3631.68
0.18 0.00
1.01 0.08
1.51 0.18
2.76 0.61
3.55 1.00
5.62 2.52
7.02 3.93
11.11 9.83
14.28 16.23
26.03 53.92
38.96 120.76
219.91 3848.45
0.18 0.00
0.36 0.01
0.55 0.02
0.76 0.05
0.98 0.08
1.22 0.12
1.46 0.17
1.73 0.24
2.02 0.32
2.32 0.43
2.66 0.56
3.02 0.72
3.41 0.92
3.83 1.17
4.29 1.46
4.79 1.82
5.34 2.27
5.95 2.82
6.64 3.50
7.39 4.34
8.24 5.41
9.22 6.76
10.32 8.48
11.60 10.71
13.09 13.63
14.85 17.56
16.96 22.90
19.55 30.41
22.78 41.28
26.93 57.71
32.47 83.87
40.21 128.68
51.84 213.82
71.21 403.50
109.96 962.11
226.19 4071.50
0.17 0.00
0.54 0.02
0.96 0.07
1.42 0.16
1.95 0.30
2.56 0.52
3.27 0.85
4.10 1.34
5.09 2.06
7.76 4.79
9.63 7.38
12.08 11.62
15.43 18.93
20.24 32.61
27.83 61.63
41.47 136.85
73.31 427.63
232.48 4300.84
0.16 0.00
0.34 0.01
0.72 0.04
0.92 0.07
1.38 0.15
1.62 0.21
2.17 0.37
2.47 0.49
3.52 0.99
4.37 1.52
4.86 1.88
5.97 2.84
6.62 3.48
8.13 5.26
9.04 6.50
11.22 10.02
15.99 20.35
18.22 26.42
24.35 47.17
28.72 65.64
42.73 145.27
54.98 240.53
116.24 1075.21
238.76 4536.46
0.16 0.00
0.51 0.02
1.33 0.14
1.82 0.26
2.38 0.45
3.02 0.73
4.64 1.72
5.69 2.57
6.94 3.84
8.50 5.75
13.05 13.55
16.56 21.83
21.64 37.26
29.62 69.81
77.49 477.85
245.04 4778.36
0.16 0.00
0.32 0.01
0.50 0.02
0.68 0.04
0.87 0.06
1.07 0.09
1.29 0.13
1.52 0.18
1.77 0.25
2.03 0.33
2.31 0.42
2.60 0.54
2.92 0.68
3.26 0.85
3.63 1.05
4.02 1.29
4.45 1.57
4.92 1.93
5.43 2.35
5.98 2.85
6.60 3.46
7.28 4.21
8.03 5.13
8.87 6.26
9.81 7.66
10.89 9.44
12.12 11.69
13.53 14.58
15.19 18.35
17.13 23.36
19.48 30.19
22.34 39.73
25.92 53.46
30.52 74.11
36.65 106.89
45.24 162.86
58.12 268.80
79.59 504.08
122.52 1194.59
251.33 5026.55
0.15 0.00
0.85 0.06
2.23 0.40
2.81 0.63
4.27 1.45
5.19 2.14
7.61 4.61
9.24 6.80
14.02 15.64
17.71 24.95
46.50 172.03
257.61 5281.02
0.15 0.00
0.31 0.01
0.47 0.02
0.65 0.03
0.83 0.05
1.02 0.08
1.22 0.12
1.44 0.16
1.67 0.22
1.90 0.29
2.16 0.37
2.43 0.47
2.72 0.59
3.03 0.73
3.37 0.90
3.73 1.10
4.11 1.34
4.52 1.63
4.98 1.97
5.47 2.38
6.00 2.87
6.58 3.45
7.23 4.15
7.94 5.01
8.73 6.06
9.61 7.34
10.61 8.95
11.73 10.95
13.01 13.47
14.50 16.73
16.23 20.96
18.28 26.59
20.73 34.21
23.74 44.84
27.49 60.13
32.31 83.10
38.75 119.48
47.75 181.46
61.26 298.65
83.77 558.48
128.81 1320.25
263.89 5541.77
0.14 0.00
0.46 0.02
0.80 0.05
1.19 0.11
1.61 0.21
2.63 0.55
3.25 0.84
3.96 1.25
4.78 1.81
5.74 2.62
6.88 3.77
8.27 5.44
9.98 7.92
12.15 11.74
14.99 17.87
24.44 47.51
33.21 87.78
49.01 191.13
85.87 586.81
270.18 5808.80
0.14 0.00
0.30 0.01
0.62 0.03
1.16 0.11
1.36 0.15
2.04 0.33
2.55 0.52
2.84 0.64
3.47 0.96
3.81 1.16
4.59 1.68
6.01 2.88
6.57 3.43
8.60 5.88
10.35 8.52
11.39 10.31
13.91 15.40
15.47 19.04
19.42 30.02
29.06 67.20
34.11 92.60
64.40 330.06
135.09 1452.20
276.46 6082.12
0.14 0.00
0.44 0.02
0.77 0.05
1.12 0.10
1.53 0.19
1.97 0.31
2.48 0.49
3.04 0.74
3.68 1.08
4.42 1.56
5.28 2.22
7.48 4.45
8.93 6.34
10.72 9.14
12.99 13.42
15.95 20.24
19.99 31.81
25.83 53.09
35.00 97.50
51.52 211.24
90.06 645.39
282.74 6361.73
0.14 0.00
0.28 0.01
0.43 0.01
0.58 0.03
0.75 0.04
0.92 0.07
1.10 0.10
1.29 0.13
1.49 0.18
1.70 0.23
1.92 0.29
2.16 0.37
2.40 0.46
2.66 0.56
2.95 0.69
3.24 0.84
3.56 1.01
3.90 1.21
4.27 1.45
4.66 1.72
5.08 2.05
5.53 2.43
6.02 2.88
6.55 3.42
7.14 4.05
7.78 4.81
8.48 5.73
9.26 6.83
10.12 8.15
11.09 9.79
12.18 11.80
13.40 14.29
14.81 17.45
16.43 21.48
18.33 26.73
20.56 33.65
23.25 43.01
26.53 56.00
30.63 74.66
35.90 102.57
42.93 146.68
52.78 221.67
67.54 363.05
92.16 675.82
141.37 1590.43
289.03 6647.61
0.13 0.00
0.73 0.04
1.07 0.09
1.87 0.28
2.33 0.43
3.44 0.94
4.12 1.35
5.78 2.66
6.83 3.71
9.59 7.32
11.46 10.45
16.91 22.77
21.14 35.55
36.80 107.77
54.04 232.35
295.31 6939.78
0.13 0.00
0.27 0.01
0.41 0.01
0.56 0.02
0.72 0.04
0.88 0.06
1.23 0.12
1.41 0.16
1.61 0.21
1.82 0.26
2.04 0.33
2.27 0.41
2.77 0.61
3.05 0.74
3.34 0.89
3.65 1.06
3.98 1.26
4.34 1.50
5.12 2.09
5.56 2.46
6.03 2.90
6.55 3.41
7.10 4.01
7.71 4.73
9.11 6.61
9.92 7.83
10.82 9.32
11.82 11.13
12.96 13.36
14.24 16.15
17.40 24.09
19.37 29.86
21.71 37.50
24.50 47.78
27.92 62.04
32.20 82.52
45.03 161.37
55.29 243.28
70.69 397.61
96.34 738.59
147.65 1734.94
301.59 7238.23
0.13 0.00
0.40 0.01
1.02 0.08
1.38 0.15
1.77 0.25
2.21 0.39
3.24 0.83
3.85 1.18
4.55 1.65
5.35 2.28
7.38 4.33
8.68 5.99
10.25 8.37
12.20 11.84
17.88 25.45
22.27 39.48
28.63 65.21
38.60 118.55
98.44 771.12
307.88 7542.96
0.13 0.00
0.26 0.01
0.53 0.02
0.68 0.04
1.00 0.08
1.17 0.11
1.53 0.19
1.73 0.24
2.15 0.37
2.38 0.45
2.87 0.66
3.73 1.11
4.05 1.31
4.77 1.81
5.16 2.12
6.04 2.91
6.53 3.40
7.65 4.65
8.28 5.46
9.74 7.55
10.58 8.91
13.75 15.04
16.61 21.95
18.37 26.84
22.85 41.53
25.76 52.81
33.77 90.76
39.50 124.14
57.81 265.90
73.83 433.74
153.94 1885.74
314.16 7853.98
0.13 0.00
0.38 0.01
0.67 0.04
0.98 0.08
1.31 0.14
1.68 0.23
2.54 0.52
3.05 0.74
3.62 1.04
4.25 1.44
4.98 1.98
5.82 2.69
6.79 3.66
7.92 5.00
9.27 6.84
10.91 9.48
12.94 13.32
15.50 19.12
23.42 43.64
30.02 71.72
40.39 129.85
59.06 277.59
102.62 838.07
320.44 8171.28
0.12 0.00
0.25 0.00
0.38 0.01
0.52 0.02
0.65 0.03
0.80 0.05
0.96 0.07
1.12 0.10
1.29 0.13
1.46 0.17
1.65 0.22
1.84 0.27
2.04 0.33
2.26 0.40
2.48 0.49
2.71 0.59
2.97 0.70
3.23 0.83
3.51 0.98
3.81 1.15
4.12 1.35
4.46 1.58
4.82 1.85
5.20 2.15
5.61 2.51
6.05 2.91
6.52 3.38
7.04 3.94
7.59 4.58
8.19 5.34
8.85 6.24
9.58 7.30
10.37 8.55
11.24 10.05
12.21 11.87
13.31 14.09
14.53 16.79
15.92 20.16
17.50 24.38
19.33 29.74
21.47 36.68
23.99 45.80
27.02 58.09
30.72 75.09
35.34 99.40
41.29 135.65
49.22 192.76
60.32 289.53
76.97 471.44
104.72 872.70
160.22 2042.82
326.73 8494.87
0.12 0.00
0.64 0.03
0.94 0.07
1.61 0.21
1.99 0.32
2.88 0.66
3.41 0.93
4.66 1.73
5.42 2.33
7.29 4.23
8.47 5.71
11.57 10.66
13.67 14.88
19.82 31.25
24.56 48.00
42.19 141.62
61.58 301.72
333.01 8824.73
0.12 0.00
0.24 0.00
0.36 0.01
0.49 0.02
0.77 0.05
0.92 0.07
1.07 0.09
1.23 0.12
1.75 0.24
1.95 0.30
2.14 0.37
2.58 0.53
2.81 0.63
3.05 0.74
3.32 0.88
3.88 1.20
4.52 1.62
4.86 1.88
5.64 2.53
6.06 2.92
6.52 3.38
7.01 3.91
8.12 5.24
8.74 6.08
10.17 8.23
11.91 11.28
12.92 13.28
14.04 15.69
15.32 18.67
18.40 26.95
20.30 32.80
22.51 40.33
32.11 82.07
36.91 108.43
43.08 147.71
51.31 209.54
80.11 510.71
108.91 943.84
166.50 2206.18
339.29 9160.88
0.11 0.00
0.36 0.01
0.62 0.03
1.20 0.11
1.53 0.19
1.90 0.29
2.30 0.42
2.74 0.60
3.23 0.83
4.38 1.53
5.06 2.04
5.85 2.72
6.75 3.62
7.79 4.83
9.02 6.47
12.23 11.91
14.41 16.53
17.17 23.47
20.78 34.38
25.70 52.58
32.81 85.67
64.09 326.85
111.01 980.56
345.58 9503.32
0.11 0.00
0.23 0.00
0.47 0.02
0.60 0.03
0.88 0.06
1.02 0.08
1.34 0.14
1.50 0.18
1.85 0.27
2.05 0.33
2.45 0.48
2.67 0.57
3.40 0.92
3.95 1.24
4.25 1.44
4.91 1.92
5.27 2.21
6.07 2.93
6.51 3.37
7.49 4.46
8.04 5.15
9.29 6.86
10.00 7.95
11.62 10.75
14.78 17.39
16.10 20.62
19.30 29.63
21.27 36.00
26.28 54.94
29.53 69.40
38.48 117.86
44.88 160.29
65.35 339.79
83.25 551.55
172.79 2375.83
351.86 9852.03
0.11 0.00
0.35 0.01
0.59 0.03
0.86 0.06
1.16 0.11
1.47 0.17
1.82 0.26
2.19 0.38
2.61 0.54
3.06 0.75
3.57 1.01
4.13 1.36
4.76 1.81
5.47 2.38
7.21 4.14
8.29 5.47
9.56 7.28
11.07 9.75
12.90 13.24
15.16 18.28
18.01 25.82
21.75 37.65
26.85 57.36
34.21 93.11
45.78 166.77
66.60 352.99
115.19 1055.89
358.14 10207.03
0.11 0.00
0.22 0.00
0.34 0.01
0.46 0.02
0.58 0.03
0.71 0.04
0.85 0.06
0.99 0.08
1.13 0.10
1.28 0.13
1.44 0.16
1.60 0.20
1.78 0.25
1.95 0.30
2.14 0.37
2.34 0.43
2.54 0.52
2.76 0.61
2.98 0.71
3.22 0.83
3.47 0.96
3.74 1.11
4.01 1.28
4.31 1.48
4.62 1.70
4.95 1.95
5.30 2.24
5.67 2.56
6.08 2.94
6.50 3.36
6.96 3.85
7.45 4.41
7.97 5.06
8.55 5.81
9.16 6.68
9.83 7.69
10.57 8.89
11.37 10.29
12.25 11.95
13.23 13.92
14.31 16.30
15.53 19.18
16.89 22.70
18.43 27.03
20.19 32.45
22.23 39.32
24.61 48.20
27.42 59.83
30.79 75.43
34.91 96.98
40.06 127.68
46.68 173.38
55.50 245.11
