12 18
100 60
8 10
12 18
100 60
8 10
16 2
18 6
8 18
12 2
12 18
16 3
3 16
8 6
2 18
2 3
2 16
12 16
18 2
2 12
8 16
6 8
2 6
6 2
8 12
16 18
6 12
6 18
8 3
3 2
18 12
3 12
2 8
12 3
3 18
16 12
6 3
8 2
16 8
3 8
12 6
12 8
6 16
3 6
18 3
18 8
16 6
18 16
6 29
6 59
15 57
52 41
25 52
55 56
30 23
30 58
10 0
52 45
59 57
55 10
45 2
0 56
25 21
29 16
10 51
37 42
8 54
39 48
10 52
35 20
1 6
4 2
1 5
30 21
45 36
51 5
50 27
22 0
13 38
56 31
54 20
38 17
29 13
5 25
36 49
51 4
20 45
21 8
0 47
25 23
57 50
22 49
5 30
30 33
51 55
45 15
24 21
34 53
11 20
54 12
31 40
47 22
48 35
30 53
13 53
11 49
14 7
49 5
6 25
60 58
40 32
3 22
35 27
8 13
28 32
11 37
53 13
33 28
11 57
39 35
36 18
40 4
8 0
29 43
49 54
23 37
53 38
9 16
41 46
41 20
12 29
46 58
21 5
23 20
47 29
45 59
40 2
16 28
3 43
31 21
25 1
15 22
34 18
14 6
3 6
40 50
24 11
39 31
36 15
36 11
25 45
44 11
31 16
16 36
5 10
59 52
52 14
15 19
37 38
55 42
44 39
60 57
53 55
45 23
34 17
48 33
60 6
21 38
18 5
29 1
57 32
28 12
46 19
19 27
30 26
12 42
40 38
16 29
49 50
55 23
55 29
19 38
47 52
48 17
24 10
52 4
55 15
43 52
29 10
13 51
22 34
0 33
8 38
15 53
38 21
29 60
19 2
16 21
6 2
19 37
54 57
5 40
25 7
14 29
36 55
53 49
25 17
32 0
37 37
58 10
25 57
7 26
48 12
21 7
8 29
9 48
52 44
60 45
40 40
0 49
55 52
4 10
11 42
55 4
35 44
58 44
38 44
58 39
30 30
27 10
3 44
7 40
45 8
3 17
0 43
5 24
40 46
1 39
55 60
39 28
36 37
30 13
57 19
13 33
25 10
28 16
41 4
55 48
56 52
11 38
55 19
35 48
46 29
35 45
53 3
43 24
44 51
44 47
56 7
8 2
52 37
21 2
46 20
60 9
18 9
35 47
19 20
44 2
12 20
23 22
35 6
15 59
33 14
32 56
29 52
56 24
5 54
31 6
10 34
10 1
32 48
18 34
43 54
53 14
9 55
20 21
17 25
25 8
36 10
6 50
45 44
0 2
53 60
39 42
31 23
42 2
20 22
27 7
46 16
30 1
17 22
54 22
51 18
46 41
40 8
57 41
20 19
2 53
30 39
26 6
21 25
14 46
0 52
25 39
53 20
27 15
30 44
12 54
32 50
31 43
13 2
37 10
21 35
39 33
17 32
5 38
49 30
57 2
18 30
9 35
27 55
3 3
19 30
60 49
40 51
31 11
33 23
57 53
5 36
25 49
33 7
21 26
50 23
20 47
29 2
4 13
22 19
53 59
16 58
33 38
1 36
31 12
48 28
49 43
48 60
56 37
44 56
6 18
59 22
49 20
0 10
23 24
45 38
59 51
20 0
19 23
22 30
18 60
10 59
24 2
32 10
47 46
17 53
46 50
2 42
1 12
43 28
41 37
57 13
7 45
28 0
53 23
2 23
38 39
0 29
44 7
30 59
52 58
3 57
60 35
48 55
41 33
20 8
20 16
24 38
14 51
48 20
0 54
31 58
8 57
10 20
25 37
54 42
9 14
46 60
44 43
41 30
7 53
37 55
13 37
50 33
15 43
48 0
2 46
15 16
20 15
24 22
7 42
21 43
8 60
28 13
51 2
32 54
35 57
52 25
33 15
24 16
32 47
22 23
24 0
27 3
9 24
2 43
17 48
33 1
25 41
14 15
8 45
16 13
50 36
26 46
31 59
7 36
18 43
2 45
57 33
1 42
31 31
36 46
15 0
16 24
44 57
5 20
43 40
6 57
9 29
27 60
8 26
14 34
45 35
34 43
2 17
18 31
54 56
22 46
13 58
55 58
49 11
12 10
60 7
25 47
3 47
1 26
44 29
19 10
38 54
53 29
4 3
58 23
39 34
15 33
14 4
11 13
5 34
12 47
48 58
50 25
44 23
59 56
14 2
45 45
42 51
49 42
56 18
15 18
57 24
15 14
1 43
44 27
56 33
55 34
51 14
40 59
19 56
47 3
49 18
6 39
41 5
46 18
51 13
59 1
31 19
38 53
48 57
32 44
38 35
37 57
4 33
57 12
40 18
7 55
18 20
37 3
48 53
56 40
59 10
42 18
49 0
44 53
7 46
55 41
59 16
51 48
49 41
14 37
32 6
13 19
56 12
18 1
20 9
56 14
44 48
0 41
25 25
17 43
52 21
43 31
20 18
42 11
6 4
11 5
36 45
22 40
33 43
11 25
23 52
17 29
24 17
50 38
21 21
4 43
33 22
28 26
3 56
43 56
33 44
12 2
34 56
40 16
49 52
47 26
21 29
55 39
16 49
57 26
7 29
55 55
18 29
59 18
39 15
11 52
1 33
20 23
18 0
40 42
41 35
6 27
57 48
21 11
54 37
32 39
49 58
43 51
48 27
20 41
1 25
34 13
22 25
16 51
49 46
47 23
8 1
13 0
22 55
17 15
31 14
45 14
15 34
19 19
35 52
42 49
12 1
24 14
12 44
29 24
54 43
7 18
9 41
53 44
23 18
54 7
15 27
2 12
11 30
15 48
18 56
5 49
58 20
7 22
45 29
22 1
45 60
45 58
47 9
14 45
21 48
38 40
46 26
39 32
18 48
10 55
45 19
41 6
32 27
9 0
28 22
46 56
44 58
28 48
33 47
29 31
2 22
58 2
59 26
60 39
10 2
0 16
5 58
3 29
39 11
30 20
23 49
34 59
32 24
15 1
31 33
3 32
31 42
22 28
23 60
27 32
52 6
31 36
50 35
23 51
54 26
31 41
29 33
28 34
38 11
12 49
31 34
45 39
33 36
59 19
51 49
36 19
42 55
36 3
6 32
57 4
40 19
7 43
50 29
21 47
39 13
4 60
55 20
30 60
25 38
26 17
27 49
60 3
31 32
46 28
12 8
14 23
20 32
23 57
41 0
22 57
60 47
58 26
36 32
60 42
14 36
20 7
51 0
46 3
19 12
53 24
35 54
1 44
44 49
39 2
57 7
56 39
12 59
18 18
7 14
12 57
52 3
49 17
31 44
10 10
38 8
23 5
35 26
38 1
7 6
39 36
48 18
37 5
29 11
48 10
11 1
8 4
26 34
16 32
33 0
21 6
11 22
7 16
52 52
20 29
20 40
7 15
5 4
58 36
21 49
34 48
37 47
49 13
20 25
54 9
58 0
55 30
41 43
55 27
10 6
2 52
34 47
14 0
18 44
52 57
4 0
13 25
34 8
12 4
2 24
49 51
5 19
35 41
55 37
2 36
54 51
21 1
5 5
24 12
8 30
22 58
32 13
5 41
14 54
16 50
53 21
43 17
7 57
38 0
3 45
8 48
7 54
41 19
15 20
47 28
60 50
29 28
35 43
5 47
24 30
19 48
57 6
56 41
26 25
19 14
2 40
28 11
3 48
54 59
44 26
9 60
1 17
26 58
11 56
59 39
50 13
37 49
2 13
59 6
28 59
53 11
39 3
9 40
56 9
17 1
30 50
29 50
4 55
50 20
25 48
32 49
1 32
3 39
6 9
14 58
28 14
13 5
2 50
40 22
50 17
36 26
10 35
25 19
29 45
28 23
16 37
1 40
28 53
7 30
14 31
20 14
29 37
0 30
51 60
53 47
1 19
0 32
21 18
4 6
11 10
29 49
24 35
38 37
33 17
11 39
27 1
13 48
40 58
19 60
58 8
13 6
14 48
8 15
28 2
44 38
9 49
3 42
41 28
28 40
6 43
41 7
36 16
8 53
42 33
25 4
56 3
60 46
35 51
37 34
48 40
4 53
36 30
49 15
7 32
18 39
47 39
59 59
0 58
55 1
35 19
43 30
22 26
31 27
48 59
55 40
19 7
26 26
2 18
31 20
59 29
40 14
39 46
37 56
40 29
9 58
41 51
36 50
47 17
19 35
13 21
5 23
53 43
57 59
28 15
18 25
18 22
4 31
54 39
37 53
23 33
55 18
9 13
50 12
27 45
27 43
18 57
11 14
58 25
57 5
23 9
6 56
22 2
23 15
53 12
43 39
26 44
16 10
40 12
34 44
47 8
4 25
23 58
57 10
19 24
56 58
31 18
17 5
8 11
44 24
20 53
21 41
52 31
9 8
1 2
50 50
32 11
25 12
47 24
33 52
20 60
49 44
8 9
28 7
32 37
48 21
5 8
54 41
42 50
5 59
27 20
23 29
47 16
43 1
14 60
28 52
24 13
12 6
51 23
41 60
33 12
44 10
12 11
17 40
22 41
27 14
3 25
18 27
17 14
57 21
1 45
3 53
58 14
46 2
17 20
5 48
33 30
23 1
53 17
31 22
15 7
53 18
13 11
48 42
2 25
60 44
13 18
49 32
34 10
48 38
57 23
60 51
40 36
6 46
0 5
51 51
28 10
5 37
37 4
6 34
34 32
36 44
23 50
37 7
30 45
33 3
48 41
33 8
25 35
20 17
40 54
32 1
54 4
10 48
5 17
22 32
44 60
29 12
47 20
3 36
3 4
52 23
26 48
5 1
43 37
29 18
6 8
51 22
23 30
37 11
33 19
34 52
43 48
5 33
56 11
6 37
39 30
7 59
23 53
41 53
51 19
0 13
53 4
21 58
48 15
47 40
55 44
56 42
9 3
37 17
5 21
27 33
31 8
47 27
53 16
20 10
58 37
20 11
36 57
22 7
49 56
8 56
10 47
25 15
36 14
7 38
53 7
41 9
44 5
59 3
38 14
9 28
49 22
9 18
56 43
17 54
55 45
29 29
46 38
8 3
4 5
33 41
48 9
17 38
23 42
2 29
49 38
18 46
48 48
5 50
23 28
40 3
2 15
51 41
58 57
47 41
29 5
59 58
17 27
9 37
17 46
10 13
38 47
9 45
5 9
17 19
48 36
0 24
33 51
59 4
45 10
11 53
0 55
44 44
2 35
1 21
57 3
35 56
18 6
36 34
29 30
12 17
5 31
12 16
40 44
37 33
19 9
4 48
30 56
1 35
54 10
6 41
39 1
16 31
46 9
27 31
1 51
55 24
36 54
25 18
17 8
46 21
18 7
50 41
7 49
29 6
34 27
34 35
45 27
9 2
17 52
30 10
21 56
57 57
25 9
27 4
26 10
31 50
53 9
37 30
12 21
53 5
36 60
43 47
58 52
58 59
31 54
29 25
47 51
43 46
26 21
23 40
20 6
51 25
56 51
43 5
26 27
30 40
7 13
18 32
51 27
52 59
6 13
28 24
25 51
4 7
54 2
33 35
52 47
48 31
38 27
8 42
21 15
45 11
42 46
34 7
27 56
50 57
29 51
15 13
16 5
22 4
2 26
4 57
3 55
16 55
0 45
35 32
12 37
51 45
28 6
30 15
32 2
2 1
13 29
39 55
46 52
7 23
58 1
4 15
41 27
2 28
56 13
17 39
31 0
55 25
24 6
40 23
12 32
31 49
29 32
50 4
26 29
26 40
39 22
32 15
24 27
14 1
13 3
16 56
41 2
25 33
5 29
29 27
28 30
56 10
2 4
17 50
44 17
35 8
52 35
49 36
14 11
4 46
39 23
10 54
6 5
9 25
17 47
29 55
15 3
26 20
38 31
19 46
10 60
24 47
21 36
13 17
2 47
43 14
52 5
14 8
26 47
43 59
16 12
27 17
14 19
16 3
13 39
0 21
8 21
14 59
57 28
39 37
25 34
32 21
45 20
17 58
11 18
40 11
39 47
38 48
30 47
59 11
58 35
55 50
7 25
16 59
60 52
60 32
56 25
11 0
17 55
22 20
30 49
2 2
40 27
25 60
8 37
38 60
37 39
19 39
33 2
0 50
45 51
41 8
8 39
44 22
58 6
29 42
26 12
40 17
42 48
17 57
60 48
6 0
21 14
45 49
30 36
54 40
17 13
38 2
42 27
13 26
46 0
59 27
15 40
24 1
54 29
8 12
39 52
34 46
24 52
45 16
30 18
49 37
4 35
11 33
58 49
39 25
27 24
40 1
58 31
12 23
38 36
55 6
44 14
0 6
31 1
4 51
48 5
58 9
1 9
52 2
13 52
59 45
58 58
27 0
41 58
45 5
24 33
18 28
5 6
32 57
44 36
50 52
34 40
51 17
28 60
32 25
6 36
45 22
27 36
40 21
46 31
55 38
58 4
20 28
26 14
55 43
42 37
9 15
23 56
57 52
35 11
53 10
1 31
19 8
38 13
40 41
19 44
26 9
49 28
15 17
44 59
34 41
39 38
21 3
28 45
2 37
17 51
30 29
7 39
36 39
10 8
15 60
28 41
42 13
6 48
20 51
37 29
29 59
0 59
11 50
33 50
23 44
53 53
35 39
24 36
21 33
56 36
17 6
15 44
44 33
48 25
59 33
32 4
17 35
57 54
55 49
16 11
36 41
11 34
41 14
28 28
21 55
42 25
54 15
39 44
11 27
0 42
57 34
24 32
1 30
54 49
23 26
8 5
24 60
26 33
35 31
36 38
1 57
60 11
33 49
29 0
51 10
5 55
26 51
11 11
21 40
4 18
11 12
36 35
49 31
60 23
44 32
18 8
15 15
32 12
37 52
35 25
42 56
43 4
17 56
10 37
9 9
34 20
54 21
53 37
12 43
59 55
17 0
10 19
60 36
49 1
21 54
57 42
46 53
37 19
53 32
13 46
8 50
55 51
36 47
38 50
46 27
56 54
13 15
35 55
53 31
54 32
8 23
18 4
47 34
5 11
51 3
50 46
35 5
19 41
28 21
8 24
48 29
28 39
42 19
2 14
51 40
3 33
41 36
27 37
59 44
42 1
43 18
12 56
34 29
37 58
43 9
46 22
42 14
20 48
30 12
4 14
13 12
32 17
38 23
46 37
33 21
16 40
46 47
36 5
32 16
49 29
48 3
5 27
3 46
33 34
38 57
27 52
39 39
40 5
43 27
26 60
52 50
46 43
5 35
3 2
50 30
37 6
49 39
37 26
18 47
35 34
57 27
47 59
16 45
22 35
42 58
60 56
7 60
17 21
27 22
56 17
51 44
10 18
50 1
57 49
43 42
18 15
53 41
20 42
54 35
18 12
25 14
26 42
27 39
23 34
13 54
9 44
8 10
7 50
11 7
52 15
56 56
58 22
35 46
21 19
4 9
15 2
28 9
49 3
6 1
4 45
0 57
41 29
23 17
26 4
36 24
50 28
42 38
6 7
26 56
50 24
54 19
42 42
30 48
37 8
22 50
23 55
52 9
57 38
36 8
54 47
20 34
42 23
38 33
60 31
19 59
19 50
50 3
29 38
21 16
6 49
12 31
26 3
41 26
49 57
33 48
22 39
7 35
33 31
36 6
8 52
9 38
58 12
57 35
42 45
46 51
1 28
38 59
52 28
45 41
7 4
39 41
49 12
34 22
6 53
14 22
6 11
60 4
2 55
39 45
20 2
29 39
4 1
28 8
51 54
22 3
35 7
57 40
11 8
34 15
18 45
26 28
47 12
42 6
34 9
8 14
26 37
30 14
51 38
0 51
44 41
40 48
4 19
60 53
32 34
41 41
34 34
30 52
44 25
35 28
44 55
60 60
44 13
26 35
59 32
47 15
28 51
18 24
40 57
51 35
45 0
26 7
40 33
32 33
14 5
32 5
55 14
26 22
19 5
36 48
11 46
57 14
57 9
43 43
11 41
15 51
38 25
43 32
4 12
14 41
11 54
26 41
17 26
9 4
58 17
47 18
42 7
49 25
14 14
21 9
42 52
53 58
54 36
57 60
59 17
48 22
52 40
53 52
40 39
37 25
31 51
42 44
12 3
57 22
46 44
27 38
0 1
27 41
9 42
11 9
47 33
58 54
23 32
35 15
10 39
8 59
0 27
46 5
28 18
17 17
21 13
4 50
38 49
32 59
27 57
48 47
6 17
46 33
57 51
33 42
24 48
37 23
45 57
56 57
0 23
33 29
7 20
9 21
42 35
29 34
0 8
4 42
60 54
52 19
57 29
50 5
24 59
20 36
9 43
40 25
45 50
49 10
14 47
35 58
8 49
13 4
47 6
50 39
58 56
58 60
17 12
38 28
38 10
1 37
14 56
23 4
12 58
14 38
47 4
41 56
18 52
57 47
44 12
15 29
10 31
4 8
20 49
55 17
52 30
36 9
6 38
19 49
31 46
31 35
34 57
19 36
17 24
35 42
36 58
5 16
41 16
19 4
60 37
4 26
44 30
46 7
21 50
31 38
27 5
13 57
31 39
53 50
21 60
23 19
54 30
60 14
21 20
46 15
18 3
51 24
48 44
27 53
24 20
11 43
8 41
12 14
22 48
42 5
44 19
47 0
6 26
37 1
50 59
37 36
37 18
10 43
22 38
38 4
20 4
39 4
51 26
22 11
51 31
16 60
36 4
37 21
7 2
54 11
35 9
2 44
57 56
10 14
5 43
30 57
45 7
43 15
11 26
4 39
16 17
16 41
7 47
37 43
43 2
39 14
1 27
25 24
55 26
44 40
27 42
15 37
51 6
14 9
52 12
46 36
41 38
15 6
51 50
40 7
16 6
1 60
30 7
51 52
32 18
1 1
19 53
47 60
53 0
59 53
3 31
8 6
20 1
24 44
3 18
1 7
13 14
39 0
50 19
17 9
12 39
55 12
5 2
42 47
35 16
28 5
15 11
3 23
47 37
3 27
58 7
5 57
29 46
16 34
47 50
46 11
59 12
46 14
52 17
42 4
60 10
60 59
40 34
38 5
42 15
12 41
1 22
52 10
23 6
36 0
0 40
18 14
32 8
57 44
19 45
47 38
24 58
13 60
4 29
12 34
36 28
38 7
41 55
35 33
52 16
18 50
42 21
54 46
22 54
19 52
52 7
10 3
44 54
47 14
34 16
51 53
45 9
37 14
1 38
39 54
27 2
32 9
52 39
55 35
9 26
4 40
20 54
23 45
39 7
1 14
24 29
60 18
2 11
9 54
5 15
32 45
10 49
3 1
40 49
54 23
58 32
14 35
29 7
53 40
9 33
25 13
36 1
48 1
0 28
21 0
0 35
4 44
47 11
0 3
58 21
58 40
8 31
34 55
33 18
20 24
2 48
8 18
9 50
36 20
2 32
35 12
24 3
20 38
41 11
10 5
21 59
44 35
24 19
40 47
0 44
20 46
55 8
15 55
7 58
25 46
10 36
29 15
57 16
6 14
2 57
22 51
32 14
60 26
60 33
30 16
39 9
15 41
52 18
46 25
43 49
53 27
35 36
23 11
5 46
54 6
40 37
20 26
0 4
15 9
53 39
44 4
14 40
41 50
35 53
52 20
22 14
6 45
6 44
49 35
27 13
50 49
27 30
59 38
55 53
30 31
9 39
22 16
39 8
52 46
32 26
59 30
55 32
26 31
11 17
59 0
31 10
38 26
44 16
3 59
19 40
6 6
31 9
52 54
25 6
18 51
3 41
0 22
38 22
21 46
9 19
12 53
21 22
15 5
21 57
19 13
16 44
49 9
4 41
39 18
52 48
31 26
31 30
17 60
56 32
50 11
25 11
24 9
27 28
50 55
46 6
26 53
34 6
33 56
49 16
58 28
11 16
51 1
18 49
46 24
20 31
39 49
2 60
31 28
24 50
34 37
36 25
4 21
60 20
19 26
25 26
47 31
12 35
31 55
19 18
35 29
6 16
41 59
25 31
53 51
32 7
16 19
9 56
5 51
33 58
39 57
15 47
1 49
37 60
53 46
32 30
57 30
0 53
30 42
58 33
0 25
35 35
13 10
16 8
42 12
39 19
48 11
14 17
27 40
19 0
13 20
31 45
6 31
31 52
17 34
26 45
0 14
56 28
23 25
40 55
23 36
55 2
57 25
33 39
5 12
34 54
6 33
9 53
0 9
2 16
45 1
7 52
25 0
54 28
29 36
32 31
54 8
43 6
16 20
0 34
43 33
48 30
45 43
53 15
21 37
17 11
10 16
48 39
9 59
48 14
45 55
30 51
28 58
32 22
58 41
44 50
11 2
50 6
51 39
19 11
3 40
42 59
47 45
37 22
49 59
37 41
41 13
2 54
51 36
7 51
5 14
37 13
16 57
42 60
11 47
9 1
21 12
49 40
38 24
53 57
42 10
23 16
26 0
52 38
22 10
54 25
39 6
50 34
24 26
44 6
14 27
45 34
29 35
59 40
17 16
39 43
45 46
15 50
38 51
30 43
1 8
13 59
8 27
7 28
27 9
43 58
54 16
7 31
14 32
12 22
57 20
39 27
27 25
17 45
13 7
12 15
4 47
10 12
13 42
16 33
55 28
57 46
4 28
1 18
3 16
12 50
8 7
32 60
21 27
41 15
28 17
5 45
13 8
50 9
54 1
11 4
10 33
12 60
37 48
18 36
3 11
33 33
34 24
29 44
24 54
21 53
35 24
2 56
34 14
35 1
57 0
0 37
45 48
23 43
34 30
22 15
1 41
46 34
28 3
16 16
22 22
2 58
11 36
40 45
59 37
8 33
23 47
37 51
49 2
48 26
54 44
17 42
53 19
60 12
20 33
27 50
36 2
19 21
3 24
49 24
24 45
32 19
60 24
23 39
41 40
32 36
57 17
24 39
16 18
32 32
16 54
49 48
58 46
9 7
42 32
60 25
24 46
30 54
11 51
34 51
16 39
52 51
15 31
47 10
27 26
12 30
43 60
23 21
56 53
41 22
30 32
10 38
40 24
59 13
35 0
54 18
29 54
41 17
23 13
27 23
12 51
50 22
49 47
36 12
4 58
43 12
54 45
24 56
24 5
17 59
37 16
57 15
14 50
22 56
1 29
48 43
51 7
18 53
37 46
8 58
60 38
25 16
5 56
2 30
21 24
47 21
30 9
43 23
29 4
37 0
24 23
11 31
25 54
9 23
13 9
52 32
11 59
38 45
46 42
37 35
35 17
35 30
3 13
22 5
60 21
33 16
12 45
22 21
33 32
50 51
49 60
27 16
14 20
41 32
39 29
41 21
13 36
3 10
31 3
26 39
59 23
47 44
2 6
10 15
50 15
11 23
34 3
42 3
10 24
1 48
58 30
9 36
30 28
18 19
43 7
50 44
29 17
29 56
8 25
7 17
30 37
48 19
1 58
25 27
46 10
49 14
44 52
60 1
1 3
18 59
48 6
31 56
53 33
48 51
23 59
56 19
35 2
40 31
47 57
11 35
45 6
40 26
12 7
6 55
34 36
51 11
27 44
46 8
54 5
53 42
41 48
22 44
59 31
35 13
53 30
8 16
13 43
21 34
59 21
16 53
47 13
52 60
54 58
52 11
51 20
52 43
9 5
20 58
51 58
35 40
2 39
22 59
18 26
52 24
38 38
33 60
58 47
12 0
14 57
26 30
18 21
56 49
21 51
27 35
35 60
42 17
21 4
34 28
18 42
2 59
43 16
50 40
24 43
45 37
11 32
8 51
43 44
45 31
13 40
11 3
26 52
12 26
39 17
32 46
38 42
59 2
32 42
49 19
45 40
43 10
37 54
27 27
58 45
29 14
34 26
36 29
43 50
38 19
55 36
6 35
35 59
29 41
44 8
1 24
39 16
52 55
50 21
8 19
48 4
5 60
44 31
4 23
30 24
6 47
22 27
8 44
52 22
43 3
26 49
58 19
7 19
13 30
23 27
34 31
1 23
26 32
41 52
2 8
8 17
35 4
33 59
39 51
48 2
35 3
43 21
59 25
31 24
50 16
24 7
3 0
50 2
25 3
8 8
27 21
1 34
38 3
17 18
50 60
1 55
4 34
33 53
22 18
16 0
32 53
37 28
42 9
50 7
36 17
4 52
51 12
36 23
53 6
8 20
19 15
3 34
25 20
0 60
43 55
46 23
36 36
49 53
7 0
7 21
23 7
14 42
7 24
23 0
50 10
24 51
11 60
32 51
22 53
9 12
5 39
51 37
35 21
45 52
20 35
40 6
21 30
4 37
4 17
1 10
15 52
43 22
45 54
48 8
26 19
11 40
25 53
30 41
40 10
58 13
46 54
13 49
15 26
51 21
31 37
10 11
44 45
29 19
33 55
1 56
0 11
41 3
27 6
29 3
2 33
41 1
55 13
57 11
21 28
7 1
32 29
1 46
20 12
56 1
25 28
19 47
33 11
24 49
0 38
41 47
33 20
22 36
36 33
24 18
15 4
32 23
10 7
0 39
38 9
27 46
35 23
31 15
56 4
58 24
23 10
11 6
12 55
40 30
32 38
12 28
39 5
22 47
25 55
10 26
34 11
1 13
53 56
4 59
54 38
59 54
0 48
32 20
35 49
30 6
56 26
15 25
53 54
60 17
36 43
11 58
5 3
23 2
53 48
15 39
6 21
32 28
47 30
26 54
13 28
49 45
28 47
33 5
9 31
13 50
49 8
3 49
4 4
33 27
45 12
55 7
15 56
42 34
20 55
7 11
47 48
43 35
23 31
51 9
42 31
38 58
37 9
19 32
56 5
5 18
6 30
7 3
12 5
18 23
18 37
55 54
37 15
37 20
58 42
48 7
47 43
44 42
15 36
20 44
0 46
14 25
19 55
49 6
32 58
56 47
12 18
22 17
10 22
0 19
4 24
19 16
1 15
43 8
56 55
9 47
41 18
48 46
18 16
56 21
28 44
60 19
1 59
34 2
22 45
3 38
16 22
10 32
45 47
35 38
59 7
19 3
20 13
47 25
51 29
16 25
24 31
4 11
34 42
59 5
52 26
55 3
36 40
10 17
53 34
11 29
11 55
47 54
60 43
53 36
18 58
42 43
43 11
29 23
32 41
26 13
15 45
9 20
10 40
57 39
17 28
48 54
20 5
42 22
6 58
43 20
3 15
56 15
23 41
60 28
48 23
56 59
31 5
12 19
32 40
17 30
56 44
13 32
42 36
55 46
2 41
17 7
48 24
10 44
26 8
46 32
27 8
12 24
46 35
41 45
48 32
31 7
18 11
4 54
56 8
46 48
55 0
55 31
45 13
10 46
12 12
43 57
12 40
36 59
20 56
17 37
0 12
36 51
42 41
8 34
16 7
46 55
43 41
15 42
36 21
29 26
25 59
2 27
57 36
14 53
7 5
16 15
11 15
43 25
12 27
45 3
26 11
57 45
59 34
28 50
27 11
10 4
30 38
19 51
49 49
39 26
16 23
36 13
20 59
14 10
29 48
59 47
43 38
50 18
36 22
30 27
18 40
24 57
38 16
30 19
59 24
25 50
42 53
54 27
44 18
27 12
42 20
4 32
26 18
25 22
54 55
41 54
58 34
32 35
29 9
48 16
18 33
38 20
1 53
33 24
6 20
40 9
18 10
47 36
30 5
54 50
16 47
34 0
20 30
20 52
19 54
30 0
19 43
28 54
17 36
17 3
46 59
29 21
19 29
48 56
43 26
2 9
28 33
30 8
21 31
37 44
55 16
13 31
2 10
1 11
10 28
40 13
10 56
32 3
17 44
29 40
7 41
24 4
37 31
43 36
38 6
28 42
53 28
14 21
52 56
41 10
46 1
60 30
52 8
44 9
46 13
58 51
9 10
16 52
53 45
10 58
56 38
31 53
47 32
23 46
16 43
59 49
51 16
28 56
48 34
33 10
19 42
39 12
16 38
52 29
10 30
24 24
18 55
1 0
11 24
16 4
42 28
21 45
60 41
60 13
58 5
43 53
13 23
50 42
2 31
58 48
51 57
23 23
21 44
54 48
54 31
6 3
51 34
13 1
55 33
14 24
3 28
30 17
26 24
12 52
37 50
7 34
29 57
0 36
17 23
40 0
15 58
2 0
28 27
13 27
5 53
42 54
37 12
31 29
37 2
31 25
39 53
9 32
54 13
17 4
22 42
49 21
58 27
15 35
56 60
14 3
19 17
57 1
23 35
60 27
10 9
50 58
34 5
27 47
22 43
56 20
46 49
9 52
27 54
50 48
51 33
20 43
27 29
6 54
29 8
9 6
24 40
8 47
19 58
53 26
38 30
52 0
37 59
41 23
33 54
45 4
50 8
39 21
14 33
40 20
9 34
47 2
41 12
56 2
54 24
26 1
35 10
2 49
5 13
14 28
59 20
54 14
34 19
21 17
13 56
37 27
33 13
4 16
9 22
39 59
8 55
5 28
46 12
48 37
10 57
50 0
17 10
54 33
48 52
35 18
4 49
50 54
46 39
13 34
5 22
29 58
5 32
14 12
22 33
13 16
27 48
14 49
44 46
3 7
10 25
55 22
44 1
50 43
51 28
15 49
60 34
1 54
53 22
48 13
0 18
18 54
28 46
51 59
47 58
13 55
52 33
56 6
43 13
6 12
40 53
25 36
27 19
51 42
58 15
56 0
22 13
18 38
45 33
57 8
58 3
28 37
16 35
26 50
28 36
3 37
4 38
33 40
14 26
48 45
53 2
27 18
38 55
17 49
42 57
31 13
45 24
23 38
28 1
24 37
34 1
59 41
9 11
43 45
6 52
57 43
46 45
48 50
59 43
1 50
23 14
30 22
38 29
13 41
20 20
44 15
0 26
60 16
30 55
16 27
54 17
36 56
27 51
27 59
54 54
26 38
59 42
57 18
10 53
59 36
1 47
15 30
57 55
3 26
24 8
54 0
35 14
20 39
33 26
21 32
22 37
14 39
10 41
34 21
31 2
19 31
44 3
17 31
21 23
50 26
49 23
39 50
10 21
56 30
44 21
22 52
7 8
2 19
13 24
12 46
7 33
7 56
3 51
58 18
35 37
26 43
10 42
22 60
38 18
11 45
19 25
22 8
12 36
15 10
7 7
15 28
1 4
6 19
33 57
42 29
16 42
6 22
29 20
28 49
28 20
49 7
6 40
31 60
56 23
59 50
59 14
52 36
13 47
37 24
3 5
60 55
34 4
25 42
15 32
33 4
3 20
17 41
50 37
34 58
47 53
28 43
46 30
34 49
3 30
19 34
28 19
33 37
34 50
49 33
28 55
55 11
38 43
46 57
44 28
24 53
55 59
11 28
50 31
11 19
29 47
7 44
33 46
39 10
50 56
21 42
25 2
41 49
32 55
4 36
59 35
47 35
45 32
47 42
9 46
58 53
36 42
36 27
55 21
13 44
25 43
44 20
16 48
1 52
58 50
2 21
16 2
25 40
33 45
12 33
52 34
4 56
15 8
8 35
57 31
9 51
41 24
59 46
13 45
34 33
19 33
52 49
9 17
39 58
54 3
54 53
43 19
46 46
55 5
35 50
57 58
36 53
13 22
56 27
52 13
31 4
45 26
30 3
38 32
47 1
32 52
6 60
4 22
17 33
2 20
58 43
14 55
60 2
24 41
40 60
50 45
53 25
0 15
34 12
47 19
16 46
47 49
18 2
3 21
25 5
35 22
14 30
44 0
58 55
18 13
34 25
11 21
4 30
26 5
15 38
22 29
25 32
28 31
20 27
15 21
58 11
22 31
30 34
50 47
29 53
15 23
13 35
60 22
33 6
6 15
44 37
7 10
28 4
58 29
42 30
56 45
5 7
24 34
38 46
18 35
2 51
31 48
30 2
23 48
19 28
12 38
59 8
26 36
5 52
22 6
33 9
36 52
0 31
49 55
14 16
7 9
19 1
3 9
56 46
56 34
41 25
39 60
49 34
2 3
6 42
53 1
47 56
7 12
15 24
0 17
45 53
21 52
54 52
0 20
41 44
53 35
45 42
26 23
45 30
3 12
20 57
42 16
32 43
43 34
6 23
31 57
15 12
3 50
1 20
49 27
56 22
50 53
60 8
52 42
39 20
28 25
51 32
3 19
5 0
50 32
3 14
10 50
17 2
60 0
24 28
30 4
8 28
30 25
9 27
60 15
3 52
25 29
40 35
46 40
12 13
54 34
11 44
55 57
48 49
46 4
42 24
1 16
6 10
14 18
51 47
51 56
0 7
37 45
31 47
16 14
19 6
26 15
30 35
45 21
3 58
50 14
20 37
52 27
3 8
14 44
24 42
46 17
30 11
38 15
34 23
47 5
60 29
40 15
8 43
14 43
49 26
24 25
56 35
28 38
2 5
47 47
26 16
56 48
4 27
43 29
26 59
51 43
27 58
47 55
9 57
24 15
51 8
42 8
60 5
3 60
19 57
37 32
21 39
34 39
56 50
43 0
52 53
18 41
56 16
26 55
20 50
59 9
12 9
16 9
16 1
45 17
7 48
36 31
28 35
41 39
23 12
56 29
22 24
23 8
58 16
42 39
47 7
7 37
42 0
3 54
20 3
39 24
25 58
4 20
2 38
29 22
41 57
22 12
42 40
23 3
22 9
14 13
53 8
13 13
21 10
58 38
19 22
59 48
25 30
59 15
31 17
3 35
10 29
44 34
40 28
2 7
55 9
8 22
54 60
15 54
41 31
10 45
40 52
15 46
7 27
5 44
37 40
59 28
12 25
45 18
55 47
2 34
38 12
25 44
8 40
34 60
38 52
18 17
51 30
9 30
10 27
59 60
28 57
8 46
38 34
8 36
10 23
41 34
40 43
28 29
45 25
38 56
27 34
6 51
16 26
5 26
25 56
6 28
26 2
60 40
57 37
36 7
16 30
51 46
23 54
5 42
8 32
6 24
39 40
51 15
14 52
26 57
45 56
11 48
42 26
34 38
38 41
52 1
34 45
49 4
30 46
24 55
12 48
41 42
40 56
39 56
45 28
33 25
999999 999999
100000 100000
360 360
999999 360
360 999999
100000 360
360 100000
100000 999999
999999 100000
0 100000
100000 0
0 999999
999999 0
1 1
1 10
1 100
1 1000
1 10000
1 100000
1 2
1 6
1 12
1 60
1 120
1 360
1 2520
1 5040
1 55440
1 720720
1 3
1 4
1 7
1 8
1 31
1 32
1 127
1 128
1 8191
1 8192
1 131071
1 131072
1 524287
1 524288
1 9
1 99
1 999
1 9999
1 99999
1 999999
1 5
1 55
1 555
1 5555
1 55555
1 555555
1 987654
1 876543
1 765432
1 654321
1 543210
10 1
10 10
10 100
10 1000
10 10000
10 100000
10 2
10 6
10 12
10 60
10 120
10 360
10 2520
10 5040
10 55440
10 720720
10 3
10 4
10 7
10 8
10 31
10 32
10 127
10 128
10 8191
10 8192
10 131071
10 131072
10 524287
10 524288
10 9
10 99
10 999
10 9999
10 99999
10 999999
10 5
10 55
10 555
10 5555
10 55555
10 555555
10 987654
10 876543
10 765432
10 654321
10 543210
100 1
100 10
100 100
100 1000
100 10000
100 100000
100 2
100 6
100 12
100 60
100 120
100 360
100 2520
100 5040
100 55440
100 720720
100 3
100 4
100 7
100 8
100 31
100 32
100 127
100 128
100 8191
100 8192
100 131071
100 131072
100 524287
100 524288
100 9
100 99
100 999
100 9999
100 99999
100 999999
100 5
100 55
100 555
100 5555
100 55555
100 555555
100 987654
100 876543
100 765432
100 654321
100 543210
1000 1
1000 10
1000 100
1000 1000
1000 10000
1000 100000
1000 2
1000 6
1000 12
1000 60
1000 120
1000 360
1000 2520
1000 5040
1000 55440
1000 720720
1000 3
1000 4
1000 7
1000 8
1000 31
1000 32
1000 127
1000 128
1000 8191
1000 8192
1000 131071
1000 131072
1000 524287
1000 524288
1000 9
1000 99
1000 999
1000 9999
1000 99999
1000 999999
1000 5
1000 55
1000 555
1000 5555
1000 55555
1000 555555
1000 987654
1000 876543
1000 765432
1000 654321
1000 543210
10000 1
10000 10
10000 100
10000 1000
10000 10000
10000 100000
10000 2
10000 6
10000 12
10000 60
10000 120
10000 360
10000 2520
10000 5040
10000 55440
10000 720720
10000 3
10000 4
10000 7
10000 8
10000 31
10000 32
10000 127
10000 128
10000 8191
10000 8192
10000 131071
10000 131072
10000 524287
10000 524288
10000 9
10000 99
10000 999
10000 9999
10000 99999
10000 999999
10000 5
10000 55
10000 555
10000 5555
10000 55555
10000 555555
10000 987654
10000 876543
10000 765432
10000 654321
10000 543210
100000 1
100000 10
100000 100
100000 1000
100000 10000
100000 100000
100000 2
100000 6
100000 12
100000 60
100000 120
100000 360
100000 2520
100000 5040
100000 55440
100000 720720
100000 3
100000 4
100000 7
100000 8
100000 31
100000 32
100000 127
100000 128
100000 8191
100000 8192
100000 131071
100000 131072
100000 524287
100000 524288
100000 9
100000 99
100000 999
100000 9999
100000 99999
100000 999999
100000 5
100000 55
100000 555
100000 5555
100000 55555
100000 555555
100000 987654
100000 876543
100000 765432
100000 654321
100000 543210
2 1
2 10
2 100
2 1000
2 10000
2 100000
2 2
2 6
2 12
2 60
2 120
2 360
2 2520
2 5040
2 55440
2 720720
2 3
2 4
2 7
2 8
2 31
2 32
2 127
2 128
2 8191
2 8192
2 131071
2 131072
2 524287
2 524288
2 9
2 99
2 999
2 9999
2 99999
2 999999
2 5
2 55
2 555
2 5555
2 55555
2 555555
2 987654
2 876543
2 765432
2 654321
2 543210
6 1
6 10
6 100
6 1000
6 10000
6 100000
6 2
6 6
6 12
6 60
6 120
6 360
6 2520
6 5040
6 55440
6 720720
6 3
6 4
6 7
6 8
6 31
6 32
6 127
6 128
6 8191
6 8192
6 131071
6 131072
6 524287
6 524288
6 9
6 99
6 999
6 9999
6 99999
6 999999
6 5
6 55
6 555
6 5555
6 55555
6 555555
6 987654
6 876543
6 765432
6 654321
6 543210
12 1
12 10
12 100
12 1000
12 10000
12 100000
12 2
12 6
12 12
12 60
12 120
12 360
12 2520
12 5040
12 55440
12 720720
12 3
12 4
12 7
12 8
12 31
12 32
12 127
12 128
12 8191
12 8192
12 131071
12 131072
12 524287
12 524288
12 9
12 99
12 999
12 9999
12 99999
12 999999
12 5
12 55
12 555
12 5555
12 55555
12 555555
12 987654
12 876543
12 765432
12 654321
12 543210
60 1
60 10
60 100
60 1000
60 10000
60 100000
60 2
60 6
60 12
60 60
60 120
60 360
60 2520
60 5040
60 55440
60 720720
60 3
60 4
60 7
60 8
60 31
60 32
60 127
60 128
60 8191
60 8192
60 131071
60 131072
60 524287
60 524288
60 9
60 99
60 999
60 9999
60 99999
60 999999
60 5
60 55
60 555
60 5555
60 55555
60 555555
60 987654
60 876543
60 765432
60 654321
60 543210
120 1
120 10
120 100
120 1000
120 10000
120 100000
120 2
120 6
120 12
120 60
120 120
120 360
120 2520
120 5040
120 55440
120 720720
120 3
120 4
120 7
120 8
120 31
120 32
120 127
120 128
120 8191
120 8192
120 131071
120 131072
120 524287
120 524288
120 9
120 99
120 999
120 9999
120 99999
120 999999
120 5
120 55
120 555
120 5555
120 55555
120 555555
120 987654
120 876543
120 765432
120 654321
120 543210
360 1
360 10
360 100
360 1000
360 10000
360 100000
360 2
360 6
360 12
360 60
360 120
360 360
360 2520
360 5040
360 55440
360 720720
360 3
360 4
360 7
360 8
360 31
360 32
360 127
360 128
360 8191
360 8192
360 131071
360 131072
360 524287
360 524288
360 9
360 99
360 999
360 9999
360 99999
360 999999
360 5
360 55
360 555
360 5555
360 55555
360 555555
360 987654
360 876543
360 765432
360 654321
360 543210
2520 1
2520 10
2520 100
2520 1000
2520 10000
2520 100000
2520 2
2520 6
2520 12
2520 60
2520 120
2520 360
2520 2520
2520 5040
2520 55440
2520 720720
2520 3
2520 4
2520 7
2520 8
2520 31
2520 32
2520 127
2520 128
2520 8191
2520 8192
2520 131071
2520 131072
2520 524287
2520 524288
2520 9
2520 99
2520 999
2520 9999
2520 99999
2520 999999
2520 5
2520 55
2520 555
2520 5555
2520 55555
2520 555555
2520 987654
2520 876543
2520 765432
2520 654321
2520 543210
5040 1
5040 10
5040 100
5040 1000
5040 10000
5040 100000
5040 2
5040 6
5040 12
5040 60
5040 120
5040 360
5040 2520
5040 5040
5040 55440
5040 720720
5040 3
5040 4
5040 7
5040 8
5040 31
5040 32
5040 127
5040 128
5040 8191
5040 8192
5040 131071
5040 131072
5040 524287
5040 524288
5040 9
5040 99
5040 999
5040 9999
5040 99999
5040 999999
5040 5
5040 55
5040 555
5040 5555
5040 55555
5040 555555
5040 987654
5040 876543
5040 765432
5040 654321
5040 543210
55440 1
55440 10
55440 100
55440 1000
55440 10000
55440 100000
55440 2
55440 6
55440 12
55440 60
55440 120
55440 360
55440 2520
55440 5040
55440 55440
55440 720720
55440 3
55440 4
55440 7
55440 8
55440 31
55440 32
55440 127
55440 128
55440 8191
55440 8192
55440 131071
55440 131072
55440 524287
55440 524288
55440 9
55440 99
55440 999
55440 9999
55440 99999
55440 999999
55440 5
55440 55
55440 555
55440 5555
55440 55555
55440 555555
55440 987654
55440 876543
55440 765432
55440 654321
55440 543210
720720 1
720720 10
720720 100
720720 1000
720720 10000
720720 100000
720720 2
720720 6
720720 12
720720 60
720720 120
720720 360
720720 2520
720720 5040
720720 55440
720720 720720
720720 3
720720 4
720720 7
720720 8
720720 31
720720 32
720720 127
720720 128
720720 8191
720720 8192
720720 131071
720720 131072
720720 524287
720720 524288
720720 9
720720 99
720720 999
720720 9999
720720 99999
720720 999999
720720 5
720720 55
720720 555
720720 5555
720720 55555
720720 555555
720720 987654
720720 876543
720720 765432
720720 654321
720720 543210
3 1
3 10
3 100
3 1000
3 10000
3 100000
3 2
3 6
3 12
3 60
3 120
3 360
3 2520
3 5040
3 55440
3 720720
3 3
3 4
3 7
3 8
3 31
3 32
3 127
3 128
3 8191
3 8192
3 131071
3 131072
3 524287
3 524288
3 9
3 99
3 999
3 9999
3 99999
3 999999
3 5
3 55
3 555
3 5555
3 55555
3 555555
3 987654
3 876543
3 765432
3 654321
3 543210
4 1
4 10
4 100
4 1000
4 10000
4 100000
4 2
4 6
4 12
4 60
4 120
4 360
4 2520
4 5040
4 55440
4 720720
4 3
4 4
4 7
4 8
4 31
4 32
4 127
4 128
4 8191
4 8192
4 131071
4 131072
4 524287
4 524288
4 9
4 99
4 999
4 9999
4 99999
4 999999
4 5
4 55
4 555
4 5555
4 55555
4 555555
4 987654
4 876543
4 765432
4 654321
4 543210
7 1
7 10
7 100
7 1000
7 10000
7 100000
7 2
7 6
7 12
7 60
7 120
7 360
7 2520
7 5040
7 55440
7 720720
7 3
7 4
7 7
7 8
7 31
7 32
7 127
7 128
7 8191
7 8192
7 131071
7 131072
7 524287
7 524288
7 9
7 99
7 999
7 9999
7 99999
7 999999
7 5
7 55
7 555
7 5555
7 55555
7 555555
7 987654
7 876543
7 765432
7 654321
7 543210
8 1
8 10
8 100
8 1000
8 10000
8 100000
8 2
8 6
8 12
8 60
8 120
8 360
8 2520
8 5040
8 55440
8 720720
8 3
8 4
8 7
8 8
8 31
8 32
8 127
8 128
8 8191
8 8192
8 131071
8 131072
8 524287
8 524288
8 9
8 99
8 999
8 9999
8 99999
8 999999
8 5
8 55
8 555
8 5555
8 55555
8 555555
8 987654
8 876543
8 765432
8 654321
8 543210
31 1
31 10
31 100
31 1000
31 10000
31 100000
31 2
31 6
31 12
31 60
31 120
31 360
31 2520
31 5040
31 55440
31 720720
31 3
31 4
31 7
31 8
31 31
31 32
31 127
31 128
31 8191
31 8192
31 131071
31 131072
31 524287
31 524288
31 9
31 99
31 999
31 9999
31 99999
31 999999
31 5
31 55
31 555
31 5555
31 55555
31 555555
31 987654
31 876543
31 765432
31 654321
31 543210
32 1
32 10
32 100
32 1000
32 10000
32 100000
32 2
32 6
32 12
32 60
32 120
32 360
32 2520
32 5040
32 55440
32 720720
32 3
32 4
32 7
32 8
32 31
32 32
32 127
32 128
32 8191
32 8192
32 131071
32 131072
32 524287
32 524288
32 9
32 99
32 999
32 9999
32 99999
32 999999
32 5
32 55
32 555
32 5555
32 55555
32 555555
32 987654
32 876543
32 765432
32 654321
32 543210
127 1
127 10
127 100
127 1000
127 10000
127 100000
127 2
127 6
127 12
127 60
127 120
127 360
127 2520
127 5040
127 55440
127 720720
127 3
127 4
127 7
127 8
127 31
127 32
127 127
127 128
127 8191
127 8192
127 131071
127 131072
127 524287
127 524288
127 9
127 99
127 999
127 9999
127 99999
127 999999
127 5
127 55
127 555
127 5555
127 55555
127 555555
127 987654
127 876543
127 765432
127 654321
127 543210
128 1
128 10
128 100
128 1000
128 10000
128 100000
128 2
128 6
128 12
128 60
128 120
128 360
128 2520
128 5040
128 55440
128 720720
128 3
128 4
128 7
128 8
128 31
128 32
128 127
128 128
128 8191
128 8192
128 131071
128 131072
128 524287
128 524288
128 9
128 99
128 999
128 9999
128 99999
128 999999
128 5
128 55
128 555
128 5555
128 55555
128 555555
128 987654
128 876543
128 765432
128 654321
128 543210
8191 1
8191 10
8191 100
8191 1000
8191 10000
8191 100000
8191 2
8191 6
8191 12
8191 60
8191 120
8191 360
8191 2520
8191 5040
8191 55440
8191 720720
8191 3
8191 4
8191 7
8191 8
8191 31
8191 32
8191 127
8191 128
8191 8191
8191 8192
8191 131071
8191 131072
8191 524287
8191 524288
8191 9
8191 99
8191 999
8191 9999
8191 99999
8191 999999
8191 5
8191 55
8191 555
8191 5555
8191 55555
8191 555555
8191 987654
8191 876543
8191 765432
8191 654321
8191 543210
8192 1
8192 10
8192 100
8192 1000
8192 10000
8192 100000
8192 2
8192 6
8192 12
8192 60
8192 120
8192 360
8192 2520
8192 5040
8192 55440
8192 720720
8192 3
8192 4
8192 7
8192 8
8192 31
8192 32
8192 127
8192 128
8192 8191
8192 8192
8192 131071
8192 131072
8192 524287
8192 524288
8192 9
8192 99
8192 999
8192 9999
8192 99999
8192 999999
8192 5
8192 55
8192 555
8192 5555
8192 55555
8192 555555
8192 987654
8192 876543
8192 765432
8192 654321
8192 543210
131071 1
131071 10
131071 100
131071 1000
131071 10000
131071 100000
131071 2
131071 6
131071 12
131071 60
131071 120
131071 360
131071 2520
131071 5040
131071 55440
131071 720720
131071 3
131071 4
131071 7
131071 8
131071 31
131071 32
131071 127
131071 128
131071 8191
131071 8192
131071 131071
131071 131072
131071 524287
131071 524288
131071 9
131071 99
131071 999
131071 9999
131071 99999
131071 999999
131071 5
131071 55
131071 555
131071 5555
131071 55555
131071 555555
131071 987654
131071 876543
131071 765432
131071 654321
131071 543210
131072 1
131072 10
131072 100
131072 1000
131072 10000
131072 100000
131072 2
131072 6
131072 12
131072 60
131072 120
131072 360
131072 2520
131072 5040
131072 55440
131072 720720
131072 3
131072 4
131072 7
131072 8
131072 31
131072 32
131072 127
131072 128
131072 8191
131072 8192
131072 131071
131072 131072
131072 524287
131072 524288
131072 9
131072 99
131072 999
131072 9999
131072 99999
131072 999999
131072 5
131072 55
131072 555
131072 5555
131072 55555
131072 555555
131072 987654
131072 876543
131072 765432
131072 654321
131072 543210
524287 1
524287 10
524287 100
524287 1000
524287 10000
524287 100000
524287 2
524287 6
524287 12
524287 60
524287 120
524287 360
524287 2520
524287 5040
524287 55440
524287 720720
524287 3
524287 4
524287 7
524287 8
524287 31
524287 32
524287 127
524287 128
524287 8191
524287 8192
524287 131071
524287 131072
524287 524287
524287 524288
524287 9
524287 99
524287 999
524287 9999
524287 99999
524287 999999
524287 5
524287 55
524287 555
524287 5555
524287 55555
524287 555555
524287 987654
524287 876543
524287 765432
524287 654321
524287 543210
524288 1
524288 10
524288 100
524288 1000
524288 10000
524288 100000
524288 2
524288 6
524288 12
524288 60
524288 120
524288 360
524288 2520
524288 5040
524288 55440
524288 720720
524288 3
524288 4
524288 7
524288 8
524288 31
524288 32
524288 127
524288 128
524288 8191
524288 8192
524288 131071
524288 131072
524288 524287
524288 524288
524288 9
524288 99
524288 999
524288 9999
524288 99999
524288 999999
524288 5
524288 55
524288 555
524288 5555
524288 55555
524288 555555
524288 987654
524288 876543
524288 765432
524288 654321
524288 543210
9 1
9 10
9 100
9 1000
9 10000
9 100000
9 2
9 6
9 12
9 60
9 120
9 360
9 2520
9 5040
9 55440
9 720720
9 3
9 4
9 7
9 8
9 31
9 32
9 127
9 128
9 8191
9 8192
9 131071
9 131072
9 524287
9 524288
9 9
9 99
9 999
9 9999
9 99999
9 999999
9 5
9 55
9 555
9 5555
9 55555
9 555555
9 987654
9 876543
9 765432
9 654321
9 543210
99 1
99 10
99 100
99 1000
99 10000
99 100000
99 2
99 6
99 12
99 60
99 120
99 360
99 2520
99 5040
99 55440
99 720720
99 3
99 4
99 7
99 8
99 31
99 32
99 127
99 128
99 8191
99 8192
99 131071
99 131072
99 524287
99 524288
99 9
99 99
99 999
99 9999
99 99999
99 999999
99 5
99 55
99 555
99 5555
99 55555
99 555555
99 987654
99 876543
99 765432
99 654321
99 543210
999 1
999 10
999 100
999 1000
999 10000
999 100000
999 2
999 6
999 12
999 60
999 120
999 360
999 2520
999 5040
999 55440
999 720720
999 3
999 4
999 7
999 8
999 31
999 32
999 127
999 128
999 8191
999 8192
999 131071
999 131072
999 524287
999 524288
999 9
999 99
999 999
999 9999
999 99999
999 999999
999 5
999 55
999 555
999 5555
999 55555
999 555555
999 987654
999 876543
999 765432
999 654321
999 543210
9999 1
9999 10
9999 100
9999 1000
9999 10000
9999 100000
9999 2
9999 6
9999 12
9999 60
9999 120
9999 360
9999 2520
9999 5040
9999 55440
9999 720720
9999 3
9999 4
9999 7
9999 8
9999 31
9999 32
9999 127
9999 128
9999 8191
9999 8192
9999 131071
9999 131072
9999 524287
9999 524288
9999 9
9999 99
9999 999
9999 9999
9999 99999
9999 999999
9999 5
9999 55
9999 555
9999 5555
9999 55555
9999 555555
9999 987654
9999 876543
9999 765432
9999 654321
9999 543210
99999 1
99999 10
99999 100
99999 1000
99999 10000
99999 100000
99999 2
99999 6
99999 12
99999 60
99999 120
99999 360
99999 2520
99999 5040
99999 55440
99999 720720
99999 3
99999 4
99999 7
99999 8
99999 31
99999 32
99999 127
99999 128
99999 8191
99999 8192
99999 131071
99999 131072
99999 524287
99999 524288
99999 9
99999 99
99999 999
99999 9999
99999 99999
99999 999999
99999 5
99999 55
99999 555
99999 5555
99999 55555
99999 555555
99999 987654
99999 876543
99999 765432
99999 654321
99999 543210
999999 1
999999 10
999999 100
999999 1000
999999 10000
999999 100000
999999 2
999999 6
999999 12
999999 60
999999 120
999999 360
999999 2520
999999 5040
999999 55440
999999 720720
999999 3
999999 4
999999 7
999999 8
999999 31
999999 32
999999 127
999999 128
999999 8191
999999 8192
999999 131071
999999 131072
999999 524287
999999 524288
999999 9
999999 99
999999 999
999999 9999
999999 99999
999999 999999
999999 5
999999 55
999999 555
999999 5555
999999 55555
999999 555555
999999 987654
999999 876543
999999 765432
999999 654321
999999 543210
5 1
5 10
5 100
5 1000
5 10000
5 100000
5 2
5 6
5 12
5 60
5 120
5 360
5 2520
5 5040
5 55440
5 720720
5 3
5 4
5 7
5 8
5 31
5 32
5 127
5 128
5 8191
5 8192
5 131071
5 131072
5 524287
5 524288
5 9
5 99
5 999
5 9999
5 99999
5 999999
5 5
5 55
5 555
5 5555
5 55555
5 555555
5 987654
5 876543
5 765432
5 654321
5 543210
55 1
55 10
55 100
55 1000
55 10000
55 100000
55 2
55 6
55 12
55 60
55 120
55 360
55 2520
55 5040
55 55440
55 720720
55 3
55 4
55 7
55 8
55 31
55 32
55 127
55 128
55 8191
55 8192
55 131071
55 131072
55 524287
55 524288
55 9
55 99
55 999
55 9999
55 99999
55 999999
55 5
55 55
55 555
55 5555
55 55555
55 555555
55 987654
55 876543
55 765432
55 654321
55 543210
555 1
555 10
555 100
555 1000
555 10000
555 100000
555 2
555 6
555 12
555 60
555 120
555 360
555 2520
555 5040
555 55440
555 720720
555 3
555 4
555 7
555 8
555 31
555 32
555 127
555 128
555 8191
555 8192
555 131071
555 131072
555 524287
555 524288
555 9
555 99
555 999
555 9999
555 99999
555 999999
555 5
555 55
555 555
555 5555
555 55555
555 555555
555 987654
555 876543
555 765432
555 654321
555 543210
5555 1
5555 10
5555 100
5555 1000
5555 10000
5555 100000
5555 2
5555 6
5555 12
5555 60
5555 120
5555 360
5555 2520
5555 5040
5555 55440
5555 720720
5555 3
5555 4
5555 7
5555 8
5555 31
5555 32
5555 127
5555 128
5555 8191
5555 8192
5555 131071
5555 131072
5555 524287
5555 524288
5555 9
5555 99
5555 999
5555 9999
5555 99999
5555 999999
5555 5
5555 55
5555 555
5555 5555
5555 55555
5555 555555
5555 987654
5555 876543
5555 765432
5555 654321
5555 543210
55555 1
55555 10
55555 100
55555 1000
55555 10000
55555 100000
55555 2
55555 6
55555 12
55555 60
55555 120
55555 360
55555 2520
55555 5040
55555 55440
55555 720720
55555 3
55555 4
55555 7
55555 8
55555 31
55555 32
55555 127
55555 128
55555 8191
55555 8192
55555 131071
55555 131072
55555 524287
55555 524288
55555 9
55555 99
55555 999
55555 9999
55555 99999
55555 999999
55555 5
55555 55
55555 555
55555 5555
55555 55555
55555 555555
55555 987654
55555 876543
55555 765432
55555 654321
55555 543210
555555 1
555555 10
555555 100
555555 1000
555555 10000
555555 100000
555555 2
555555 6
555555 12
555555 60
555555 120
555555 360
555555 2520
555555 5040
555555 55440
555555 720720
555555 3
555555 4
555555 7
555555 8
555555 31
555555 32
555555 127
555555 128
555555 8191
555555 8192
555555 131071
555555 131072
555555 524287
555555 524288
555555 9
555555 99
555555 999
555555 9999
555555 99999
555555 999999
555555 5
555555 55
555555 555
555555 5555
555555 55555
555555 555555
555555 987654
555555 876543
555555 765432
555555 654321
555555 543210
987654 1
987654 10
987654 100
987654 1000
987654 10000
987654 100000
987654 2
987654 6
987654 12
987654 60
987654 120
987654 360
987654 2520
987654 5040
987654 55440
987654 720720
987654 3
987654 4
987654 7
987654 8
987654 31
987654 32
987654 127
987654 128
987654 8191
987654 8192
987654 131071
987654 131072
987654 524287
987654 524288
987654 9
987654 99
987654 999
987654 9999
987654 99999
987654 999999
987654 5
987654 55
987654 555
987654 5555
987654 55555
987654 555555
987654 987654
987654 876543
987654 765432
987654 654321
987654 543210
876543 1
876543 10
876543 100
876543 1000
876543 10000
876543 100000
876543 2
876543 6
876543 12
876543 60
876543 120
876543 360
876543 2520
876543 5040
876543 55440
876543 720720
876543 3
876543 4
876543 7
876543 8
876543 31
876543 32
876543 127
876543 128
876543 8191
876543 8192
876543 131071
876543 131072
876543 524287
876543 524288
876543 9
876543 99
876543 999
876543 9999
876543 99999
876543 999999
876543 5
876543 55
876543 555
876543 5555
876543 55555
876543 555555
876543 987654
876543 876543
876543 765432
876543 654321
876543 543210
765432 1
765432 10
765432 100
765432 1000
765432 10000
765432 100000
765432 2
765432 6
765432 12
765432 60
765432 120
765432 360
765432 2520
765432 5040
765432 55440
765432 720720
765432 3
765432 4
765432 7
765432 8
765432 31
765432 32
765432 127
765432 128
765432 8191
765432 8192
765432 131071
765432 131072
765432 524287
765432 524288
765432 9
765432 99
765432 999
765432 9999
765432 99999
765432 999999
765432 5
765432 55
765432 555
765432 5555
765432 55555
765432 555555
765432 987654
765432 876543
765432 765432
765432 654321
765432 543210
654321 1
654321 10
654321 100
654321 1000
654321 10000
654321 100000
654321 2
654321 6
654321 12
654321 60
654321 120
654321 360
654321 2520
654321 5040
654321 55440
654321 720720
654321 3
654321 4
654321 7
654321 8
654321 31
654321 32
654321 127
654321 128
654321 8191
654321 8192
654321 131071
654321 131072
654321 524287
654321 524288
654321 9
654321 99
654321 999
654321 9999
654321 99999
654321 999999
654321 5
654321 55
654321 555
654321 5555
654321 55555
654321 555555
654321 987654
654321 876543
654321 765432
654321 654321
654321 543210
543210 1
543210 10
543210 100
543210 1000
543210 10000
543210 100000
543210 2
543210 6
543210 12
543210 60
543210 120
543210 360
543210 2520
543210 5040
543210 55440
543210 720720
543210 3
543210 4
543210 7
543210 8
543210 31
543210 32
543210 127
543210 128
543210 8191
543210 8192
543210 131071
543210 131072
543210 524287
543210 524288
543210 9
543210 99
543210 999
543210 9999
543210 99999
543210 999999
543210 5
543210 55
543210 555
543210 5555
543210 55555
543210 555555
543210 987654
543210 876543
543210 765432
543210 654321
543210 543210
