1
32
25
32
25
4
8
16
32
64
128
256
9
27
81
16
64
25
125
36
49
81
256
9
36
25
125
49
64
27
8
32
64
16
4
16
128
2
4
8
16
32
64
128
256
512
1024
2048
4096
8192
16384
32768
65536
131072
262144
524288
1048576
2097152
4194304
8388608
16777216
33554432
67108864
134217728
268435456
536870912
3
9
27
81
243
729
2187
6561
19683
59049
177147
531441
1594323
4782969
14348907
43046721
129140163
387420489
4
16
64
256
1024
4096
16384
65536
262144
1048576
4194304
16777216
67108864
268435456
5
25
125
625
3125
15625
78125
390625
1953125
9765625
48828125
244140625
6
36
216
1296
7776
46656
279936
1679616
10077696
60466176
362797056
7
49
343
2401
16807
117649
823543
5764801
40353607
282475249
8
64
512
4096
32768
262144
2097152
16777216
134217728
9
81
729
6561
59049
531441
4782969
43046721
387420489
10
100
1000
10000
100000
1000000
10000000
100000000
10000
1000000
1024
9765625
14348907
268435456
131072
1953125
531441
16384
823543
244140625
4194304
262144
531441
1000
216
1000000
4096
282475249
8
262144
4096
8
4096
32768
81
390625
10000
64
100000
128
256
32
65536
4782969
27
1594323
262144
1048576
4194304
16777216
16777216
67108864
1024
100
5764801
4782969
625
5
16
1024
343
9
2097152
10000000
60466176
15625
1679616
6
7
125
524288
25
256
32768
536870912
512
1048576
3125
1296
6561
2
512
387420489
6561
387420489
16777216
729
729
36
268435456
59049
7776
3
243
16384
46656
16807
67108864
10077696
8388608
1024
2097152
43046721
4
279936
117649
64
43046721
64
362797056
129140163
19683
2048
33554432
10
9
2401
4
8192
48828125
134217728
10000
40353607
2187
65536
49
78125
1000000
100000000
177147
134217728
59049
16
81
