261
9
46
16
284
125
35
81
205
315
289
116
200
297
228
181
143
93
12
286
223
244
360
31
118
42
43
122
33
267
48
336
142
215
285
11
187
276
248
1
342
127
194
347
148
306
254
40
7
269
352
287
214
87
259
245
359
54
149
171
346
313
317
85
219
312
167
241
216
58
326
243
96
229
89
63
258
32
185
319
173
70
208
192
211
114
128
10
332
273
98
101
320
357
73
203
113
151
253
5
20
24
130
126
186
144
62
76
288
296
104
278
338
351
55
28
140
279
183
213
260
153
50
133
117
282
272
107
86
224
13
135
131
84
262
154
322
21
178
247
348
344
92
15
299
305
188
238
115
264
179
292
217
53
23
137
191
66
52
91
220
67
25
74
172
302
354
307
190
90
330
341
270
231
123
323
19
221
61
227
281
155
356
236
147
111
102
152
112
141
83
34
22
94
145
290
207
163
329
168
268
169
4
162
180
353
105
119
150
235
106
64
358
304
197
189
45
99
38
350
177
327
95
14
256
337
266
139
29
129
164
26
176
265
300
316
2
321
226
280
103
51
314
246
156
44
138
232
39
240
242
294
301
303
349
6
275
328
65
120
222
234
225
158
79
37
8
136
49
325
218
36
249
182
343
121
157
59
202
196
250
252
283
210
293
263
88
345
56
212
60
199
124
271
146
308
132
78
209
161
255
277
339
311
18
97
82
47
298
324
340
175
274
80
134
257
230
184
310
166
204
69
57
251
198
335
77
30
108
201
41
170
309
295
165
331
233
17
109
174
237
68
75
27
159
195
110
160
100
206
291
333
3
334
355
193
72
71
318
239
