0
0
0
0
0
0
0
0
0
0
0
0
0
0
0
1
0
0
0
0
0
0
0
0
0
0
-1
-1
0
0
-1
0
0
0
0
0
0
0
0
0
0
0
2
1
2
0
0
1
1
0
0
2
0
0
0
0
0
0
0
0
0
0
0
0
-2
-2
-2
-2
0
0
-2
-1
-2
0
0
-2
-2
0
0
-2
0
0
0
0
0
0
0
0
0
0
0
0
0
3
2
4
2
3
0
0
2
2
2
2
0
0
4
2
4
0
0
2
2
0
0
3
0
0
0
0
0
0
0
0
0
0
0
0
0
0
-3
-3
-4
-4
-3
-3
0
0
-3
-2
-4
-2
-3
0
0
-4
-4
-4
-4
0
0
-4
-2
-4
0
0
-3
-3
0
0
-3
0
0
0
0
0
0
0
0
0
0
0
0
0
0
0
4
3
6
4
6
3
4
0
0
3
3
4
4
3
3
0
0
6
4
8
4
6
0
0
4
4
4
4
0
0
6
3
6
0
0
3
3
0
0
4
0
0
0
0
0
0
0
0
0
0
0
0
0
0
0
0
-4
-4
-6
-6
-6
-6
-4
-4
0
0
-4
-3
-6
-4
-6
-3
-4
0
0
-6
-6
-8
-8
-6
-6
0
0
-6
-4
-8
-4
-6
0
0
-6
-6
-6
-6
0
0
-6
-3
-6
0
0
-4
-4
0
0
-4
0
0
0
0
0
0
0
0
0
0
0
0
0
0
0
0
0
5
4
8
6
9
6
8
4
5
0
0
4
4
6
6
6
6
4
4
0
0
8
6
12
8
12
6
8
0
0
6
6
8
8
6
6
0
0
9
6
12
6
9
0
0
6
6
6
6
0
0
8
4
8
0
0
4
4
0
0
5
0
0
0
0
0
0
0
0
0
0
0
0
0
0
0
0
0
0
-5
-5
-8
-8
-9
-9
-8
-8
-5
-5
0
0
-5
-4
-8
-6
-9
-6
-8
-4
-5
0
0
-8
-8
-12
-12
-12
-12
-8
-8
0
0
-8
-6
-12
-8
-12
-6
-8
0
0
-9
-9
-12
-12
-9
-9
0
0
-9
-6
-12
-6
-9
0
0
-8
-8
-8
-8
0
0
-8
-4
-8
0
0
-5
-5
0
0
-5
0
0
0
0
0
0
0
0
0
0
0
0
0
0
0
0
0
0
0
6
5
10
8
12
9
12
8
10
5
6
0
0
5
5
8
8
9
9
8
8
5
5
0
0
10
8
16
12
18
12
16
8
10
0
0
8
8
12
12
12
12
8
8
0
0
12
9
18
12
18
9
12
0
0
9
9
12
12
9
9
0
0
12
8
16
8
12
0
0
8
8
8
8
0
0
10
5
10
0
0
5
5
0
0
6
0
0
0
0
0
0
0
0
0
0
0
0
0
0
0
0
0
0
0
0
-6
-6
-10
-10
-12
-12
-12
-12
-10
-10
-6
-6
0
0
-6
-5
-10
-8
-12
-9
-12
-8
-10
-5
-6
0
0
-10
-10
-16
-16
-18
-18
-16
-16
-10
-10
0
0
-10
-8
-16
-12
-18
-12
-16
-8
-10
0
0
-12
-12
-18
-18
-18
-18
-12
-12
0
0
-12
-9
-18
-12
-18
-9
-12
0
0
-12
-12
-16
-16
-12
-12
0
0
-12
-8
-16
-8
-12
0
0
-10
-10
-10
-10
0
0
-10
-5
-10
0
0
-6
-6
0
0
-6
0
0
0
0
0
0
0
0
0
0
0
0
0
0
0
0
0
0
0
0
0
7
6
12
10
15
12
16
12
15
10
12
6
7
0
0
6
6
10
10
12
12
12
12
10
10
6
6
0
0
12
10
20
16
24
18
24
16
20
10
12
0
0
10
10
16
16
18
18
16
16
10
10
0
0
15
12
24
18
27
18
24
12
15
0
0
12
12
18
18
18
18
12
12
0
0
16
12
24
16
24
12
16
0
0
12
12
16
16
12
12
0
0
15
10
20
10
15
0
0
10
10
10
10
0
0
12
6
12
0
0
6
6
0
0
7
0
0
0
0
0
0
0
0
0
0
0
0
0
0
0
0
0
0
0
0
0
0
-7
-7
-12
-12
-15
-15
-16
-16
-15
-15
-12
-12
-7
-7
0
0
-7
-6
-12
-10
-15
-12
-16
-12
-15
-10
-12
-6
-7
0
0
-12
-12
-20
-20
-24
-24
-24
-24
-20
-20
-12
-12
0
0
-12
-10
-20
-16
-24
-18
-24
-16
-20
-10
-12
0
0
-15
-15
-24
-24
-27
-27
-24
-24
-15
-15
0
0
-15
-12
-24
-18
-27
-18
-24
-12
-15
0
0
-16
-16
-24
-24
-24
-24
-16
-16
0
0
-16
-12
-24
-16
-24
-12
-16
0
0
-15
-15
-20
-20
-15
-15
0
0
-15
-10
-20
-10
-15
0
0
-12
-12
-12
-12
0
0
-12
-6
-12
0
0
-7
-7
0
0
-7
0
0
0
0
0
0
0
0
0
0
0
0
0
0
0
0
0
0
0
0
0
0
0
8
7
14
12
18
15
20
16
20
15
18
12
14
7
8
0
0
7
7
12
12
15
15
16
16
15
15
12
12
7
7
0
0
14
12
24
20
30
24
32
24
30
20
24
12
14
0
0
12
12
20
20
24
24
24
24
20
20
12
12
0
0
18
15
30
24
36
27
36
24
30
15
18
0
0
15
15
24
24
27
27
24
24
15
15
0
0
20
16
32
24
36
24
32
16
20
0
0
16
16
24
24
24
24
16
16
0
0
20
15
30
20
30
15
20
0
0
15
15
20
20
15
15
0
0
18
12
24
12
18
0
0
12
12
12
12
0
0
14
7
14
0
0
7
7
0
0
8
0
0
0
0
0
0
0
0
0
0
0
0
0
0
0
0
0
0
0
0
0
0
0
0
-8
-8
-14
-14
-18
-18
-20
-20
-20
-20
-18
-18
-14
-14
-8
-8
0
0
-8
-7
-14
-12
-18
-15
-20
-16
-20
-15
-18
-12
-14
-7
-8
0
0
-14
-14
-24
-24
-30
-30
-32
-32
-30
-30
-24
-24
-14
-14
0
0
-14
-12
-24
-20
-30
-24
-32
-24
-30
-20
-24
-12
-14
0
0
-18
-18
-30
-30
-36
-36
-36
-36
-30
-30
-18
-18
0
0
-18
-15
-30
-24
-36
-27
-36
-24
-30
-15
-18
0
0
-20
-20
-32
-32
-36
-36
-32
-32
-20
-20
0
0
-20
-16
-32
-24
-36
-24
-32
-16
-20
0
0
-20
-20
-30
-30
-30
-30
-20
-20
0
0
-20
-15
-30
-20
-30
-15
-20
0
0
-18
-18
-24
-24
-18
-18
0
0
-18
-12
-24
-12
-18
0
0
-14
-14
-14
-14
0
0
-14
-7
-14
0
0
-8
-8
0
0
-8
0
0
0
0
0
0
0
0
0
0
0
0
0
0
0
0
0
0
0
0
0
0
0
0
0
9
8
16
14
21
18
24
20
25
20
24
18
21
14
16
8
9
0
0
8
8
14
14
18
18
20
20
20
20
18
18
14
14
8
8
0
0
16
14
28
24
36
30
40
32
40
30
36
24
28
14
16
0
0
14
14
24
24
30
30
32
32
30
30
24
24
14
14
0
0
21
18
36
30
45
36
48
36
45
30
36
18
21
0
0
18
18
30
30
36
36
36
36
30
30
18
18
0
0
24
20
40
32
48
36
48
32
40
20
24
0
0
20
20
32
32
36
36
32
32
20
20
0
0
25
20
40
30
45
30
40
20
25
0
0
20
20
30
30
30
30
20
20
0
0
24
18
36
24
36
18
24
0
0
18
18
24
24
18
18
0
0
21
14
28
14
21
0
0
14
14
14
14
0
0
16
8
16
0
0
8
8
0
0
9
0
0
0
0
0
0
0
0
0
0
0
0
0
0
0
0
0
0
0
0
0
0
0
0
0
0
-9
-9
-16
-16
-21
-21
-24
-24
-25
-25
-24
-24
-21
-21
-16
-16
-9
-9
0
0
-9
-8
-16
-14
-21
-18
-24
-20
-25
-20
-24
-18
-21
-14
-16
-8
-9
0
0
-16
-16
-28
-28
-36
-36
-40
-40
-40
-40
-36
-36
-28
-28
-16
-16
0
0
-16
-14
-28
-24
-36
-30
-40
-32
-40
-30
-36
-24
-28
-14
-16
0
0
-21
-21
-36
-36
-45
-45
-48
-48
-45
-45
-36
-36
-21
-21
0
0
-21
-18
-36
-30
-45
-36
-48
-36
-45
-30
-36
-18
-21
0
0
-24
-24
-40
-40
-48
-48
-48
-48
-40
-40
-24
-24
0
0
-24
-20
-40
-32
-48
-36
-48
-32
-40
-20
-24
0
0
-25
-25
-40
-40
-45
-45
-40
-40
-25
-25
0
0
-25
-20
-40
-30
-45
-30
-40
-20
-25
0
0
-24
-24
-36
-36
-36
-36
-24
-24
0
0
-24
-18
-36
-24
-36
-18
-24
0
0
-21
-21
-28
-28
-21
-21
0
0
-21
-14
-28
-14
-21
0
0
-16
-16
-16
-16
0
0
-16
-8
-16
0
0
-9
-9
0
0
-9
0
0
0
0
0
0
0
0
0
0
0
0
0
0
0
0
0
0
0
0
0
0
0
0
0
0
0
10
9
18
16
24
21
28
24
30
25
30
24
28
21
24
16
18
9
10
0
0
9
9
16
16
21
21
24
24
25
25
24
24
21
21
16
16
9
9
0
0
18
16
32
28
42
36
48
40
50
40
48
36
42
28
32
16
18
0
0
16
16
28
28
36
36
40
40
40
40
36
36
28
28
16
16
0
0
24
21
42
36
54
45
60
48
60
45
54
36
42
21
24
0
0
21
21
36
36
45
45
48
48
45
45
36
36
21
21
0
0
28
24
48
40
60
48
64
48
60
40
48
24
28
0
0
24
24
40
40
48
48
48
48
40
40
24
24
0
0
30
25
50
40
60
45
60
40
50
25
30
0
0
25
25
40
40
45
45
40
40
25
25
0
0
30
24
48
36
54
36
48
24
30
0
0
24
24
36
36
36
36
24
24
0
0
28
21
42
28
42
21
28
0
0
21
21
28
28
21
21
0
0
24
16
32
16
24
0
0
16
16
16
16
0
0
18
9
18
0
0
9
9
0
0
10
0
0
0
0
0
0
0
0
0
0
0
0
0
0
0
0
0
0
0
0
0
0
0
0
0
0
0
0
-10
-10
-18
-18
-24
-24
-28
-28
-30
-30
-30
-30
-28
-28
-24
-24
-18
-18
-10
-10
0
0
-10
-9
-18
-16
-24
-21
-28
-24
-30
-25
-30
-24
-28
-21
-24
-16
-18
-9
-10
0
0
-18
-18
-32
-32
-42
-42
-48
-48
-50
-50
-48
-48
-42
-42
-32
-32
-18
-18
0
0
-18
-16
-32
-28
-42
-36
-48
-40
-50
-40
-48
-36
-42
-28
-32
-16
-18
0
0
-24
-24
-42
-42
-54
-54
-60
-60
-60
-60
-54
-54
-42
-42
-24
-24
0
0
-24
-21
-42
-36
-54
-45
-60
-48
-60
-45
-54
-36
-42
-21
-24
0
0
-28
-28
-48
-48
-60
-60
-64
-64
-60
-60
-48
-48
-28
-28
0
0
-28
-24
-48
-40
-60
-48
-64
-48
-60
-40
-48
-24
-28
0
0
-30
-30
-50
-50
-60
-60
-60
-60
-50
-50
-30
-30
0
0
-30
-25
-50
-40
-60
-45
-60
-40
-50
-25
-30
0
0
-30
-30
-48
-48
-54
-54
-48
-48
-30
-30
0
0
-30
-24
-48
-36
-54
-36
-48
-24
-30
0
0
-28
-28
-42
-42
-42
-42
-28
-28
0
0
-28
-21
-42
-28
-42
-21
-28
0
0
-24
-24
-32
-32
-24
-24
0
0
-24
-16
-32
-16
-24
0
0
-18
-18
-18
-18
0
0
-18
-9
-18
0
0
-10
-10
0
0
-10
0
0
0
0
0
0
0
0
0
0
0
0
0
0
0
0
0
0
0
0
0
0
0
0
0
0
0
0
0
11
10
20
18
27
24
32
28
35
30
36
30
35
28
32
24
27
18
20
10
11
0
0
10
10
18
18
24
24
28
28
30
30
30
30
28
28
24
24
18
18
10
10
0
0
20
18
36
32
48
42
56
48
60
50
60
48
56
42
48
32
36
18
20
0
0
18
18
32
32
42
42
48
48
50
50
48
48
42
42
32
32
18
18
0
0
27
24
48
42
63
54
72
60
75
60
72
54
63
42
48
24
27
0
0
24
24
42
42
54
54
60
60
60
60
54
54
42
42
24
24
0
0
32
28
56
48
72
60
80
64
80
60
72
48
56
28
32
0
0
28
28
48
48
60
60
64
64
60
60
48
48
28
28
0
0
35
30
60
50
75
60
80
60
75
50
60
30
35
0
0
30
30
50
50
60
60
60
60
50
50
30
30
0
0
36
30
60
48
72
54
72
48
60
30
36
0
0
30
30
48
48
54
54
48
48
30
30
0
0
35
28
56
42
63
42
56
28
35
0
0
28
28
42
42
42
42
28
28
0
0
32
24
48
32
48
24
32
0
0
24
24
32
32
24
24
0
0
27
18
36
18
27
0
0
18
18
18
18
0
0
20
10
20
0
0
10
10
0
0
11
0
0
0
0
0
0
0
0
0
0
0
0
0
0
0
0
0
0
0
0
0
0
0
0
0
0
0
0
0
0
-11
-11
-20
-20
-27
-27
-32
-32
-35
-35
-36
-36
-35
-35
-32
-32
-27
-27
-20
-20
-11
-11
0
0
-11
-10
-20
-18
-27
-24
-32
-28
-35
-30
-36
-30
-35
-28
-32
-24
-27
-18
-20
-10
-11
0
0
-20
-20
-36
-36
-48
-48
-56
-56
-60
-60
-60
-60
-56
-56
-48
-48
-36
-36
-20
-20
0
0
-20
-18
-36
-32
-48
-42
-56
-48
-60
-50
-60
-48
-56
-42
-48
-32
-36
-18
-20
0
0
-27
-27
-48
-48
-63
-63
-72
-72
-75
-75
-72
-72
-63
-63
-48
-48
-27
-27
0
0
-27
-24
-48
-42
-63
-54
-72
-60
-75
-60
-72
-54
-63
-42
-48
-24
-27
0
0
-32
-32
-56
-56
-72
-72
-80
-80
-80
-80
-72
-72
-56
-56
-32
-32
0
0
-32
-28
-56
-48
-72
-60
-80
-64
-80
-60
-72
-48
-56
-28
-32
0
0
-35
-35
-60
-60
-75
-75
-80
-80
-75
-75
-60
-60
-35
-35
0
0
-35
-30
-60
-50
-75
-60
-80
-60
-75
-50
-60
-30
-35
0
0
-36
-36
-60
-60
-72
-72
-72
-72
-60
-60
-36
-36
0
0
-36
-30
-60
-48
-72
-54
-72
-48
-60
-30
-36
0
0
-35
-35
-56
-56
-63
-63
-56
-56
-35
-35
0
0
-35
-28
-56
-42
-63
-42
-56
-28
-35
0
0
-32
-32
-48
-48
-48
-48
-32
-32
0
0
-32
-24
-48
-32
-48
-24
-32
0
0
-27
-27
-36
-36
-27
-27
0
0
-27
-18
-36
-18
-27
0
0
-20
-20
-20
-20
0
0
-20
-10
-20
0
0
-11
-11
0
0
-11
0
0
0
0
0
0
0
0
0
0
0
0
0
0
0
0
0
0
0
0
0
0
0
0
0
0
0
0
0
0
0
12
11
22
20
30
27
36
32
40
35
42
36
42
35
40
32
36
27
30
20
22
11
12
0
0
11
11
20
20
27
27
32
32
35
35
36
36
35
35
32
32
27
27
20
20
11
11
0
0
22
20
40
36
54
48
64
56
70
60
72
60
70
56
64
48
54
36
40
20
22
0
0
20
20
36
36
48
48
56
56
60
60
60
60
56
56
48
48
36
36
20
20
0
0
30
27
54
48
72
63
84
72
90
75
90
72
84
63
72
48
54
27
30
0
0
27
27
48
48
63
63
72
72
75
75
72
72
63
63
48
48
27
27
0
0
36
32
64
56
84
72
96
80
100
80
96
72
84
56
64
32
36
0
0
32
32
56
56
72
72
80
80
80
80
72
72
56
56
32
32
0
0
40
35
70
60
90
75
100
80
100
75
90
60
70
35
40
0
0
35
35
60
60
75
75
80
80
75
75
60
60
35
35
0
0
42
36
72
60
90
72
96
72
90
60
72
36
42
0
0
36
36
60
60
72
72
72
72
60
60
36
36
0
0
42
35
70
56
84
63
84
56
70
35
42
0
0
35
35
56
56
63
63
56
56
35
35
0
0
40
32
64
48
72
48
64
32
40
0
0
32
32
48
48
48
48
32
32
0
0
36
27
54
36
54
27
36
0
0
27
27
36
36
27
27
0
0
30
20
40
20
30
0
0
20
20
20
20
0
0
22
11
22
0
0
11
11
0
0
12
0
0
0
0
0
0
0
0
0
0
0
0
0
0
0
0
0
0
0
0
0
0
0
0
0
0
0
0
0
0
0
0
-12
-12
-22
-22
-30
-30
-36
-36
-40
-40
-42
-42
-42
-42
-40
-40
-36
-36
-30
-30
-22
-22
-12
-12
0
0
-12
-11
-22
-20
-30
-27
-36
-32
-40
-35
-42
-36
-42
-35
-40
-32
-36
-27
-30
-20
-22
-11
-12
0
0
-22
-22
-40
-40
-54
-54
-64
-64
-70
-70
-72
-72
-70
-70
-64
-64
-54
-54
-40
-40
-22
-22
0
0
-22
-20
-40
-36
-54
-48
-64
-56
-70
-60
-72
-60
-70
-56
-64
-48
-54
-36
-40
-20
-22
0
0
-30
-30
-54
-54
-72
-72
-84
-84
-90
-90
-90
-90
-84
-84
-72
-72
-54
-54
-30
-30
0
0
-30
-27
-54
-48
-72
-63
-84
-72
-90
-75
-90
-72
-84
-63
-72
-48
-54
-27
-30
0
0
-36
-36
-64
-64
-84
-84
-96
-96
-100
-100
-96
-96
-84
-84
-64
-64
-36
-36
0
0
-36
-32
-64
-56
-84
-72
-96
-80
-100
-80
-96
-72
-84
-56
-64
-32
-36
0
0
-40
-40
-70
-70
-90
-90
-100
-100
-100
-100
-90
-90
-70
-70
-40
-40
0
0
-40
-35
-70
-60
-90
-75
-100
-80
-100
-75
-90
-60
-70
-35
-40
0
0
-42
-42
-72
-72
-90
-90
-96
-96
-90
-90
-72
-72
-42
-42
0
0
-42
-36
-72
-60
-90
-72
-96
-72
-90
-60
-72
-36
-42
0
0
-42
-42
-70
-70
-84
-84
-84
-84
-70
-70
-42
-42
0
0
-42
-35
-70
-56
-84
-63
-84
-56
-70
-35
-42
0
0
-40
-40
-64
-64
-72
-72
-64
-64
-40
-40
0
0
-40
-32
-64
-48
-72
-48
-64
-32
-40
0
0
-36
-36
-54
-54
-54
-54
-36
-36
0
0
-36
-27
-54
-36
-54
-27
-36
0
0
-30
-30
-40
-40
-30
-30
0
0
-30
-20
-40
-20
-30
0
0
-22
-22
-22
-22
0
0
-22
-11
-22
0
0
-12
-12
0
0
-12
0
0
0
0
0
0
0
0
0
0
0
0
0
0
0
0
0
0
0
0
0
0
0
0
0
0
0
0
0
0
0
0
0
13
12
24
22
33
30
40
36
45
40
48
42
49
42
48
40
45
36
40
30
33
22
24
12
13
0
0
12
12
22
22
30
30
36
36
40
40
42
42
42
42
40
40
36
36
30
30
22
22
12
12
0
0
24
22
44
40
60
54
72
64
80
70
84
72
84
70
80
64
72
54
60
40
44
22
24
0
0
22
22
40
40
54
54
64
64
70
70
72
72
70
70
64
64
54
54
40
40
22
22
0
0
33
30
60
54
81
72
96
84
105
90
108
90
105
84
96
72
81
54
60
30
33
0
0
30
30
54
54
72
72
84
84
90
90
90
90
84
84
72
72
54
54
30
30
0
0
40
36
72
64
96
84
112
96
120
100
120
96
112
84
96
64
72
36
40
0
0
36
36
64
64
84
84
96
96
100
100
96
96
84
84
64
64
36
36
0
0
45
40
80
70
105
90
120
100
125
100
120
90
105
70
80
40
45
0
0
40
40
70
70
90
90
100
100
100
100
90
90
70
70
40
40
0
0
48
42
84
72
108
90
120
96
120
90
108
72
84
42
48
0
0
42
42
72
72
90
90
96
96
90
90
72
72
42
42
0
0
49
42
84
70
105
84
112
84
105
70
84
42
49
0
0
42
42
70
70
84
84
84
84
70
70
42
42
0
0
48
40
80
64
96
72
96
64
80
40
48
0
0
40
40
64
64
72
72
64
64
40
40
0
0
45
36
72
54
81
54
72
36
45
0
0
36
36
54
54
54
54
36
36
0
0
40
30
60
40
60
30
40
0
0
30
30
40
40
30
30
0
0
33
22
44
22
33
0
0
22
22
22
22
0
0
24
12
24
0
0
12
12
0
0
13
0
0
0
0
0
0
0
0
0
0
0
0
0
0
0
0
0
0
0
0
0
0
0
0
0
0
0
0
0
0
0
0
0
0
-13
-13
-24
-24
-33
-33
-40
-40
-45
-45
-48
-48
-49
-49
-48
-48
-45
-45
-40
-40
-33
-33
-24
-24
-13
-13
0
0
-13
-12
-24
-22
-33
-30
-40
-36
-45
-40
-48
-42
-49
-42
-48
-40
-45
-36
-40
-30
-33
-22
-24
-12
-13
0
0
-24
-24
-44
-44
-60
-60
-72
-72
-80
-80
-84
-84
-84
-84
-80
-80
-72
-72
-60
-60
-44
-44
-24
-24
0
0
-24
-22
-44
-40
-60
-54
-72
-64
-80
-70
-84
-72
-84
-70
-80
-64
-72
-54
-60
-40
-44
-22
-24
0
0
-33
-33
-60
-60
-81
-81
-96
-96
-105
-105
-108
-108
-105
-105
-96
-96
-81
-81
-60
-60
-33
-33
0
0
-33
-30
-60
-54
-81
-72
-96
-84
-105
-90
-108
-90
-105
-84
-96
-72
-81
-54
-60
-30
-33
0
0
-40
-40
-72
-72
-96
-96
-112
-112
-120
-120
-120
-120
-112
-112
-96
-96
-72
-72
-40
-40
0
0
-40
-36
-72
-64
-96
-84
-112
-96
-120
-100
-120
-96
-112
-84
-96
-64
-72
-36
-40
0
0
-45
-45
-80
-80
-105
-105
-120
-120
-125
-125
-120
-120
-105
-105
-80
-80
-45
-45
0
0
-45
-40
-80
-70
-105
-90
-120
-100
-125
-100
-120
-90
-105
-70
-80
-40
-45
0
0
-48
-48
-84
-84
-108
-108
-120
-120
-120
-120
-108
-108
-84
-84
-48
-48
0
0
-48
-42
-84
-72
-108
-90
-120
-96
-120
-90
-108
-72
-84
-42
-48
0
0
-49
-49
-84
-84
-105
-105
-112
-112
-105
-105
-84
-84
-49
-49
0
0
-49
-42
-84
-70
-105
-84
-112
-84
-105
-70
-84
-42
-49
0
0
-48
-48
-80
-80
-96
-96
-96
-96
-80
-80
-48
-48
0
0
-48
-40
-80
-64
-96
-72
-96
-64
-80
-40
-48
0
0
-45
-45
-72
-72
-81
-81
-72
-72
-45
-45
0
0
-45
-36
-72
-54
-81
-54
-72
-36
-45
0
0
-40
-40
-60
-60
-60
-60
-40
-40
0
0
-40
-30
-60
-40
-60
-30
-40
0
0
-33
-33
-44
-44
-33
-33
0
0
-33
-22
-44
-22
-33
0
0
-24
-24
-24
-24
0
0
-24
-12
-24
0
0
-13
-13
0
0
-13
0
0
0
0
0
0
0
0
0
0
0
0
0
0
0
0
0
0
0
0
0
0
0
0
0
0
0
0
0
0
0
0
0
0
0
14
13
26
24
36
33
44
40
50
45
54
48
56
49
56
48
54
45
50
40
44
33
36
24
26
13
14
0
0
13
13
24
24
33
33
40
40
45
45
48
48
49
49
48
48
45
45
40
40
33
33
24
24
13
13
0
0
26
24
48
44
66
60
80
72
90
80
96
84
98
84
96
80
90
72
80
60
66
44
48
24
26
0
0
24
24
44
44
60
60
72
72
80
80
84
84
84
84
80
80
72
72
60
60
44
44
24
24
0
0
36
33
66
60
90
81
108
96
120
105
126
108
126
105
120
96
108
81
90
60
66
33
36
0
0
33
33
60
60
81
81
96
96
105
105
108
108
105
105
96
96
81
81
60
60
33
33
0
0
44
40
80
72
108
96
128
112
140
120
144
120
140
112
128
96
108
72
80
40
44
0
0
40
40
72
72
96
96
112
112
120
120
120
120
112
112
96
96
72
72
40
40
0
0
50
45
90
80
120
105
140
120
150
125
150
120
140
105
120
80
90
45
50
0
0
45
45
80
80
105
105
120
120
125
125
120
120
105
105
80
80
45
45
0
0
54
48
96
84
126
108
144
120
150
120
144
108
126
84
96
48
54
0
0
48
48
84
84
108
108
120
120
120
120
108
108
84
84
48
48
0
0
56
49
98
84
126
105
140
112
140
105
126
84
98
49
56
0
0
49
49
84
84
105
105
112
112
105
105
84
84
49
49
0
0
56
48
96
80
120
96
128
96
120
80
96
48
56
0
0
48
48
80
80
96
96
96
96
80
80
48
48
0
0
54
45
90
72
108
81
108
72
90
45
54
0
0
45
45
72
72
81
81
72
72
45
45
0
0
50
40
80
60
90
60
80
40
50
0
0
40
40
60
60
60
60
40
40
0
0
44
33
66
44
66
33
44
0
0
33
33
44
44
33
33
0
0
36
24
48
24
36
0
0
24
24
24
24
0
0
26
13
26
0
0
13
13
0
0
14
0
0
0
0
0
0
0
0
0
0
0
0
0
0
0
0
0
0
0
0
0
0
0
0
0
0
0
0
0
0
0
0
0
0
0
0
-14
-14
-26
-26
-36
-36
-44
-44
-50
-50
-54
-54
-56
-56
-56
-56
-54
-54
-50
-50
-44
-44
-36
-36
-26
-26
-14
-14
0
0
-14
-13
-26
-24
-36
-33
-44
-40
-50
-45
-54
-48
-56
-49
-56
-48
-54
-45
-50
-40
-44
-33
-36
-24
-26
-13
-14
0
0
-26
-26
-48
-48
-66
-66
-80
-80
-90
-90
-96
-96
-98
-98
-96
-96
-90
-90
-80
-80
-66
-66
-48
-48
-26
-26
0
0
-26
-24
-48
-44
-66
-60
-80
-72
-90
-80
-96
-84
-98
-84
-96
-80
-90
-72
-80
-60
-66
-44
-48
-24
-26
0
0
-36
-36
-66
-66
-90
-90
-108
-108
-120
-120
-126
-126
-126
-126
-120
-120
-108
-108
-90
-90
-66
-66
-36
-36
0
0
-36
-33
-66
-60
-90
-81
-108
-96
-120
-105
-126
-108
-126
-105
-120
-96
-108
-81
-90
-60
-66
-33
-36
0
0
-44
-44
-80
-80
-108
-108
-128
-128
-140
-140
-144
-144
-140
-140
-128
-128
-108
-108
-80
-80
-44
-44
0
0
-44
-40
-80
-72
-108
-96
-128
-112
-140
-120
-144
-120
-140
-112
-128
-96
-108
-72
-80
-40
-44
0
0
-50
-50
-90
-90
-120
-120
-140
-140
-150
-150
-150
-150
-140
-140
-120
-120
-90
-90
-50
-50
0
0
-50
-45
-90
-80
-120
-105
-140
-120
-150
-125
-150
-120
-140
-105
-120
-80
-90
-45
-50
0
0
-54
-54
-96
-96
-126
-126
-144
-144
-150
-150
-144
-144
-126
-126
-96
-96
-54
-54
0
0
-54
-48
-96
-84
-126
-108
-144
-120
-150
-120
-144
-108
-126
-84
-96
-48
-54
0
0
-56
-56
-98
-98
-126
-126
-140
-140
-140
-140
-126
-126
-98
-98
-56
-56
0
0
-56
-49
-98
-84
-126
-105
-140
-112
-140
-105
-126
-84
-98
-49
-56
0
0
-56
-56
-96
-96
-120
-120
-128
-128
-120
-120
-96
-96
-56
-56
0
0
-56
-48
-96
-80
-120
-96
-128
-96
-120
-80
-96
-48
-56
0
0
-54
-54
-90
-90
-108
-108
-108
-108
-90
-90
-54
-54
0
0
-54
-45
-90
-72
-108
-81
-108
-72
-90
-45
-54
0
0
-50
-50
-80
-80
-90
-90
-80
-80
-50
-50
0
0
-50
-40
-80
-60
-90
-60
-80
-40
-50
0
0
-44
-44
-66
-66
-66
-66
-44
-44
0
0
-44
-33
-66
-44
-66
-33
-44
0
0
-36
-36
-48
-48
-36
-36
0
0
-36
-24
-48
-24
-36
0
0
-26
-26
-26
-26
0
0
-26
-13
-26
0
0
-14
-14
0
0
-14
0
0
0
0
0
0
0
0
0
0
0
0
0
0
0
0
0
0
0
0
0
0
0
0
0
0
0
0
0
0
0
0
0
0
0
0
0
15
14
28
26
39
36
48
44
55
50
60
54
63
56
64
56
63
54
60
50
55
44
48
36
39
26
28
14
15
0
0
14
14
26
26
36
36
44
44
50
50
54
54
56
56
56
56
54
54
50
50
44
44
36
36
26
26
14
14
0
0
28
26
52
48
72
66
88
80
100
90
108
96
112
98
112
96
108
90
100
80
88
66
72
48
52
26
28
0
0
26
26
48
48
66
66
80
80
90
90
96
96
98
98
96
96
90
90
80
80
66
66
48
48
26
26
0
0
39
36
72
66
99
90
120
108
135
120
144
126
147
126
144
120
135
108
120
90
99
66
72
36
39
0
0
36
36
66
66
90
90
108
108
120
120
126
126
126
126
120
120
108
108
90
90
66
66
36
36
0
0
48
44
88
80
120
108
144
128
160
140
168
144
168
140
160
128
144
108
120
80
88
44
48
0
0
44
44
80
80
108
108
128
128
140
140
144
144
140
140
128
128
108
108
80
80
44
44
0
0
55
50
100
90
135
120
160
140
175
150
180
150
175
140
160
120
135
90
100
50
55
0
0
50
50
90
90
120
120
140
140
150
150
150
150
140
140
120
120
90
90
50
50
0
0
60
54
108
96
144
126
168
144
180
150
180
144
168
126
144
96
108
54
60
0
0
54
54
96
96
126
126
144
144
150
150
144
144
126
126
96
96
54
54
0
0
63
56
112
98
147
126
168
140
175
140
168
126
147
98
112
56
63
0
0
56
56
98
98
126
126
140
140
140
140
126
126
98
98
56
56
0
0
64
56
112
96
144
120
160
128
160
120
144
96
112
56
64
0
0
56
56
96
96
120
120
128
128
120
120
96
96
56
56
0
0
63
54
108
90
135
108
144
108
135
90
108
54
63
0
0
54
54
90
90
108
108
108
108
90
90
54
54
0
0
60
50
100
80
120
90
120
80
100
50
60
0
0
50
50
80
80
90
90
80
80
50
50
0
0
55
44
88
66
99
66
88
44
55
0
0
44
44
66
66
66
66
44
44
0
0
48
36
72
48
72
36
48
0
0
36
36
48
48
36
36
0
0
39
26
52
26
39
0
0
26
26
26
26
0
0
28
14
28
0
0
14
14
0
0
15
0
0
0
0
0
0
0
0
0
0
0
0
0
0
0
0
0
0
0
0
0
0
0
0
0
0
0
0
0
0
0
0
0
0
0
0
0
0
-15
-15
-28
-28
-39
-39
-48
-48
-55
-55
-60
-60
-63
-63
-64
-64
-63
-63
-60
-60
-55
-55
-48
-48
-39
-39
-28
-28
-15
-15
0
0
-15
-14
-28
-26
-39
-36
-48
-44
-55
-50
-60
-54
-63
-56
-64
-56
-63
-54
-60
-50
-55
-44
-48
-36
-39
-26
-28
-14
-15
0
0
-28
-28
-52
-52
-72
-72
-88
-88
-100
-100
-108
-108
-112
-112
-112
-112
-108
-108
-100
-100
-88
-88
-72
-72
-52
-52
-28
-28
0
0
-28
-26
-52
-48
-72
-66
-88
-80
-100
-90
-108
-96
-112
-98
-112
-96
-108
-90
-100
-80
-88
-66
-72
-48
-52
-26
-28
0
0
-39
-39
-72
-72
-99
-99
-120
-120
-135
-135
-144
-144
-147
-147
-144
-144
-135
-135
-120
-120
-99
-99
-72
-72
-39
-39
0
0
-39
-36
-72
-66
-99
-90
-120
-108
-135
-120
-144
-126
-147
-126
-144
-120
-135
-108
-120
-90
-99
-66
-72
-36
-39
0
0
-48
-48
-88
-88
-120
-120
-144
-144
-160
-160
-168
-168
-168
-168
-160
-160
-144
-144
-120
-120
-88
-88
-48
-48
0
0
-48
-44
-88
-80
-120
-108
-144
-128
-160
-140
-168
-144
-168
-140
-160
-128
-144
-108
-120
-80
-88
-44
-48
0
0
-55
-55
-100
-100
-135
-135
-160
-160
-175
-175
-180
-180
-175
-175
-160
-160
-135
-135
-100
-100
-55
-55
0
0
-55
-50
-100
-90
-135
-120
-160
-140
-175
-150
-180
-150
-175
-140
-160
-120
-135
-90
-100
-50
-55
0
0
-60
-60
-108
-108
-144
-144
-168
-168
-180
-180
-180
-180
-168
-168
-144
-144
-108
-108
-60
-60
0
0
-60
-54
-108
-96
-144
-126
-168
-144
-180
-150
-180
-144
-168
-126
-144
-96
-108
-54
-60
0
0
-63
-63
-112
-112
-147
-147
-168
-168
-175
-175
-168
-168
-147
-147
-112
-112
-63
-63
0
0
-63
-56
-112
-98
-147
-126
-168
-140
-175
-140
-168
-126
-147
-98
-112
-56
-63
0
0
-64
-64
-112
-112
-144
-144
-160
-160
-160
-160
-144
-144
-112
-112
-64
-64
0
0
-64
-56
-112
-96
-144
-120
-160
-128
-160
-120
-144
-96
-112
-56
-64
0
0
-63
-63
-108
-108
-135
-135
-144
-144
-135
-135
-108
-108
-63
-63
0
0
-63
-54
-108
-90
-135
-108
-144
-108
-135
-90
-108
-54
-63
0
0
-60
-60
-100
-100
-120
-120
-120
-120
-100
-100
-60
-60
0
0
-60
-50
-100
-80
-120
-90
-120
-80
-100
-50
-60
0
0
-55
-55
-88
-88
-99
-99
-88
-88
-55
-55
0
0
-55
-44
-88
-66
-99
-66
-88
-44
-55
0
0
-48
-48
-72
-72
-72
-72
-48
-48
0
0
-48
-36
-72
-48
-72
-36
-48
0
0
-39
-39
-52
-52
-39
-39
0
0
-39
-26
-52
-26
-39
0
0
-28
-28
-28
-28
0
0
-28
-14
-28
0
0
-15
-15
0
0
-15
0
0
0
0
0
0
0
0
0
0
0
0
0
0
0
0
0
0
0
0
0
0
0
0
0
0
0
0
0
0
0
0
0
0
0
0
0
0
0
16
15
30
28
42
39
52
48
60
55
66
60
70
63
72
64
72
63
70
60
66
55
60
48
52
39
42
28
30
15
16
0
0
15
15
28
28
39
39
48
48
55
55
60
60
63
63
64
64
63
63
60
60
55
55
48
48
39
39
28
28
15
15
0
0
30
28
56
52
78
72
96
88
110
100
120
108
126
112
128
112
126
108
120
100
110
88
96
72
78
52
56
28
30
0
0
28
28
52
52
72
72
88
88
100
100
108
108
112
112
112
112
108
108
100
100
88
88
72
72
52
52
28
28
0
0
42
39
78
72
108
99
132
120
150
135
162
144
168
147
168
144
162
135
150
120
132
99
108
72
78
39
42
0
0
39
39
72
72
99
99
120
120
135
135
144
144
147
147
144
144
135
135
120
120
99
99
72
72
39
39
0
0
52
48
96
88
132
120
160
144
180
160
192
168
196
168
192
160
180
144
160
120
132
88
96
48
52
0
0
48
48
88
88
120
120
144
144
160
160
168
168
168
168
160
160
144
144
120
120
88
88
48
48
0
0
60
55
110
100
150
135
180
160
200
175
210
180
210
175
200
160
180
135
150
100
110
55
60
0
0
55
55
100
100
135
135
160
160
175
175
180
180
175
175
160
160
135
135
100
100
55
55
0
0
66
60
120
108
162
144
192
168
210
180
216
180
210
168
192
144
162
108
120
60
66
0
0
60
60
108
108
144
144
168
168
180
180
180
180
168
168
144
144
108
108
60
60
0
0
70
63
126
112
168
147
196
168
210
175
210
168
196
147
168
112
126
63
70
0
0
63
63
112
112
147
147
168
168
175
175
168
168
147
147
112
112
63
63
0
0
72
64
128
112
168
144
192
160
200
160
192
144
168
112
128
64
72
0
0
64
64
112
112
144
144
160
160
160
160
144
144
112
112
64
64
0
0
72
63
126
108
162
135
180
144
180
135
162
108
126
63
72
0
0
63
63
108
108
135
135
144
144
135
135
108
108
63
63
0
0
70
60
120
100
150
120
160
120
150
100
120
60
70
0
0
60
60
100
100
120
120
120
120
100
100
60
60
0
0
66
55
110
88
132
99
132
88
110
55
66
0
0
55
55
88
88
99
99
88
88
55
55
0
0
60
48
96
72
108
72
96
48
60
0
0
48
48
72
72
72
72
48
48
0
0
52
39
78
52
78
39
52
0
0
39
39
52
52
39
39
0
0
42
28
56
28
42
0
0
28
28
28
28
0
0
30
15
30
0
0
15
15
0
0
16
0
0
0
0
0
0
0
0
0
0
0
0
0
0
0
0
0
0
0
0
0
0
0
0
0
0
0
0
0
0
0
0
0
0
0
0
0
0
0
0
-16
-16
-30
-30
-42
-42
-52
-52
-60
-60
-66
-66
-70
-70
-72
-72
-72
-72
-70
-70
-66
-66
-60
-60
-52
-52
-42
-42
-30
-30
-16
-16
0
0
-16
-15
-30
-28
-42
-39
-52
-48
-60
-55
-66
-60
-70
-63
-72
-64
-72
-63
-70
-60
-66
-55
-60
-48
-52
-39
-42
-28
-30
-15
-16
0
0
-30
-30
-56
-56
-78
-78
-96
-96
-110
-110
-120
-120
-126
-126
-128
-128
-126
-126
-120
-120
-110
-110
-96
-96
-78
-78
-56
-56
-30
-30
0
0
-30
-28
-56
-52
-78
-72
-96
-88
-110
-100
-120
-108
-126
-112
-128
-112
-126
-108
-120
-100
-110
-88
-96
-72
-78
-52
-56
-28
-30
0
0
-42
-42
-78
-78
-108
-108
-132
-132
-150
-150
-162
-162
-168
-168
-168
-168
-162
-162
-150
-150
-132
-132
-108
-108
-78
-78
-42
-42
0
0
-42
-39
-78
-72
-108
-99
-132
-120
-150
-135
-162
-144
-168
-147
-168
-144
-162
-135
-150
-120
-132
-99
-108
-72
-78
-39
-42
0
0
-52
-52
-96
-96
-132
-132
-160
-160
-180
-180
-192
-192
-196
-196
-192
-192
-180
-180
-160
-160
-132
-132
-96
-96
-52
-52
0
0
-52
-48
-96
-88
-132
-120
-160
-144
-180
-160
-192
-168
-196
-168
-192
-160
-180
-144
-160
-120
-132
-88
-96
-48
-52
0
0
-60
-60
-110
-110
-150
-150
-180
-180
-200
-200
-210
-210
-210
-210
-200
-200
-180
-180
-150
-150
-110
-110
-60
-60
0
0
-60
-55
-110
-100
-150
-135
-180
-160
-200
-175
-210
-180
-210
-175
-200
-160
-180
-135
-150
-100
-110
-55
-60
0
0
-66
-66
-120
-120
-162
-162
-192
-192
-210
-210
-216
-216
-210
-210
-192
-192
-162
-162
-120
-120
-66
-66
0
0
-66
-60
-120
-108
-162
-144
-192
-168
-210
-180
-216
-180
-210
-168
-192
-144
-162
-108
-120
-60
-66
0
0
-70
-70
-126
-126
-168
-168
-196
-196
-210
-210
-210
-210
-196
-196
-168
-168
-126
-126
-70
-70
0
0
-70
-63
-126
-112
-168
-147
-196
-168
-210
-175
-210
-168
-196
-147
-168
-112
-126
-63
-70
0
0
-72
-72
-128
-128
-168
-168
-192
-192
-200
-200
-192
-192
-168
-168
-128
-128
-72
-72
0
0
-72
-64
-128
-112
-168
-144
-192
-160
-200
-160
-192
-144
-168
-112
-128
-64
-72
0
0
-72
-72
-126
-126
-162
-162
-180
-180
-180
-180
-162
-162
-126
-126
-72
-72
0
0
-72
-63
-126
-108
-162
-135
-180
-144
-180
-135
-162
-108
-126
-63
-72
0
0
-70
-70
-120
-120
-150
-150
-160
-160
-150
-150
-120
-120
-70
-70
0
0
-70
-60
-120
-100
-150
-120
-160
-120
-150
-100
-120
-60
-70
0
0
-66
-66
-110
-110
-132
-132
-132
-132
-110
-110
-66
-66
0
0
-66
-55
-110
-88
-132
-99
-132
-88
-110
-55
-66
0
0
-60
-60
-96
-96
-108
-108
-96
-96
-60
-60
0
0
-60
-48
-96
-72
-108
-72
-96
-48
-60
0
0
-52
-52
-78
-78
-78
-78
-52
-52
0
0
-52
-39
-78
-52
-78
-39
-52
0
0
-42
-42
-56
-56
-42
-42
0
0
-42
-28
-56
-28
-42
0
0
-30
-30
-30
-30
0
0
-30
-15
-30
0
0
-16
-16
0
0
-16
0
0
0
0
0
0
0
0
0
0
0
0
0
0
0
0
0
0
0
0
0
0
0
0
0
0
0
0
0
0
0
0
0
0
0
0
0
0
0
0
0
17
16
32
30
45
42
56
52
65
60
72
66
77
70
80
72
81
72
80
70
77
66
72
60
65
52
56
42
45
30
32
16
17
0
0
16
16
30
30
42
42
52
52
60
60
66
66
70
70
72
72
72
72
70
70
66
66
60
60
52
52
42
42
30
30
16
16
0
0
32
30
60
56
84
78
104
96
120
110
132
120
140
126
144
128
144
126
140
120
132
110
120
96
104
78
84
56
60
30
32
0
0
30
30
56
56
78
78
96
96
110
110
120
120
126
126
128
128
126
126
120
120
110
110
96
96
78
78
56
56
30
30
0
0
45
42
84
78
117
108
144
132
165
150
180
162
189
168
192
168
189
162
180
150
165
132
144
108
117
78
84
42
45
0
0
42
42
78
78
108
108
132
132
150
150
162
162
168
168
168
168
162
162
150
150
132
132
108
108
78
78
42
42
0
0
56
52
104
96
144
132
176
160
200
180
216
192
224
196
224
192
216
180
200
160
176
132
144
96
104
52
56
0
0
52
52
96
96
132
132
160
160
180
180
192
192
196
196
192
192
180
180
160
160
132
132
96
96
52
52
0
0
65
60
120
110
165
150
200
180
225
200
240
210
245
210
240
200
225
180
200
150
165
110
120
60
65
0
0
60
60
110
110
150
150
180
180
200
200
210
210
210
210
200
200
180
180
150
150
110
110
60
60
0
0
72
66
132
120
180
162
216
192
240
210
252
216
252
210
240
192
216
162
180
120
132
66
72
0
0
66
66
120
120
162
162
192
192
210
210
216
216
210
210
192
192
162
162
120
120
66
66
0
0
77
70
140
126
189
168
224
196
245
210
252
210
245
196
224
168
189
126
140
70
77
0
0
70
70
126
126
168
168
196
196
210
210
210
210
196
196
168
168
126
126
70
70
0
0
80
72
144
128
192
168
224
192
240
200
240
192
224
168
192
128
144
72
80
0
0
72
72
128
128
168
168
192
192
200
200
192
192
168
168
128
128
72
72
0
0
81
72
144
126
189
162
216
180
225
180
216
162
189
126
144
72
81
0
0
72
72
126
126
162
162
180
180
180
180
162
162
126
126
72
72
0
0
80
70
140
120
180
150
200
160
200
150
180
120
140
70
80
0
0
70
70
120
120
150
150
160
160
150
150
120
120
70
70
0
0
77
66
132
110
165
132
176
132
165
110
132
66
77
0
0
66
66
110
110
132
132
132
132
110
110
66
66
0
0
72
60
120
96
144
108
144
96
120
60
72
0
0
60
60
96
96
108
108
96
96
60
60
0
0
65
52
104
78
117
78
104
52
65
0
0
52
52
78
78
78
78
52
52
0
0
56
42
84
56
84
42
56
0
0
42
42
56
56
42
42
0
0
45
30
60
30
45
0
0
30
30
30
30
0
0
32
16
32
0
0
16
16
0
0
17
0
0
0
0
0
0
0
0
0
0
0
0
0
0
0
0
0
0
0
0
0
0
0
0
0
0
0
0
0
0
0
0
0
0
0
0
0
0
0
0
0
0
-17
-17
-32
-32
-45
-45
-56
-56
-65
-65
-72
-72
-77
-77
-80
-80
-81
-81
-80
-80
-77
-77
-72
-72
-65
-65
-56
-56
-45
-45
-32
-32
-17
-17
0
0
-17
-16
-32
-30
-45
-42
-56
-52
-65
-60
-72
-66
-77
-70
-80
-72
-81
-72
-80
-70
-77
-66
-72
-60
-65
-52
-56
-42
-45
-30
-32
-16
-17
0
0
-32
-32
-60
-60
-84
-84
-104
-104
-120
-120
-132
-132
-140
-140
-144
-144
-144
-144
-140
-140
-132
-132
-120
-120
-104
-104
-84
-84
-60
-60
-32
-32
0
0
-32
-30
-60
-56
-84
-78
-104
-96
-120
-110
-132
-120
-140
-126
-144
-128
-144
-126
-140
-120
-132
-110
-120
-96
-104
-78
-84
-56
-60
-30
-32
0
0
-45
-45
-84
-84
-117
-117
-144
-144
-165
-165
-180
-180
-189
-189
-192
-192
-189
-189
-180
-180
-165
-165
-144
-144
-117
-117
-84
-84
-45
-45
0
0
-45
-42
-84
-78
-117
-108
-144
-132
-165
-150
-180
-162
-189
-168
-192
-168
-189
-162
-180
-150
-165
-132
-144
-108
-117
-78
-84
-42
-45
0
0
-56
-56
-104
-104
-144
-144
-176
-176
-200
-200
-216
-216
-224
-224
-224
-224
-216
-216
-200
-200
-176
-176
-144
-144
-104
-104
-56
-56
0
0
-56
-52
-104
-96
-144
-132
-176
-160
-200
-180
-216
-192
-224
-196
-224
-192
-216
-180
-200
-160
-176
-132
-144
-96
-104
-52
-56
0
0
-65
-65
-120
-120
-165
-165
-200
-200
-225
-225
-240
-240
-245
-245
-240
-240
-225
-225
-200
-200
-165
-165
-120
-120
-65
-65
0
0
-65
-60
-120
-110
-165
-150
-200
-180
-225
-200
-240
-210
-245
-210
-240
-200
-225
-180
-200
-150
-165
-110
-120
-60
-65
0
0
-72
-72
-132
-132
-180
-180
-216
-216
-240
-240
-252
-252
-252
-252
-240
-240
-216
-216
-180
-180
-132
-132
-72
-72
0
0
-72
-66
-132
-120
-180
-162
-216
-192
-240
-210
-252
-216
-252
-210
-240
-192
-216
-162
-180
-120
-132
-66
-72
0
0
-77
-77
-140
-140
-189
-189
-224
-224
-245
-245
-252
-252
-245
-245
-224
-224
-189
-189
-140
-140
-77
-77
0
0
-77
-70
-140
-126
-189
-168
-224
-196
-245
-210
-252
-210
-245
-196
-224
-168
-189
-126
-140
-70
-77
0
0
-80
-80
-144
-144
-192
-192
-224
-224
-240
-240
-240
-240
-224
-224
-192
-192
-144
-144
-80
-80
0
0
-80
-72
-144
-128
-192
-168
-224
-192
-240
-200
-240
-192
-224
-168
-192
-128
-144
-72
-80
0
0
-81
-81
-144
-144
-189
-189
-216
-216
-225
-225
-216
-216
-189
-189
-144
-144
-81
-81
0
0
-81
-72
-144
-126
-189
-162
-216
-180
-225
-180
-216
-162
-189
-126
-144
-72
-81
0
0
-80
-80
-140
-140
-180
-180
-200
-200
-200
-200
-180
-180
-140
-140
-80
-80
0
0
-80
-70
-140
-120
-180
-150
-200
-160
-200
-150
-180
-120
-140
-70
-80
0
0
-77
-77
-132
-132
-165
-165
-176
-176
-165
-165
-132
-132
-77
-77
0
0
-77
-66
-132
-110
-165
-132
-176
-132
-165
-110
-132
-66
-77
0
0
-72
-72
-120
-120
-144
-144
-144
-144
-120
-120
-72
-72
0
0
-72
-60
-120
-96
-144
-108
-144
-96
-120
-60
-72
0
0
-65
-65
-104
-104
-117
-117
-104
-104
-65
-65
0
0
-65
-52
-104
-78
-117
-78
-104
-52
-65
0
0
-56
-56
-84
-84
-84
-84
-56
-56
0
0
-56
-42
-84
-56
-84
-42
-56
0
0
-45
-45
-60
-60
-45
-45
0
0
-45
-30
-60
-30
-45
0
0
-32
-32
-32
-32
0
0
-32
-16
-32
0
0
-17
-17
0
0
-17
0
0
0
0
0
0
0
0
0
0
0
0
0
0
0
0
0
0
0
0
0
0
0
0
0
0
0
0
0
0
0
0
0
0
0
0
0
0
0
0
0
0
0
18
17
34
32
48
45
60
56
70
65
78
72
84
77
88
80
90
81
90
80
88
77
84
72
78
65
70
56
60
45
48
32
34
17
18
0
0
17
17
32
32
45
45
56
56
65
65
72
72
77
77
80
80
81
81
80
80
77
77
72
72
65
65
56
56
45
45
32
32
17
17
0
0
34
32
64
60
90
84
112
104
130
120
144
132
154
140
160
144
162
144
160
140
154
132
144
120
130
104
112
84
90
60
64
32
34
0
0
32
32
60
60
84
84
104
104
120
120
132
132
140
140
144
144
144
144
140
140
132
132
120
120
104
104
84
84
60
60
32
32
0
0
48
45
90
84
126
117
156
144
180
165
198
180
210
189
216
192
216
189
210
180
198
165
180
144
156
117
126
84
90
45
48
0
0
45
45
84
84
117
117
144
144
165
165
180
180
189
189
192
192
189
189
180
180
165
165
144
144
117
117
84
84
45
45
0
0
60
56
112
104
156
144
192
176
220
200
240
216
252
224
256
224
252
216
240
200
220
176
192
144
156
104
112
56
60
0
0
56
56
104
104
144
144
176
176
200
200
216
216
224
224
224
224
216
216
200
200
176
176
144
144
104
104
56
56
0
0
70
65
130
120
180
165
220
200
250
225
270
240
280
245
280
240
270
225
250
200
220
165
180
120
130
65
70
0
0
65
65
120
120
165
165
200
200
225
225
240
240
245
245
240
240
225
225
200
200
165
165
120
120
65
65
0
0
78
72
144
132
198
180
240
216
270
240
288
252
294
252
288
240
270
216
240
180
198
132
144
72
78
0
0
72
72
132
132
180
180
216
216
240
240
252
252
252
252
240
240
216
216
180
180
132
132
72
72
0
0
84
77
154
140
210
189
252
224
280
245
294
252
294
245
280
224
252
189
210
140
154
77
84
0
0
77
77
140
140
189
189
224
224
245
245
252
252
245
245
224
224
189
189
140
140
77
77
0
0
88
80
160
144
216
192
256
224
280
240
288
240
280
224
256
192
216
144
160
80
88
0
0
80
80
144
144
192
192
224
224
240
240
240
240
224
224
192
192
144
144
80
80
0
0
90
81
162
144
216
189
252
216
270
225
270
216
252
189
216
144
162
81
90
0
0
81
81
144
144
189
189
216
216
225
225
216
216
189
189
144
144
81
81
0
0
90
80
160
140
210
180
240
200
250
200
240
180
210
140
160
80
90
0
0
80
80
140
140
180
180
200
200
200
200
180
180
140
140
80
80
0
0
88
77
154
132
198
165
220
176
220
165
198
132
154
77
88
0
0
77
77
132
132
165
165
176
176
165
165
132
132
77
77
0
0
84
72
144
120
180
144
192
144
180
120
144
72
84
0
0
72
72
120
120
144
144
144
144
120
120
72
72
0
0
78
65
130
104
156
117
156
104
130
65
78
0
0
65
65
104
104
117
117
104
104
65
65
0
0
70
56
112
84
126
84
112
56
70
0
0
56
56
84
84
84
84
56
56
0
0
60
45
90
60
90
45
60
0
0
45
45
60
60
45
45
0
0
48
32
64
32
48
0
0
32
32
32
32
0
0
34
17
34
0
0
17
17
0
0
18
0
0
0
0
0
0
0
0
0
0
0
0
0
0
0
0
0
0
0
0
0
0
0
0
0
0
0
0
0
0
0
0
0
0
0
0
0
0
0
0
0
0
0
0
-18
-18
-34
-34
-48
-48
-60
-60
-70
-70
-78
-78
-84
-84
-88
-88
-90
-90
-90
-90
-88
-88
-84
-84
-78
-78
-70
-70
-60
-60
-48
-48
-34
-34
-18
-18
0
0
-18
-17
-34
-32
-48
-45
-60
-56
-70
-65
-78
-72
-84
-77
-88
-80
-90
-81
-90
-80
-88
-77
-84
-72
-78
-65
-70
-56
-60
-45
-48
-32
-34
-17
-18
0
0
-34
-34
-64
-64
-90
