379
40
15
221
167
288
16
23
156
29
442
331
469
351
284
266
496
329
44
191
0
216
327
79
376
145
362
199
356
219
256
291
353
262
205
346
289
479
189
309
231
302
30
28
405
493
394
142
428
21
338
334
245
210
100
195
11
126
448
480
253
32
90
241
305
70
107
37
337
134
336
418
380
435
194
24
269
306
265
443
61
255
138
10
259
333
121
99
459
120
129
78
316
489
225
47
42
454
492
144
6
7
322
181
411
371
404
102
422
64
433
85
98
373
174
171
83
58
33
481
201
89
463
153
8
283
177
104
395
484
157
163
403
321
438
214
488
292
264
4
310
375
169
426
62
86
367
108
297
462
314
249
57
495
304
155
308
250
27
207
396
75
352
400
97
470
158
340
339
323
211
466
318
183
341
103
95
39
111
420
415
326
117
278
359
77
50
449
68
294
5
175
477
499
487
440
127
436
344
500
147
36
209
59
67
66
374
22
151
274
368
119
416
279
453
383
285
164
273
124
254
424
332
465
115
109
238
136
229
347
439
63
275
421
431
141
464
325
381
112
162
25
184
149
473
173
143
35
172
270
280
125
55
212
94
110
65
131
218
31
91
3
258
491
154
360
185
45
324
328
456
80
192
148
398
188
478
206
412
239
372
170
430
387
13
217
123
96
476
54
1
312
474
53
74
406
92
277
445
364
227
451
267
165
105
317
52
483
295
193
303
429
293
307
114
434
243
342
202
417
176
432
252
450
378
200
296
130
84
244
161
46
397
281
315
409
248
257
242
232
9
118
413
311
224
48
247
335
34
497
113
301
215
330
49
146
320
447
427
384
276
93
51
72
69
226
233
408
160
237
132
87
182
343
140
168
446
457
272
290
261
180
208
389
122
260
455
43
271
386
150
263
441
357
458
18
17
299
268
425
486
236
399
14
197
494
222
363
26
88
485
467
213
20
452
106
460
437
235
220
391
178
354
414
471
82
365
498
482
240
187
152
246
19
385
135
410
350
298
81
234
228
159
198
133
401
349
348
2
179
223
38
313
393
392
369
56
390
139
186
116
204
388
402
468
190
355
196
128
423
461
73
203
166
230
60
490
137
370
475
444
345
76
282
407
300
287
377
382
71
361
419
472
41
251
101
366
358
12
286
319
