-1 48
-4 16
42 9
-32 -36
27 -26
34 32
-40 32
-33 48
-28 37
-43 14
-45 -1
-34 23
20 -26
-27 -26
6 11
-41 22
-3 -19
-36 25
-15 -30
-6 50
8 26
23 -13
35 37
-44 44
-37 -16
42 -3
-37 -11
-32 28
0 28
11 -23
6 33
-20 26
25 -28
-39 -20
3 -19
-13 -42
32 15
-18 -15
29 7
-22 -18
-45 31
-12 37
16 39
30 12
23 -32
44 44
47 -29
34 38
37 11
30 31
16 -23
-45 45
10 24
5 -28
42 29
-2 22
-32 -2
-21 10
-40 -3
-37 25
-36 50
-9 -13
1 37
-35 48
47 -37
-13 28
-10 -38
14 -8
14 -32
-45 -17
9 -22
0 -19
-18 18
-17 28
-34 16
-20 41
0 20
-8 14
17 10
29 22
-10 -20
22 -13
-47 28
3 20
-11 -27
-24 10
-42 -22
-47 48
-37 47
-22 -5
29 47
6 -46
-46 -46
1 -1
-36 -50
-1 -47
11 -25
-29 45
-10 5
33 15
23 30
7 45
-9 -39
-37 -26
-29 -3
5 33
17 9
13 50
-27 15
-28 42
44 11
-13 19
11 21
-12 11
12 -31
9 -11
-7 -39
-34 -34
-1 33
17 45
-36 -35
-32 9
-12 -41
21 -37
23 -15
-26 -7
0 26
-28 -3
-21 2
25 5
20 -27
11 34
47 -6
-11 -23
18 -2
30 24
1 9
-43 -45
18 -18
18 43
35 21
-14 1
-47 46
-20 -31
-43 -34
-32 -34
1 -38
19 -42
-47 -18
43 47
37 -22
-2 -25
-3 17
44 -10
-6 19
-49 -24
-42 50
-46 43
18 5
31 21
-2 42
43 2
12 -38
-39 -47
45 -13
-2 -34
44 -45
42 20
21 9
-41 -26
47 -39
50 -6
-12 -34
-47 42
21 14
36 -37
-49 14
26 9
-46 39
-8 26
-20 -13
-48 12
5 12
-11 -38
44 36
-19 10
-42 22
-13 39
40 -10
48 10
-44 45
14 -4
-2 -17
-26 -17
5 49
-3 41
-1 23
-37 -42
-2 12
3 5
-30 0
-42 8
39 -20
-12 12
-38 49
26 -9
30 25
-15 29
12 -30
28 47
-13 35
-5 -35
-46 1
31 -5
-1 -16
27 32
20 -31
35 -47
49 -35
-49 -8
-31 28
-25 6
-25 49
-50 19
24 -40
28 22
-12 46
12 38
-29 -33
46 -9
8 42
17 26
-4 -23
-49 4
5 17
47 22
-12 -50
-22 43
-25 47
-4 18
27 34
-41 34
-25 7
-23 -33
28 1
20 -17
-50 43
9 -48
18 -13
-33 -45
10 -40
29 -41
-27 36
-38 30
34 -29
-45 16
-9 19
-24 -10
36 1
42 -11
-9 -11
5 48
-7 -14
10 -34
49 45
40 6
6 40
41 50
-44 -21
-30 49
-9 -25
15 21
-28 22
-39 20
-16 -39
-46 41
-17 1
-18 23
-42 44
17 -6
-49 49
-13 16
35 -22
0 -48
-15 -13
16 -28
42 15
19 -10
-44 -9
44 39
3 47
2 47
-19 15
-18 -37
-4 -44
-22 -14
50 26
-43 4
27 30
-20 46
45 1
16 -38
-35 12
-42 -38
2 5
46 -19
13 -41
46 48
-27 23
1 -49
35 14
-33 41
10 -20
22 32
28 -33
48 -17
12 -20
-28 36
-2 3
-45 -12
20 -8
-22 41
-10 14
-22 37
31 -13
10 -50
23 -47
-31 9
-16 0
9 -46
-25 -24
-42 12
8 -40
-1 19
8 -47
-4 20
-44 37
-36 12
-18 28
-26 -15
32 -12
-8 -42
17 43
1 35
-50 12
2 -42
27 -41
-24 45
-9 34
47 25
35 -1
-45 42
-4 37
42 33
11 -46
-44 8
-13 -9
24 -45
50 -20
-45 20
46 6
16 40
9 15
-50 -32
43 8
-1 13
-38 20
47 19
21 48
-20 12
-1 -14
50 -38
-45 -47
-6 -5
-43 26
-50 -8
-13 -44
11 49
-33 1
-41 -38
32 25
22 34
-33 32
15 -1
-48 39
-12 -18
36 35
50 -17
21 -33
42 17
10 -31
47 17
-40 37
34 -39
-12 -43
-17 -14
41 -19
-5 45
-36 4
44 21
36 15
47 41
34 27
10 40
19 9
-21 42
11 19
-31 -8
0 -34
-1 -24
-20 1
39 21
-30 -49
-33 -5
41 -11
-48 34
50 -34
0 -15
50 -39
36 4
37 -17
-38 -47
43 -30
-9 5
48 -34
-11 9
14 2
-45 -11
42 -10
46 12
39 -4
43 -39
-31 -17
50 41
-10 -9
14 -42
41 20
-15 -45
-32 30
44 32
9 46
39 50
46 44
-47 -50
10 38
-40 -45
-3 -13
-15 -32
-19 -37
-42 9
17 -42
22 -32
-12 22
-14 15
-41 27
-34 -21
-19 9
-25 9
30 18
-1 28
-2 -18
-2 23
-23 41
-22 23
9 -20
21 -27
-32 2
1 -44
-49 -9
18 46
-39 -35
8 -15
-40 -11
7 -20
31 -16
-35 -32
-46 -25
4 15
30 44
46 8
32 -16
-41 13
44 14
-37 12
-31 13
18 -32
29 35
-47 -7
12 34
27 3
16 -46
-35 -3
23 -44
22 -46
-45 -18
-1 7
26 22
17 18
-13 31
-2 49
-29 -20
-7 39
-3 -5
-5 -50
-49 -29
-44 -12
30 6
23 -27
1 25
-20 -23
18 -20
-1 -15
-28 -18
12 -33
-40 -6
-21 -27
-11 -11
5 -13
26 16
37 31
-32 -11
-34 6
15 -28
-7 -29
-6 48
-48 -42
-26 -1
-47 -43
4 7
15 13
-13 -43
-14 -12
19 50
0 -40
19 36
50 12
-27 -15
-38 14
-25 3
-27 -17
14 -7
27 39
-32 -22
-20 36
-12 9
14 35
-24 1
48 -33
-31 0
26 -7
47 45
9 -45
-29 -31
-48 -7
-14 6
33 31
50 25
-41 11
26 -32
9 -4
31 -31
-41 -35
-17 -13
41 34
31 -2
-22 22
1 40
0 31
-46 -14
10 44
38 -14
-5 -12
-23 -9
25 -15
-43 -23
-35 -15
0 47
44 50
-50 -26
2 -12
-10 -49
18 32
-37 43
-41 5
31 -44
0 -37
18 -39
34 22
18 34
2 39
28 -29
-47 -39
48 -36
22 -37
1 -19
49 -46
-48 -48
16 9
-30 45
-42 -48
-45 1
-38 50
21 33
-28 -16
-19 1
-43 -19
-34 41
42 -41
31 48
20 28
5 -46
0 -36
-14 -28
-14 17
-2 11
-50 39
11 15
5 43
-24 -29
32 11
-48 -46
26 -10
-40 -2
-34 -36
32 -41
9 37
-18 34
49 -1
-10 49
-39 33
-42 -39
20 -49
-29 -18
-8 -21
26 -27
19 28
-35 -46
43 -37
-36 -40
-3 -47
-4 35
30 -28
50 -18
28 13
-10 -50
9 -32
18 -7
31 -12
17 -36
11 -19
-13 -8
1 32
12 43
13 31
25 -46
23 -50
-27 -30
-26 -13
41 15
-47 -1
-43 -33
31 -37
-43 10
-3 -7
-13 27
-5 -37
27 -47
-37 -7
13 19
4 -38
30 -49
34 -36
9 49
-7 -18
-11 -28
-9 -21
-15 -24
-50 -5
20 -25
-21 -4
35 9
-40 19
45 -39
21 -38
-7 -7
-23 -19
-23 -47
7 -6
-43 47
47 35
6 -15
-33 -4
-23 1
-20 28
-16 4
40 -20
13 -46
-19 19
-10 3
47 21
26 -17
21 -4
17 33
-39 -32
-14 32
50 -4
-30 37
-11 14
25 -3
7 -49
38 -34
42 13
31 -34
10 48
45 -5
49 39
-17 -49
5 -40
-30 33
33 -36
50 -7
-37 22
-18 -2
-35 -21
-48 -28
-30 32
41 -32
-17 -20
-3 37
18 16
-12 -21
45 -48
12 29
26 -23
18 11
-46 -38
-13 -26
-18 13
33 36
-33 19
-27 -3
-34 -44
9 30
-23 -34
-46 -26
43 -20
29 -28
15 44
49 -41
44 -14
13 -10
-28 -25
48 -43
-35 40
-10 -1
19 -28
12 -35
-11 -22
-20 4
-36 43
-27 4
-37 24
-14 -40
-37 -47
7 -10
43 -34
-40 7
-20 17
-5 39
47 -4
-50 50
6 -35
-22 -29
23 50
41 -7
38 -22
-36 40
27 -4
34 -20
26 44
48 -50
2 -27
16 14
5 26
19 45
-5 44
-23 -22
45 20
-3 -36
49 -16
34 -17
-29 -45
-1 11
-36 -30
22 29
-36 14
-50 47
-50 22
-15 38
-28 -2
-37 -31
37 14
2 12
20 -7
17 -9
-6 -40
-28 15
-38 1
-30 -5
-43 19
-14 25
-48 -45
-37 -4
-19 -9
-21 -29
-32 -37
21 -17
36 -11
-27 -41
8 -18
3 10
45 14
43 4
-49 46
-15 23
-2 -10
49 34
-49 29
-25 -48
-5 35
27 -7
-31 -41
47 -16
-48 36
40 40
28 -46
-21 -30
-15 -37
-12 4
-36 -44
49 -15
-48 8
-46 -3
-46 40
42 -29
-21 0
-28 -36
22 8
22 11
35 17
40 -13
12 -9
-31 49
-47 -38
-6 -35
-21 44
19 -33
-9 -38
-49 18
32 3
-11 37
-33 49
24 -30
-28 -37
30 -9
-25 -17
-29 40
43 -5
-7 -11
29 -15
-44 -25
-42 -4
-27 -24
22 -24
-16 43
-30 -38
3 -46
-8 -30
-36 1
15 19
17 -11
-17 31
-9 -30
-39 36
-44 38
-23 16
38 -35
-50 10
21 -43
-31 4
4 -48
30 -2
-20 43
-5 -42
8 23
-6 -13
19 -44
-4 8
-40 -1
-8 -26
-41 -49
-5 -16
31 11
-5 -13
-5 -8
20 47
-18 -6
-32 -50
33 -8
-11 43
29 -30
-30 -39
-11 41
-2 41
-40 3
-15 4
47 -25
32 14
-2 2
-8 41
-14 27
4 -20
-31 48
-16 32
-4 46
-40 22
1 11
37 -42
10 -33
27 36
-49 -19
-48 2
-33 -22
23 41
34 1
-33 23
-39 -43
43 43
-15 16
-20 13
-7 5
12 11
10 26
49 -37
-13 -20
30 -50
36 49
-19 42
23 -24
-27 33
-13 -14
-48 -38
25 -12
-40 9
-15 43
21 -45
-40 50
21 -5
-16 -34
-16 -19
27 49
26 -45
-9 31
49 35
2 18
49 36
4 45
39 45
39 -18
29 34
47 13
-10 -25
27 15
-32 -47
38 47
-30 -13
31 -11
13 33
-49 31
-10 18
16 -7
-24 -38
31 -47
-44 25
-41 -15
3 14
-27 2
-27 21
-17 -50
-26 -44
20 -32
-21 43
-23 5
41 8
46 45
-28 -27
-5 1
-26 43
31 26
9 -35
-47 -9
-24 41
-46 -9
48 8
28 -7
-22 -17
44 4
-13 -13
-24 -6
45 -34
-37 -5
0 15
29 50
37 -20
38 -46
-45 -31
22 -15
-44 -27
37 22
-50 13
-10 -34
35 -10
38 10
-27 -25
20 32
-17 21
-36 28
-10 -36
-26 50
3 45
-26 -23
34 -43
-40 25
39 31
-27 28
20 -39
24 45
-20 -50
0 45
-26 40
-42 6
16 -45
-14 -22
8 -36
39 7
42 -26
-19 43
50 -44
37 -6
16 -3
-27 -14
8 -12
-18 25
18 -26
6 0
4 41
37 -50
-18 -46
2 -37
-15 -47
-18 41
23 40
-4 -27
-19 33
-42 15
-13 -16
40 38
-42 43
11 -4
47 -10
-46 28
-27 -23
-16 49
-6 2
-31 23
-37 -15
40 26
-48 18
-44 -37
-40 -46
-2 -41
7 -34
41 -29
-29 -15
13 -27
17 19
-42 3
-12 -23
23 -1
-45 2
-31 12
-42 31
31 -40
34 45
-39 -37
43 -25
-37 -39
30 -13
3 -20
48 40
-47 38
-49 -34
-25 -22
-2 20
-20 47
-4 -32
-39 -8
36 -6
-1 -17
-25 10
36 -8
-27 38
14 -19
-22 -44
49 40
-18 -33
-18 20
-46 -17
-30 18
-42 -32
2 14
-30 -29
46 47
-18 -38
10 -30
-20 37
-16 -48
-12 -46
-8 48
14 -24
-41 6
6 6
36 43
44 -50
-41 37
16 -36
-36 -13
-29 -27
31 -36
-1 -8
5 -25
-18 11
10 -17
31 1
-4 38
49 0
-39 -16
33 41
-36 19
44 0
12 -4
48 36
19 39
-17 19
43 -42
-47 35
45 -45
1 -47
-24 -24
-24 27
-22 36
-15 -8
-12 -32
6 27
48 -15
-42 -31
30 -30
12 -32
25 -42
27 35
49 -13
-27 44
38 -4
-14 29
27 11
48 -6
49 19
34 13
46 4
-23 -1
47 29
-33 -29
19 38
27 44
29 -12
-9 37
-47 -3
43 37
-23 -6
22 39
-5 -34
18 9
-45 29
37 0
-10 -46
10 -42
21 -31
-24 24
-39 -50
45 13
-17 29
-46 -45
21 5
5 45
-45 -46
-1 45
41 -25
40 14
-31 -46
29 -5
-28 -41
41 -33
14 -35
9 17
-28 30
-46 -35
20 -14
-38 -9
-7 25
24 32
-16 10
10 21
-20 32
30 19
-11 -3
20 -43
1 -8
3 -39
-13 14
19 49
-46 42
-12 18
18 -25
-23 46
9 33
-27 3
-34 21
15 -43
2 27
11 29
-3 28
-44 21
37 41
1 1
44 17
-31 25
-40 43
-25 -49
26 37
-5 48
-31 -31
-27 -1
-40 11
-50 -7
-1 -39
34 -47
-16 -15
14 -18
15 -46
-4 -7
-21 48
14 32
-9 -37
6 -27
45 -20
4 20
11 -42
-32 41
-34 14
13 -2
-23 38
-23 -25
-40 5
-32 1
31 2
-39 -10
45 42
35 44
22 -12
-20 -39
-42 35
40 -44
-38 42
26 -21
-25 33
-18 -22
11 14
-12 -5
-49 1
31 38
-30 -44
-31 7
17 6
43 10
-44 -18
-22 13
-27 -22
-18 0
-43 39
12 10
-46 -10
41 28
-42 -2
5 42
-23 48
-6 23
30 -10
2 24
42 -18
28 -28
41 -13
8 -24
-39 -28
-49 -31
1 -21
-1 30
-37 -35
12 42
19 -26
-44 48
16 -24
35 48
-29 -44
-37 21
-38 -30
17 -23
47 0
18 21
17 -31
-23 -15
-15 -41
-41 1
25 35
-36 -39
10 4
33 23
-1 -44
41 -45
-43 50
0 5
11 -34
15 33
-16 -3
16 -50
26 -24
-4 10
-23 12
24 26
46 -8
-36 24
-24 -44
-16 45
5 -20
-29 18
-16 42
-6 11
-29 -7
-22 2
15 -45
21 45
-50 -4
31 0
49 48
50 -24
35 -6
46 -45
-48 23
1 -48
-21 41
-46 -12
17 -3
47 42
-18 -16
-10 37
-4 2
-21 37
-7 40
10 13
8 -34
-11 48
-34 5
1 -27
1 23
-5 47
11 -11
30 -23
-49 15
41 21
-4 -17
-26 -10
5 -18
-34 19
-12 -4
-49 35
-50 2
-17 13
13 1
-20 -32
2 -17
41 -16
-29 -24
25 19
24 -4
-4 -4
35 -13
-43 9
36 -44
22 -26
-14 -46
-10 7
22 -4
-11 -6
33 -16
29 -20
-27 -43
-3 15
8 -29
-5 -46
-33 -2
48 -2
50 48
19 -6
-9 46
-35 -13
-4 14
34 25
-39 -6
-36 -38
-32 -45
7 7
-36 -42
-8 37
31 41
34 -3
-5 19
-28 28
44 -25
27 -45
17 -20
-22 -3
-40 38
23 -10
3 -35
-47 -24
-3 6
44 38
48 35
-35 45
24 1
-17 15
38 14
17 49
-45 -8
32 -25
7 -1
-23 14
-24 19
27 -30
-24 -48
37 -44
-36 -8
-42 -35
11 3
-7 49
-6 17
-22 27
-41 -45
10 7
-21 4
42 -21
-43 -20
39 14
48 -48
-50 5
34 47
-47 12
-45 7
6 -23
-47 -14
-27 -40
12 -40
-45 -37
5 5
-6 -49
22 -7
24 -8
5 40
-45 -34
-12 -44
-18 -9
-27 35
-22 21
2 22
-41 -1
39 -3
-22 -26
38 34
-18 2
-3 -15
9 11
20 -10
38 -13
-18 17
41 -20
-8 -27
-20 -12
40 -18
-20 22
24 -20
22 -17
-47 5
1 -46
-50 7
19 -48
-30 -33
-9 22
-17 11
-45 44
-15 42
21 4
-26 -8
22 -41
-14 -38
29 5
35 6
-34 -27
-43 -15
20 -12
35 -34
5 31
41 42
38 -42
-25 36
-14 -19
-14 38
19 -18
-39 41
49 24
1 4
-21 12
4 11
-14 47
8 12
39 -10
-31 -33
-23 -37
15 -19
-12 8
49 -17
-16 -40
15 -32
23 -40
13 -6
-17 -23
-39 -36
45 21
-17 -39
30 -31
1 -37
38 -1
18 10
46 24
-28 9
41 -36
-3 42
49 1
21 -36
14 8
-42 -25
-34 -25
21 -12
7 -27
-24 -8
-6 20
13 -1
-4 32
-16 5
-15 45
17 13
25 30
-2 25
-3 -16
34 -23
-25 -18
11 -26
-48 -33
45 10
-32 14
-47 -30
-32 -13
5 -17
39 -8
33 -34
23 -2
4 -37
-22 -25
-39 14
9 -41
44 30
-36 -12
44 9
41 7
45 40
25 7
8 0
37 32
-24 4
-30 46
-7 -42
48 7
-21 30
39 -13
47 3
4 17
-13 -49
-5 -19
-10 -26
13 45
-16 29
46 -50
21 25
26 12
-36 31
-32 -46
29 -2
12 30
2 -36
-12 30
-28 -40
24 30
44 -2
41 4
39 29
-5 -18
11 31
-24 42
28 18
48 12
40 -24
-11 -10
6 -50
8 33
-9 35
27 21
-41 -9
29 -26
-47 -44
7 28
-15 1
-37 -9
12 6
46 14
47 5
-12 25
26 47
-45 -27
-16 7
36 -5
18 -14
47 -47
18 26
7 -36
10 -29
6 -36
-33 30
-30 23
7 -25
-49 11
-45 34
-22 0
-44 5
-21 -40
-21 -1
23 18
37 -48
-49 -48
22 47
42 40
34 -46
24 -46
47 -1
-24 -46
15 -44
34 -15
13 26
-6 32
7 50
25 -38
-2 1
49 -14
-27 -46
-42 5
-22 -31
36 -4
-36 35
-37 -14
19 10
-48 49
2 49
-40 -7
22 -9
-2 19
44 -13
20 6
-16 3
37 17
17 -45
48 26
-26 29
-2 36
-30 42
-10 13
-7 28
-50 -18
-27 -27
44 2
-40 -22
7 8
-16 28
-25 -13
-46 -15
-7 8
32 50
37 -18
-41 -36
-18 -32
23 1
-15 35
42 26
-36 -16
-47 34
-44 1
42 -20
34 -33
2 -2
-11 -13
29 9
-43 12
-19 7
-46 30
-11 16
-41 33
-33 -15
-36 47
-12 17
32 -36
-13 36
-31 10
-22 16
22 -28
-33 -30
50 -45
50 7
14 0
-6 12
26 49
-7 -9
-24 -35
-24 -42
-1 38
-49 26
33 -50
-40 34
-2 -24
32 34
-15 25
43 27
25 -1
-14 -9
-26 -45
41 -9
-11 -25
-32 26
15 -2
-45 -48
-29 -46
15 -15
-1 3
-30 -32
-47 7
-7 36
0 0
12 3
50 -21
0 -23
-20 21
-49 32
40 -7
-8 -33
36 31
46 42
28 42
-45 -6
22 -5
26 -12
-30 -50
38 27
-25 -19
15 -35
10 10
20 -29
-7 17
1 -17
-20 44
-4 -37
14 -30
-45 9
-33 -16
48 19
6 -33
8 3
-1 9
-44 33
14 -9
-33 35
-28 -47
-34 44
-49 16
50 30
-8 -41
15 49
-49 -43
-2 14
-24 35
-19 32
0 -11
47 -48
43 50
8 32
31 -10
29 27
14 -31
-34 -19
-45 49
9 -8
-31 41
-17 -31
-49 -33
-11 -48
-24 31
35 35
39 13
8 -28
48 6
1 29
-4 -45
-4 27
16 11
5 14
50 49
44 -6
-47 17
31 -26
-11 -29
34 33
-22 8
30 -11
-49 -44
-16 -30
5 -11
46 -30
-15 -7
38 15
24 31
31 -4
-12 -39
-24 7
44 29
6 -20
-5 -41
-28 -6
-46 -34
42 -2
17 -47
-50 48
4 -44
41 32
-45 -13
-1 -12
25 6
42 2
-35 2
-7 -41
34 -16
-4 -42
33 29
-22 19
-37 -1
-46 -36
-17 41
-9 33
33 -47
-41 41
-17 -7
37 -15
32 -49
-27 -12
22 26
-32 3
-29 10
36 -32
-10 11
-35 -38
-31 -30
40 2
41 9
-32 43
42 -19
31 49
-46 38
-4 6
-1 43
49 17
-13 -45
-37 38
-25 -46
-4 17
-27 18
-29 9
-26 46
-21 -8
3 -4
-42 16
32 -10
43 20
22 -10
-26 39
-11 -14
32 -43
0 25
-28 33
-13 -35
-18 -39
-1 -1
28 -30
35 -30
4 25
-3 9
32 1
48 -18
-25 -38
36 -25
-2 -47
7 -38
28 -37
28 39
17 12
-3 43
12 -7
-10 -32
1 19
36 26
40 -23
14 28
47 -36
-37 -36
-25 29
5 -39
23 -31
-15 -49
-28 49
26 33
-50 25
-16 41
-50 -21
27 29
-28 -44
-9 -31
-5 23
22 -48
16 -21
35 -15
-29 -12
27 -35
-21 -49
32 18
-23 15
13 40
6 -13
24 19
49 46
-1 -26
-4 -15
14 38
-49 48
4 10
-47 -40
4 18
-41 -34
6 31
-8 43
-36 3
24 -14
-15 -42
-12 -40
43 -28
2 16
-36 2
38 12
31 19
-48 -2
41 17
3 -32
48 30
5 44
44 22
-19 -42
-48 14
-46 -4
-12 -13
-48 -10
-8 30
-6 -12
-26 1
-15 15
-32 -23
-21 -19
-43 -14
-42 37
-9 -29
0 -43
-30 48
-46 22
39 32
40 35
-7 47
19 -15
-40 45
-26 -11
48 -12
4 -12
31 33
15 41
-8 9
47 -45
40 24
49 -21
-28 -29
-45 24
3 43
25 31
-28 -34
-25 38
-12 -37
37 23
9 29
-20 25
-40 4
-25 14
37 -31
3 4
14 12
30 0
-48 25
-34 -37
25 -45
0 -41
-29 -43
34 17
6 -6
10 9
-33 -17
-26 -35
50 -41
14 -16
-4 -16
11 20
0 -47
-31 -39
43 13
37 -36
21 29
29 2
11 48
40 23
39 -5
19 17
-15 3
6 34
-18 45
13 -20
-5 46
-35 29
-16 21
-45 -3
-3 -8
19 7
-27 5
-2 32
28 7
24 -16
44 24
41 14
-38 -25
-31 -50
7 -15
6 38
-17 -12
25 -14
-19 6
1 50
-47 26
-33 24
-33 15
46 -48
-50 16
-7 -30
2 -18
-20 -48
45 -36
31 -30
26 48
-20 -15
-43 -8
-38 33
8 -7
-22 15
-14 28
50 -15
49 -36
45 -12
44 19
-44 -44
-14 -30
10 -23
5 22
38 8
48 -37
45 36
33 24
42 35
11 23
39 42
48 44
44 -28
2 0
-50 -41
-13 10
-18 -34
35 31
28 -44
-35 20
29 43
37 -30
10 16
37 -29
12 8
-10 10
-22 6
-40 -18
-15 -38
39 -39
-44 40
48 -45
0 35
21 -7
-37 -20
-38 -21
-33 -42
-37 -44
2 -34
41 -5
10 46
-15 -20
-22 -49
-25 -42
-30 -25
5 -9
44 28
-20 -19
1 47
17 -33
-41 30
11 6
11 -17
33 -7
-13 7
-6 13
20 49
31 22
9 -40
-7 22
2 13
20 -36
21 2
-15 34
-43 -46
-16 -17
20 9
-4 12
22 -20
-3 -28
24 47
-36 -3
-21 -7
40 -8
-29 17
16 -5
36 -13
40 30
45 -17
19 35
-16 -45
-49 6
49 27
-40 -47
-44 -7
32 28
7 -48
4 22
-37 37
-7 46
-18 49
-17 47
-15 21
7 42
27 33
45 30
-41 29
10 34
-38 -6
15 -36
28 -25
27 41
-30 -4
3 23
-15 26
7 10
1 -9
12 -49
-15 -40
-10 32
10 -24
-33 3
-13 -11
13 27
21 24
-5 28
-21 40
35 34
40 -3
45 -31
-50 -40
43 -13
-49 -18
-23 -42
19 11
-31 30
-42 7
-33 -11
-19 0
-36 -46
-27 -48
-46 -41
27 25
18 39
3 -40
-1 -38
-12 15
-11 -16
-33 27
-43 18
-16 34
-47 -37
-26 24
18 -43
0 -45
29 -42
48 37
-39 1
-2 13
-1 -22
-2 -20
19 -4
-34 12
6 -41
11 -1
13 -32
-43 -2
28 -50
1 30
-1 -28
22 37
10 42
38 39
11 0
36 48
10 39
49 43
-38 10
-37 39
15 -3
-49 21
-7 7
0 -25
25 -31
-49 10
-28 -30
27 -49
1 38
-50 4
-6 44
-13 30
8 -22
-7 6
48 -29
-4 11
49 -49
-22 -36
-20 10
-25 5
-12 -28
-11 -18
47 -40
18 -10
-24 -16
43 44
29 -23
24 8
-11 -49
-4 -25
-1 35
24 -5
14 24
-20 -35
1 45
40 48
5 11
11 -37
33 40
-13 -4
1 -20
48 -39
-42 -15
18 -37
-44 -33
11 -18
-17 -28
-26 2
-12 1
-50 18
38 -29
-25 31
-20 8
-29 25
4 47
-40 -41
-44 -42
-24 39
-11 -46
15 15
4 -21
38 -48
36 -28
-26 -29
-12 39
31 18
-24 -43
45 -15
-6 -15
29 17
-49 17
-30 13
8 -42
8 -14
-40 -28
39 -1
1 49
37 -21
30 29
-32 8
29 -19
23 37
32 -44
-31 21
-16 -7
14 4
5 27
-14 2
10 -49
22 -38
22 -11
-41 -46
20 -48
39 3
-45 0
-21 -48
-42 -23
-7 30
-47 6
25 37
45 47
-47 33
19 33
-35 19
-30 -11
27 -43
-11 -17
-9 -7
-22 -6
-3 11
32 -37
32 -13
-25 34
-18 -45
-18 30
-40 -48
4 23
30 -6
-20 -1
-28 29
-45 27
-33 37
38 16
7 20
-41 -14
-9 20
-16 -23
-35 32
22 44
5 32
-41 -7
34 11
47 47
-29 -19
25 24
-17 -26
9 10
-50 0
18 -8
37 38
26 -43
-35 8
-43 -10
48 -30
-37 8
27 -27
23 -39
42 46
27 -48
-35 -47
11 -2
42 8
11 22
29 24
-50 -48
44 15
-2 8
-45 3
32 -24
-19 -32
-31 14
-38 -29
43 0
-40 0
-38 29
-48 17
-10 -10
-33 21
-49 42
43 36
-11 31
3 -37
1 -23
23 -5
-30 44
25 -4
36 -21
31 -15
37 -19
-29 0
-24 50
-28 26
17 28
24 -44
-16 -22
6 -4
9 -16
31 40
-12 6
-49 -5
-33 -23
50 -27
39 27
31 -20
-42 27
6 47
1 -22
22 -19
-48 -20
40 -50
33 16
-39 -34
-50 38
35 -48
-35 -43
16 5
-29 5
-30 1
48 33
-45 -29
38 -21
-17 -4
-8 11
-42 38
-38 -5
43 -32
-21 24
-17 -40
42 11
9 42
-9 -5
10 49
-21 -23
40 -16
-21 -11
37 1
48 14
-36 -47
-22 12
-31 3
-43 15
-39 39
39 -49
-25 0
33 2
24 -37
37 19
-30 -18
37 15
32 -5
-42 25
49 31
5 37
40 49
-45 23
23 44
-38 -46
46 -5
-39 46
35 45
24 33
22 -6
23 -45
-15 -50
-38 -23
-36 -5
32 -11
44 41
11 -31
-14 39
21 -9
-50 -27
9 47
14 9
-46 -1
48 -1
-42 18
25 27
-5 31
35 -44
-41 44
-17 46
-22 -1
14 41
45 -9
-27 -29
-20 -20
6 36
-19 47
-20 -43
-6 31
-24 26
31 14
-43 -31
7 37
-20 -45
-43 -26
29 -27
22 45
36 28
-23 -8
-43 23
-9 50
41 -22
-49 41
3 27
43 -41
27 18
44 10
22 48
43 24
-2 -7
-39 44
-6 25
2 -26
-35 -18
24 35
-50 -29
34 50
21 -10
30 47
-43 -1
-15 22
40 19
-2 40
-2 35
8 -37
-31 -29
12 47
8 48
-3 34
2 -40
-22 -34
9 -23
19 41
17 17
1 5
31 -46
11 -10
18 45
28 50
1 -3
21 -3
33 12
-3 -23
9 6
-25 35
-25 -23
2 -20
-42 -49
-13 -5
10 -44
-39 -27
-49 -1
23 21
28 -16
8 -48
-46 37
25 20
-34 -14
21 3
42 -44
-37 -25
1 43
-45 25
15 48
-29 13
-16 -41
46 -15
-15 -10
49 28
37 -24
43 35
3 9
-24 30
-17 49
49 -30
14 -34
27 12
12 -25
11 8
-49 3
-6 -8
-27 40
-43 -30
37 -40
17 48
-20 50
-32 34
-12 -20
48 41
-11 -2
46 9
8 -33
-33 11
-26 22
-36 42
3 32
10 37
-49 8
-48 16
2 43
0 12
15 -16
-27 -45
6 -28
-5 -10
18 31
38 1
17 2
49 7
23 8
41 18
-47 15
20 8
18 38
50 46
-48 -17
-36 -6
-38 -49
-8 -47
45 22
-5 7
-3 20
-7 10
-26 31
-28 3
13 -30
28 -11
-49 37
11 -36
-20 48
-37 0
-29 19
3 42
7 -3
-12 29
-19 -18
-13 41
-26 47
40 22
-18 -36
-11 47
34 -12
3 -12
24 -31
-27 -20
-16 35
-21 -2
-34 26
-48 -9
37 8
18 7
-47 1
-29 42
-31 50
5 -31
-5 -39
21 1
-26 28
-35 35
-40 33
-21 -46
-43 11
26 -35
-21 31
31 6
15 25
27 -36
-36 -7
-19 25
22 -3
11 10
-34 -29
44 6
30 -22
31 28
-6 14
-20 6
-47 3
-47 39
-8 32
-25 -2
-16 27
-28 24
-9 -43
37 -26
24 15
4 40
50 -50
-4 -43
-41 -44
-50 49
-1 25
-44 -39
33 39
-50 -33
22 42
41 -41
-36 20
37 42
6 26
-33 -49
46 22
-3 7
42 49
-4 50
18 -15
-18 9
-6 37
8 49
-17 -22
-35 9
-33 -40
-9 -28
-46 -37
13 43
46 -4
15 11
33 22
44 40
1 36
31 -18
-37 -43
-39 -31
-47 4
-3 -12
37 4
-32 35
15 -14
32 17
24 -7
12 -11
27 -46
-24 -40
-46 2
-50 23
-26 45
35 -33
50 -26
-24 21
-21 36
28 37
41 -34
-15 49
-34 7
22 -39
-10 22
26 -28
44 16
-26 -9
-14 26
49 -11
-17 44
-39 22
-44 47
-23 11
22 -29
17 32
30 5
17 21
-27 -6
-12 33
-46 -30
1 39
-33 -7
11 -38
8 -30
-14 37
25 -29
-20 -22
13 3
7 40
5 29
-39 29
48 47
36 23
14 -10
6 13
11 -12
19 -38
17 -35
-31 -32
45 46
-38 -37
-37 -24
-4 42
42 -1
46 13
9 0
-40 -12
-1 50
37 -8
11 -40
7 -23
25 -50
-35 -6
2 38
33 -20
-40 -23
30 -39
20 -44
17 -14
5 -30
-1 41
-13 -10
-22 -48
-39 25
-2 47
-24 3
-46 4
46 -20
27 -39
44 -26
33 13
-14 3
-10 35
28 -5
-29 -40
20 -11
45 -28
-1 6
-31 26
50 50
-46 -11
43 -40
27 -14
-23 -3
-28 46
14 -40
42 -12
17 37
24 -29
-21 27
-40 15
22 30
-21 47
-48 -32
49 -12
28 36
-17 30
47 -34
25 1
34 -14
-26 17
-50 -2
-47 -8
-5 6
7 -7
-17 2
2 -50
28 16
-6 3
-15 30
-34 2
46 16
14 27
-7 -36
-4 30
4 0
-7 4
-46 -18
-7 15
-16 36
32 4
26 -25
-8 -50
-45 5
48 23
5 -12
-24 -7
0 -9
-36 -28
-22 11
18 -11
47 33
43 9
-10 -40
-40 -4
34 -42
-13 40
-17 -48
6 -37
24 -27
12 -5
-34 27
-3 8
3 -2
15 18
-2 9
-25 -45
-34 -45
8 -23
-37 -41
16 -19
33 -24
-23 25
3 -13
-5 26
-15 10
-43 -47
4 38
-5 -33
7 -37
-38 43
23 -35
-37 44
-49 -20
45 5
-38 -22
1 22
-34 -1
20 23
9 34
-50 -22
-3 -46
30 23
4 19
-39 21
-44 -38
34 -28
43 48
29 48
-28 40
14 -38
21 49
-12 38
-38 9
11 28
26 -33
-50 -46
15 30
-5 -15
32 40
32 22
9 -9
2 30
-41 32
44 27
22 -14
38 11
-38 -48
7 23
-27 9
-49 22
34 -31
49 -20
-15 13
-30 4
-8 29
-38 37
14 -5
-21 17
-24 -47
23 -4
-42 24
-21 -25
21 -20
-39 5
-7 -2
32 23
26 -49
-25 -10
14 -13
-49 -41
1 28
-13 -30
19 8
30 -8
-4 39
15 -18
-16 50
-34 43
-24 20
29 31
29 42
-34 -15
-8 -3
17 -37
38 -8
38 -9
14 -12
22 13
-41 19
36 -46
32 26
47 10
-49 -40
43 33
37 -7
43 -27
-1 -35
-37 -32
29 8
22 5
21 -25
4 21
20 40
5 46
-33 -31
41 48
4 37
29 11
25 -39
-45 10
-1 44
-23 0
-27 -10
32 -39
46 -2
7 -5
18 3
19 -40
-38 -18
-35 37
-26 -31
-44 -30
25 4
6 4
-10 15
-39 43
-16 -29
-13 -15
-33 13
41 -14
29 23
-36 18
-28 10
-44 30
22 23
47 24
-37 7
16 8
-9 25
-38 -24
15 0
42 -37
-35 -37
43 -3
8 11
12 26
19 -19
8 -20
-38 7
-46 -5
-6 -2
9 39
-8 12
25 8
-19 30
35 7
-31 -21
18 28
25 -9
45 2
-25 -50
18 13
-39 -15
-6 40
28 28
-21 -10
22 -2
29 -31
-22 -32
-31 -47
48 3
38 -6
-36 27
-25 -20
-7 34
-17 14
-17 -32
-12 21
-38 17
39 -33
41 -2
-49 -42
34 31
41 16
-13 20
12 -26
-5 -3
36 25
-2 -46
-37 23
-48 -3
16 49
-45 38
-18 -50
-26 36
43 -21
-16 -2
47 48
-50 -50
-23 26
-50 29
-11 38
-34 -10
44 31
-14 35
-36 30
-28 23
29 -44
-42 47
-8 -45
43 30
-23 33
49 -28
-2 18
11 -28
-4 29
-13 -47
-5 -7
11 -15
38 41
-17 22
-32 45
-6 -7
16 1
35 -11
-39 -1
-5 13
-3 -9
17 0
-34 1
28 -47
22 43
13 -49
-10 -37
45 44
19 27
-11 -33
28 41
-41 -6
50 2
-38 32
25 -16
37 46
3 38
45 9
-26 34
-48 -16
32 38
46 -7
33 -6
-34 -28
31 24
43 7
-44 14
23 15
-19 14
-36 9
-2 44
-28 27
-43 24
36 -7
-13 -27
45 -26
-3 31
5 -29
28 -23
-30 -30
-5 34
-46 34
22 24
-26 25
-36 16
-8 -24
47 -23
23 -30
12 49
-19 28
-6 -3
-32 -24
30 11
17 31
-31 18
-4 15
-13 42
-45 37
-7 11
-38 -12
20 -50
46 -12
40 10
-42 -10
43 42
6 -19
22 -25
50 -14
-29 -17
2 20
15 1
-22 -15
6 -47
47 40
45 43
-31 35
36 36
-44 -4
-42 -17
40 -48
23 10
-8 8
-29 14
-27 24
-24 46
-3 -39
4 -14
0 10
-35 30
5 -26
0 -42
-39 9
8 46
47 9
-40 -17
-24 38
-20 7
-37 -2
-16 15
-22 -38
46 -29
-28 21
32 -9
42 -25
14 45
14 -1
7 -40
13 -12
-23 23
-26 30
-34 50
-14 -8
20 -6
-46 -23
2 -49
12 45
34 -25
42 31
-28 -12
1 -5
-3 2
46 2
38 9
-27 -19
-32 -18
6 -10
41 27
24 -22
18 -31
27 -20
-17 -29
-25 -35
-3 49
-5 -47
44 -19
13 18
33 -10
-42 -14
-9 -17
42 -24
-29 41
1 -6
47 -15
-33 -3
9 -43
-24 43
-33 -48
-7 -40
-14 -7
29 10
43 -31
-17 7
-19 -11
8 -50
32 49
-1 26
-42 -6
0 -8
42 18
4 5
23 -38
9 1
-42 -12
7 34
13 5
-38 -16
31 -24
-2 -26
23 45
37 33
-37 41
10 28
-13 11
50 19
-26 -21
-27 42
28 3
5 35
-40 -14
-9 -2
-16 22
-2 -1
5 -4
10 -15
31 16
-19 -38
-34 -2
-41 -8
3 -11
-25 45
15 16
3 -43
23 19
-13 -29
-3 18
-32 18
48 -16
-25 15
2 17
-11 50
-33 -25
3 -44
-21 -47
32 46
3 24
32 -19
34 20
13 -31
-8 39
-34 48
-27 -8
-47 10
-11 -30
42 -30
-23 18
15 35
-29 38
1 34
-42 -13
24 -33
2 40
41 -4
36 -50
-43 -12
-48 15
14 13
-4 5
-25 -8
41 -8
23 34
12 -28
30 42
-44 4
-25 -16
-11 3
-14 -2
12 0
-26 -37
-19 -43
22 38
-12 48
-44 27
-26 -50
42 -9
17 24
16 37
9 8
28 25
13 32
-7 -19
-8 -38
44 26
17 14
-19 16
-14 -21
40 -26
-1 0
-26 5
38 46
39 -23
5 10
-42 33
-48 -34
-43 -11
49 8
21 37
46 11
45 19
-31 -45
26 -11
29 -8
40 -5
-35 21
-18 12
7 49
11 -33
-44 15
4 -32
20 39
36 -23
24 16
28 -3
18 -48
-44 20
6 18
36 39
39 -12
28 12
-41 -28
20 15
-35 -30
47 -32
30 -20
-3 10
1 -35
20 50
-3 0
-21 49
42 -8
-30 39
-34 36
34 26
16 -30
-1 -25
-47 29
-21 35
-20 -8
24 -1
-43 1
-15 -3
10 29
-42 48
-39 15
20 1
31 -6
28 -49
-37 49
-37 -48
-29 -48
-14 -26
46 -37
20 -33
-12 -42
41 49
-49 -13
48 18
41 33
17 11
14 37
36 -1
35 -40
30 -14
34 49
-2 50
-32 -20
47 37
-19 -25
7 33
-43 41
-36 -49
-46 -42
36 44
46 23
48 -14
-32 29
-2 -9
-10 21
-7 -16
-21 39
-38 -34
-37 27
-14 -17
-37 35
-21 34
-8 42
-5 -1
36 -40
-24 49
-22 -27
-26 3
-35 33
37 2
-21 32
34 24
-13 -46
34 -27
3 25
-36 -29
6 28
-39 -2
21 -28
-29 -34
32 -15
-27 1
-23 -40
-2 27
41 47
-30 -31
1 -15
-8 -20
-23 -35
6 10
1 33
6 49
34 4
17 46
17 -16
-13 -28
17 -28
-11 -34
-8 -23
-31 -19
44 20
-19 24
24 -2
-35 44
19 21
18 -24
20 42
20 38
28 -31
42 6
37 -3
7 -9
45 27
-8 -32
0 -14
11 35
-48 -47
-45 -15
47 15
31 3
-46 -32
-39 -21
45 4
-25 -3
8 -27
28 34
28 -4
-8 -46
-25 42
12 36
-33 -21
-21 25
-38 2
3 31
-3 45
44 -34
-3 -17
-23 -14
33 32
-15 -11
21 8
-45 13
38 45
39 47
47 -42
26 -40
41 -24
-18 37
-36 -20
49 -42
44 45
-10 -3
-9 7
-16 -36
-25 46
-6 -42
-49 24
-43 44
29 -18
-21 28
13 44
38 22
-1 36
-11 -20
-31 -43
44 -22
-21 13
8 -5
-39 -23
-23 3
-7 37
46 5
-27 -13
-38 38
-17 -19
3 -47
35 30
1 -16
15 -37
-14 -44
48 -7
-44 -46
12 41
24 -6
-13 37
15 -47
-18 4
-5 8
-47 18
-18 -48
46 19
23 -18
-28 50
-31 -23
-34 8
35 -12
-5 -22
42 32
-28 -8
15 -42
-20 24
-48 50
-10 9
-47 -19
-37 -30
-23 36
-45 35
2 45
-48 48
-13 -7
49 23
7 14
16 0
-42 4
8 35
30 37
-18 6
-2 -40
-20 35
-6 -26
49 -27
21 -49
-29 -13
41 22
-8 25
2 -39
-2 0
35 18
16 -25
-21 11
1 -24
-39 -44
15 -26
18 48
-28 35
36 -27
-2 24
-43 3
11 37
-16 8
37 16
6 24
20 20
16 22
17 -8
-6 -30
16 10
38 36
4 43
21 -13
13 47
43 22
16 -15
49 22
19 -1
-5 43
28 45
13 -17
43 -9
-24 -33
29 -11
32 21
-43 22
-11 17
14 -43
4 -6
-20 29
-41 10
49 -4
39 -41
-24 -11
50 20
-9 8
-3 21
-19 -49
-16 13
46 30
34 9
47 27
6 16
6 -25
11 -7
-48 40
-15 41
50 33
17 41
-19 38
-6 -6
48 -23
5 41
-43 40
9 32
-18 -27
-22 38
29 -47
-14 4
-24 -19
9 7
17 42
0 34
-1 -23
-23 -23
35 -8
26 34
-50 -23
29 -9
-46 -29
-21 -21
-39 -42
26 46
-43 35
1 14
0 36
31 47
50 21
-7 27
-18 -8
-18 48
14 20
-36 44
49 11
8 -3
-30 47
-28 11
-41 43
-29 -2
-49 -36
0 21
42 -34
-48 37
-42 -8
34 -34
49 10
46 7
4 -9
20 27
-14 -15
-26 33
38 -25
-4 -40
42 27
23 28
22 -40
42 -13
-41 26
-24 -28
-33 -26
-40 6
-9 27
39 8
50 35
-39 38
-8 20
-3 -26
-49 -26
45 -43
32 -34
-32 -39
-8 -2
16 -34
3 -15
28 -27
-12 49
-6 -17
44 5
23 17
-20 16
-1 -6
20 22
-13 24
-50 -44
18 27
5 -37
13 39
5 -35
20 26
-18 16
-6 -29
1 -13
-11 -50
18 20
46 26
-44 16
-25 -15
-30 -16
14 39
-43 -17
22 -23
47 38
22 -21
-35 -39
-22 28
-42 45
-24 2
-45 -36
-13 8
-41 -25
-50 -15
40 -37
21 -2
-7 42
-28 -15
-10 -43
-38 36
-33 4
-18 32
-17 5
23 25
11 5
43 6
-44 18
44 -20
-25 -26
12 7
-20 -30
23 -23
-46 6
15 4
-30 27
16 -9
1 21
5 -7
34 7
42 -38
-11 1
-36 -45
-2 46
-21 1
32 -27
-50 -34
5 -6
30 -33
45 24
-20 14
-4 -46
33 38
6 8
50 27
20 -18
33 -29
29 41
-4 41
0 -12
-6 34
23 -37
39 -38
4 50
-22 -12
-40 8
28 -36
-12 -1
-28 43
0 -21
-49 -17
42 -42
15 40
36 -17
5 -47
11 -49
18 41
41 -37
37 -37
-9 -9
5 16
40 -27
-2 -2
40 16
-48 9
-3 -44
47 -13
32 -30
-16 -28
-30 -24
-3 19
-17 25
45 23
1 -18
-12 -49
6 19
-30 -7
4 31
-49 -4
0 44
-6 36
21 -22
13 42
33 -5
23 26
6 9
-42 -29
48 -4
26 38
9 -7
13 -18
-11 -36
19 46
-26 -41
22 -50
-1 47
0 -49
-36 29
17 -7
-15 19
21 26
-47 31
-16 -47
-22 -43
29 3
14 49
-49 27
43 23
5 -27
14 46
-47 11
-15 -43
9 12
25 21
-22 29
35 36
10 14
28 0
26 43
33 -46
-30 50
18 35
-30 -9
27 47
47 50
-45 18
39 20
46 -13
-25 23
40 -35
9 -44
-38 -8
-2 -48
-43 16
-46 21
46 -33
32 6
31 20
-39 26
27 24
44 -3
15 -38
-32 25
-44 -36
23 13
46 -6
50 13
-46 -31
43 -35
-50 9
-38 39
-17 -24
38 6
13 -16
22 25
38 31
25 2
-15 -48
-37 26
-34 18
-41 -50
13 -5
-46 23
16 36
-24 -14
-28 -14
35 -45
-12 24
-24 34
-4 -9
-46 13
28 10
-28 17
23 -17
-12 35
33 -14
7 -18
-33 -9
45 6
-6 45
45 -14
8 13
-3 -3
30 1
9 28
-40 10
47 44
27 -11
-49 -27
6 -39
-26 -42
-45 30
-37 -27
40 -9
33 -22
40 -42
1 -7
-43 30
3 -36
18 42
-26 16
13 36
-1 10
-49 39
-1 -33
4 -5
4 -31
4 -45
18 22
6 39
15 6
-32 15
-15 -9
45 -35
-37 48
-11 -26
-42 46
18 -16
-26 12
-5 2
38 40
-39 30
-4 -2
32 -35
27 40
-42 -46
42 45
24 40
7 -35
-33 36
26 10
0 -39
49 42
36 46
4 -39
-33 -12
9 -14
47 -50
0 42
45 -21
-46 -39
4 -25
50 17
-8 -8
-25 39
50 -12
8 -17
48 -27
-43 45
-14 -25
37 5
-40 -19
-46 -24
49 -6
24 49
3 36
38 33
8 50
49 -43
39 -28
31 -27
19 30
-15 47
-35 -14
40 11
-24 -15
-3 -40
-8 -31
23 3
37 -34
4 -42
-44 46
39 33
-7 1
-48 43
-10 0
33 -18
14 -27
-16 -50
-23 39
16 -17
34 3
33 -2
33 25
36 -41
-35 18
45 48
-28 -46
-30 38
-23 -27
-5 -4
45 15
7 -21
5 -10
-28 4
47 -31
-9 44
-23 -30
22 -35
-42 -28
-21 -20
-12 32
44 -48
36 -29
17 -22
14 7
37 -33
8 -2
-41 17
34 28
-4 -49
17 40
49 6
-36 -24
8 -16
-27 13
36 6
-4 40
22 -22
17 -27
-34 -11
23 -8
21 10
-9 2
12 -50
30 43
32 2
44 -36
-42 -36
-50 44
-23 8
-41 -29
37 -45
8 36
-35 -35
30 3
28 19
46 -10
-1 -18
-38 -40
40 39
35 3
42 -15
-44 17
30 50
26 31
48 4
-39 -26
-46 -20
0 8
-44 -24
-49 30
-44 2
-22 -23
40 45
0 3
-40 -8
21 23
14 -21
7 -30
-15 7
1 -28
46 1
44 -5
-9 -24
-18 -40
-38 -11
49 -25
41 -12
-27 17
-29 16
50 -10
-28 16
10 -45
15 2
-5 0
-1 15
31 -39
-17 26
-13 25
41 11
13 37
-48 -31
-45 11
46 -26
-24 -9
-14 -14
-19 44
34 -11
47 26
-4 23
31 32
28 24
-28 5
8 21
1 -50
28 14
-4 48
-43 -5
22 1
-36 17
6 50
41 0
-38 5
30 45
26 42
-5 -31
-26 8
8 -8
34 -48
46 25
33 50
-43 -39
15 -23
-17 37
-11 -5
-16 1
0 -38
29 -10
-38 -10
10 45
-23 7
-19 -46
-40 -42
-9 -42
47 8
-26 -12
-45 -44
43 40
25 32
24 -32
3 -31
-13 29
-8 -36
0 11
22 35
50 3
48 -20
-38 -31
27 -10
-10 -8
40 42
29 -16
22 2
-37 3
13 -45
37 25
29 45
31 44
47 -49
-5 15
-10 -33
16 -37
-38 31
42 -31
3 35
-48 -25
7 13
-18 15
-20 -38
3 -9
38 -3
3 -25
32 37
-46 19
39 -22
-2 -23
-22 39
32 -17
-7 43
-18 46
-29 3
-22 -33
42 16
-4 36
-34 -9
49 -2
-23 -44
36 -26
-5 -43
-17 36
-15 -36
-13 -31
32 10
31 -21
-44 13
-3 26
50 9
-41 20
-22 -8
49 -10
15 45
0 -35
-7 29
44 -44
-26 -25
-16 -43
36 -45
-12 -10
0 -17
-13 -24
2 9
-29 -11
-18 31
24 25
2 -45
8 37
-48 33
24 20
-49 13
-40 -39
-12 31
37 -49
-27 47
-5 -26
10 12
43 5
-31 -9
38 30
-34 25
-37 -28
-11 19
-9 -16
-33 -47
-8 24
-42 -16
-37 -6
-50 -24
-20 31
-7 -48
11 -43
46 29
-34 -23
31 -23
16 19
-26 21
17 -40
-5 18
28 -18
29 46
15 -5
6 1
-20 2
-8 16
14 17
-12 -45
-9 -19
21 -32
41 31
12 -45
9 -28
-18 39
0 4
-41 -32
36 19
32 -32
-39 -46
13 -48
33 47
39 2
-9 -35
20 34
23 -46
9 23
-44 31
16 42
-50 -42
-50 28
-25 -21
-35 36
-46 49
-10 -7
-24 11
18 -23
-37 4
-45 39
-15 -16
46 46
3 2
-3 16
-17 -2
-34 -13
-30 8
12 -17
-35 -7
19 29
-21 45
-33 25
-3 -33
43 49
23 36
-40 13
8 -32
11 -22
10 -43
12 23
46 0
-29 -21
33 -44
-44 -22
-27 19
-48 -40
28 43
44 -24
13 -14
-49 -21
30 -1
24 -36
43 -29
8 8
23 9
-37 19
-16 38
-30 25
-13 26
-4 -47
-44 19
39 -14
-46 14
-46 27
-43 36
-33 42
-46 20
37 18
-37 -33
1 26
50 11
-34 -49
6 29
13 28
31 37
20 45
28 49
0 37
28 -38
-32 -12
-46 44
-17 3
37 44
-36 45
-43 -27
19 -50
6 -18
-19 -10
37 -10
-9 26
16 26
35 -49
-14 -13
-42 26
-5 -44
49 -22
-41 -33
47 -27
20 21
-28 -32
-1 -46
30 2
-26 -24
-27 -18
13 2
46 -49
-19 18
34 48
-8 -34
-10 -23
-35 -5
-18 -35
-31 38
-13 -23
-37 5
4 39
37 -38
-21 5
-33 5
7 -8
-24 17
-45 -7
16 28
16 12
41 -46
45 -22
-29 11
16 43
6 -14
9 -31
-36 -10
-19 12
-35 -23
1 16
-41 18
-9 28
-27 37
-2 -6
20 -9
3 46
9 -36
50 -3
-49 -23
13 12
-12 47
-47 -45
30 -47
34 2
46 -27
-27 -37
-17 -45
4 -11
-1 39
-36 -37
2 7
4 -29
30 -34
15 9
20 -30
10 50
-24 -23
-42 -37
-21 38
-42 1
-6 -19
45 -11
-23 28
8 40
-40 24
6 2
-31 -37
-28 -23
12 50
27 50
-42 -9
-44 -2
6 -3
17 7
-13 49
-49 5
-33 12
-28 7
-5 -27
31 15
0 -28
50 -35
-24 -32
16 -12
20 43
-32 -6
-37 -37
-39 48
7 -32
19 19
27 38
-39 11
27 -13
32 -40
16 23
-16 2
-24 25
-26 -40
21 -50
-2 -50
-47 30
31 25
47 1
32 5
-50 26
-3 -43
32 9
-11 28
23 49
-1 37
17 -17
-42 28
-24 -18
9 45
4 16
20 -20
-3 -10
-31 -20
40 25
-48 -1
-11 -42
35 -21
49 -39
25 -44
-9 -23
-22 40
30 -46
39 5
7 1
-17 38
-19 -44
12 4
48 21
-38 11
8 34
-21 -28
19 48
24 -26
-33 26
-17 43
24 42
10 -38
-2 -16
-41 8
-27 48
24 -21
6 45
18 -34
-19 29
-4 47
20 -40
17 35
-26 -46
43 -22
-30 -36
-4 -28
31 29
-10 -15
-15 20
-32 22
10 -1
-39 -33
-3 29
-33 -27
-6 1
39 -7
16 -43
12 -10
41 43
21 27
-12 -3
-24 28
27 -12
1 6
-14 16
19 -5
19 -7
-45 19
12 -19
-22 42
11 -5
-11 44
35 25
33 11
39 -24
18 -44
-19 37
15 29
-42 34
-26 13
2 -15
9 16
-26 18
7 -28
-21 33
-4 -8
21 38
18 -22
44 33
-40 -25
-2 -45
25 -2
2 10
-36 -27
43 -1
8 -31
-11 -24
-43 -29
14 -49
10 -16
24 2
-1 14
-23 -16
-18 -29
38 3
21 15
33 -41
35 16
23 -26
-22 24
-47 24
-10 -5
-25 8
49 12
-3 12
45 8
-9 -3
-28 31
41 -35
-48 26
33 -17
29 25
50 32
-14 -36
-29 -23
-27 41
-12 0
-2 -14
28 -15
-32 -27
34 -5
-22 -30
8 2
34 44
-42 -34
30 46
-5 -29
5 13
-49 33
-31 -42
-40 -32
-4 -14
-27 -34
-42 30
-10 -31
47 -5
10 43
-43 20
-46 45
-33 8
14 -15
38 -45
-11 -39
-27 10
-30 -8
35 22
-22 -16
-30 7
12 24
-33 40
-20 -14
38 24
32 47
20 -15
-41 21
-26 -28
-16 11
-21 -44
-11 10
-22 50
25 -47
43 -18
27 46
48 38
9 25
27 -25
-18 38
33 14
-5 12
21 -6
-18 10
-24 14
38 5
0 50
-10 -18
-34 35
-6 28
-40 1
-25 48
47 16
49 5
-33 28
20 7
9 -38
4 48
-2 37
-23 -46
35 -23
-45 -49
-6 43
12 31
36 47
4 -15
-14 -45
-1 12
-12 20
-3 -41
-4 -18
-47 13
-5 -6
-33 0
14 -26
-37 1
-38 -44
-23 -38
-16 -11
-20 39
15 23
-20 -40
-6 0
-41 -31
16 -48
-16 48
-42 -27
26 -15
-26 -22
-16 -9
8 -10
36 -24
-31 -27
-3 -45
-29 -30
5 25
26 -38
-47 -15
30 35
4 -2
50 -36
33 -1
15 -24
-49 -7
46 -17
-7 31
-4 -13
47 -38
5 -16
32 -47
-14 -10
39 37
14 -6
-28 18
19 40
-35 -10
-26 -26
8 25
-8 47
-12 14
-4 45
33 48
-47 45
47 -30
-32 16
30 -40
27 -28
-47 2
21 -29
-43 -7
5 -48
-48 29
-42 -18
-20 -16
33 -43
31 -19
-9 -14
-12 -27
10 3
-36 -41
-1 29
-14 -16
-27 -33
-34 10
14 -50
6 12
17 27
-46 33
16 -49
-27 0
7 43
-10 -39
-36 0
18 17
-37 17
-39 37
41 -42
8 5
6 7
3 19
-5 3
37 -4
48 46
-8 50
-32 -17
32 -4
-9 -33
38 -49
32 0
15 17
-13 17
-37 50
31 12
11 11
38 -16
-33 29
19 25
48 24
41 -39
12 19
-32 10
27 5
-5 20
-9 -46
6 42
4 -24
28 33
20 -37
-33 16
2 -19
-41 -47
-21 -35
44 -39
-28 -5
-2 30
-35 -1
-2 45
18 30
-9 -34
-23 -31
-34 -3
24 50
14 -25
49 -19
-13 -38
9 -10
-8 -16
-2 -29
-2 -49
-6 6
45 -37
-38 40
-12 -29
8 18
-26 44
-23 -50
-6 26
10 -10
50 -48
-13 -3
-27 -11
18 19
-36 7
-42 19
-1 22
48 -42
13 15
-6 29
23 31
45 -50
23 47
-39 -19
26 6
38 42
39 -16
40 -25
-25 -29
-44 -5
-19 22
34 37
7 0
36 -42
45 33
-9 21
-33 -10
-32 -49
-49 7
17 -24
20 -45
1 -2
-18 33
-29 21
-5 27
-7 45
6 46
-28 -43
19 -9
10 18
-34 -48
45 -27
-7 -46
11 -21
-49 2
27 -40
-17 -43
-47 43
-32 17
-44 24
-39 27
6 22
-41 -40
-17 32
12 46
25 36
-46 26
50 -22
39 41
33 35
14 25
-35 -16
-10 -14
29 13
-38 -28
-30 -41
6 -16
-20 -28
-32 -25
24 13
50 34
7 -16
46 49
17 -38
4 -1
-11 49
-47 -42
-8 6
29 28
-16 18
-45 4
24 -41
46 50
-30 40
25 44
12 -43
23 23
-3 -50
41 -44
42 -48
4 13
-8 28
-21 -45
-9 14
-1 -36
23 35
28 -41
15 36
5 -2
-1 1
34 19
-37 -19
13 -22
50 -28
-19 -23
1 -14
-8 -22
-15 14
11 43
28 38
-35 11
3 39
7 -17
28 -22
-2 10
39 11
-44 39
-15 -14
-16 -20
49 -38
40 -38
25 -49
-5 36
-19 11
17 47
45 7
-31 -7
3 -41
-10 2
44 -38
35 20
13 -44
-15 -23
-22 45
9 4
32 48
42 -6
11 -27
-30 11
6 -44
-35 -27
-30 41
34 30
-50 -6
-49 -46
-20 9
-19 -31
-49 -12
16 25
-15 -28
-4 -34
14 -37
-44 50
23 -20
44 -35
-25 16
-26 -36
-6 -44
-31 8
-35 -42
-33 -34
-15 6
-26 -2
-8 -43
25 -19
15 -49
-2 -22
-45 -26
-7 -24
42 28
-33 -32
-3 -29
-30 -15
50 -23
35 19
37 36
29 26
8 -19
-23 -49
-36 -32
25 48
-46 47
-43 13
-22 -41
-46 -40
19 -17
-33 43
19 -16
-6 -21
-43 17
-39 47
-38 27
-25 -7
-37 -17
-24 5
-30 -26
-29 33
5 -22
10 -5
44 -33
-16 -16
6 41
-12 -24
-48 -44
9 3
-33 -44
37 29
9 40
16 48
25 -8
-18 21
-46 15
1 8
35 -25
13 7
-37 -34
-8 36
50 23
36 -39
-12 2
-21 6
39 -45
-35 16
-12 19
-21 7
6 3
-26 -39
49 -32
25 0
-47 21
-17 20
25 28
16 -1
29 -38
-9 13
-38 -42
-37 -50
19 -46
-46 -16
21 -24
-31 17
50 1
-39 -25
4 28
8 6
-32 -31
-38 16
38 50
28 20
16 33
-26 -18
-18 35
17 -21
12 -12
-44 35
6 -42
-8 0
-36 46
-33 -19
-40 28
-50 -17
-43 38
15 5
34 -35
42 -14
34 29
-24 -22
-39 23
28 -32
-5 11
32 -6
40 -32
-11 -47
-37 -21
-38 46
-26 -4
14 26
-27 11
-27 43
-40 31
5 -5
29 -32
-25 12
7 -4
4 6
-16 -10
-46 -44
22 -33
-38 -39
10 -8
-15 36
22 -30
-26 14
16 27
11 41
11 -32
-28 -48
-16 14
-5 -20
13 22
-50 -49
49 -7
13 10
-13 -21
9 -29
-6 -11
42 10
45 -42
-8 5
-5 41
-8 -18
29 15
-17 23
21 -47
25 10
26 50
21 -41
45 -7
-31 1
35 -3
-9 9
4 -16
19 23
36 8
41 19
46 43
17 44
45 34
36 20
-15 -31
40 34
-10 -19
11 2
22 21
-15 -33
-10 46
-47 -12
-34 46
-19 -47
27 -24
-40 49
30 -27
-34 37
24 -15
25 -10
44 -42
28 48
27 -44
22 14
-19 -50
30 48
-35 -11
6 -24
-42 2
-26 -47
20 24
-20 -7
-31 -49
30 -44
-46 7
20 31
34 40
-6 -45
29 -22
44 -31
-10 -41
-42 -21
2 -5
-24 -21
-39 7
28 8
-12 -47
-17 -41
-22 -11
26 -19
-50 -45
-48 19
-43 48
37 -13
23 20
43 -11
-23 -29
0 7
-29 -8
-40 12
10 -3
-12 10
13 4
-25 26
36 17
-49 9
-29 36
25 -13
-39 -11
-47 -49
-12 -15
-19 21
36 -47
25 -21
-12 7
-40 -49
-21 21
16 18
35 24
-12 -38
30 -7
42 43
-8 -17
3 -17
-39 19
40 -40
-14 42
12 17
-13 -36
25 15
-21 29
4 -19
-18 -10
27 19
-9 42
-20 23
-18 22
11 24
44 -49
-37 45
-4 -33
11 -45
-17 9
30 15
-35 7
-10 -11
7 -2
-10 -12
28 -35
-25 -44
-46 16
31 46
-14 -11
28 26
-12 -11
-22 -35
-1 -21
40 44
48 42
-11 -40
-32 -48
-45 -14
0 32
-46 24
4 9
2 -41
-12 -19
-37 28
27 -22
35 42
-32 42
29 -6
5 38
-28 45
48 43
-5 49
35 -39
46 -43
39 40
-24 47
-43 -43
-31 -6
36 16
-25 37
-16 12
-7 2
38 -38
3 13
-6 -32
-22 -13
-27 20
8 15
7 -44
37 -39
-3 -37
-22 -10
-41 -41
50 18
9 -21
7 22
20 -42
-14 31
-20 45
-19 45
-21 -31
20 -35
-32 4
21 19
-48 0
19 -13
-23 -20
-12 -26
26 25
13 -50
-47 16
6 -45
50 44
-45 -25
-50 -30
0 -20
-43 -48
-1 -9
43 38
39 0
27 31
16 -13
4 -17
4 30
50 -8
24 -34
-19 -24
-48 -12
30 -36
39 1
45 -3
29 -40
11 -47
-29 -36
-38 23
6 -49
-25 -1
17 -48
26 -39
18 2
-45 33
24 5
-17 -18
-48 -21
35 29
19 -12
-13 21
-17 0
14 44
33 -19
-27 -21
27 17
-23 30
32 41
-33 -13
45 28
36 -43
3 -14
10 23
43 16
26 13
-47 -27
0 14
-22 -37
-48 -37
-16 33
28 -45
-23 -39
50 -42
-5 -21
-11 30
36 10
-1 -49
27 -17
46 35
46 3
15 38
17 29
38 -20
18 12
18 23
-13 -50
-22 9
-30 16
-32 -5
23 42
13 -40
-8 -4
-28 -33
14 16
28 27
46 -38
-18 -41
42 42
-36 34
-26 -33
5 7
-26 49
-19 8
-17 35
46 -47
-5 21
30 -4
1 44
-35 3
-18 -44
2 21
5 19
20 -28
12 -34
-44 -11
-50 17
-34 -20
20 4
18 -29
32 -42
-37 15
-47 -5
12 -22
33 28
38 -28
48 -41
-50 8
-44 -31
28 -34
37 -11
3 -16
-18 8
26 27
2 1
48 -44
39 16
49 50
29 -46
-36 -11
9 -15
19 14
-39 40
-21 -9
8 -9
-39 0
-39 -9
-41 -10
6 -5
11 1
39 25
47 43
41 -1
6 43
36 30
-33 38
-23 -18
43 -43
-47 -35
9 31
35 28
-39 -5
18 33
-15 -18
48 9
-10 30
-30 29
1 12
0 -13
35 -35
-36 11
49 2
49 9
-34 28
-43 -28
-48 -5
-21 -24
5 -15
10 47
14 -2
-7 -25
8 4
29 -3
4 -49
-44 -34
-40 -36
-21 -16
-32 -21
-36 -43
-29 20
46 -23
11 25
35 38
46 -40
-37 36
-5 -40
-30 -2
-14 14
48 1
8 1
-6 30
22 41
19 6
-19 27
42 7
10 -26
-5 37
-7 -33
42 3
37 -2
45 -41
26 -44
-41 -18
45 38
13 -36
-38 45
29 44
-42 -50
-22 25
49 25
-31 36
44 -43
-22 -42
41 -40
40 -17
-2 43
-29 -50
-31 20
16 -41
-45 32
-18 -17
8 31
-12 43
26 17
37 -23
-41 47
20 -1
-27 -32
30 22
-28 -19
29 -21
3 11
-19 36
-35 -12
31 17
-7 35
-23 37
35 -28
-44 -17
27 16
-40 36
42 19
13 -47
26 -5
-45 43
23 -21
-4 4
-9 -49
-50 27
-23 -7
-32 -3
-11 -37
-11 45
49 -34
-8 -6
-23 50
14 18
44 -1
-38 -3
-38 19
-31 -4
14 -45
-21 -15
-7 -31
-45 -5
43 26
33 42
33 3
-11 -44
-44 28
28 -17
16 2
-3 27
20 -23
-50 20
50 0
-11 -35
41 29
2 -8
-35 -19
2 -23
0 -1
43 -14
0 33
-9 32
23 -12
5 -32
-37 -3
-32 19
43 -48
-26 15
10 -48
26 36
-34 24
34 -40
49 15
36 38
-6 -22
-26 35
-10 28
31 45
28 -13
30 9
-14 34
26 4
39 -9
12 33
-27 -44
29 49
-5 -5
24 23
27 28
31 -3
20 44
11 -35
10 6
26 8
-13 -32
27 48
13 17
-5 33
28 -12
-18 -7
-47 44
43 34
4 -40
10 -32
-9 48
13 48
-4 -6
34 39
-2 -39
-10 6
-36 -17
-21 20
27 -31
0 17
-10 41
-29 39
36 -38
26 -14
-19 20
-30 35
-1 -30
-27 -31
-11 -19
-18 19
-17 10
23 32
-5 29
-9 47
23 -14
-3 -2
12 25
-40 -35
2 -10
-34 32
4 1
-10 29
39 18
-47 -17
37 34
28 9
37 40
-50 -10
-24 -5
-45 -42
50 16
19 0
-4 -48
-10 24
42 -22
8 45
7 48
3 -23
-18 3
-3 -14
24 -42
0 -4
32 33
24 34
18 24
-14 7
44 43
-39 -13
-36 -15
-33 2
-1 -43
7 -19
-11 -8
-16 -24
-40 -29
36 -49
-11 -9
-5 16
25 17
16 21
3 26
50 -49
20 11
-30 -1
4 -36
9 24
-22 -39
-5 -45
17 -1
19 20
-26 -16
2 -14
-33 -33
46 40
-45 -22
49 -18
44 -12
0 19
-19 -6
6 23
44 -11
-11 22
-37 32
43 -10
-26 20
30 -37
30 -35
14 43
-20 -10
-15 27
-34 47
0 -30
39 -34
12 -46
-12 -7
15 -8
-32 47
-2 -12
24 38
38 -17
40 13
-27 7
7 -12
-1 -19
0 24
45 -32
35 2
-29 43
36 -33
38 -47
0 39
15 -29
8 30
29 -4
-48 -13
46 37
-30 3
-48 31
32 36
15 3
-45 -24
24 -49
-21 3
14 -47
3 -22
5 -45
5 20
16 38
-30 9
1 18
-14 43
-3 25
4 3
27 27
-33 46
11 32
-40 -16
4 32
29 -33
-13 12
-12 -8
-28 -9
18 -36
47 -20
-3 38
-31 -18
-27 27
-26 -48
-41 -16
-15 5
12 -36
-38 3
-33 34
-26 -19
-20 3
-28 19
46 -1
1 2
28 46
1 46
12 -27
1 -41
8 -11
14 23
30 14
17 16
4 34
47 39
40 -39
15 7
-38 -17
24 39
3 12
-17 6
-25 1
-44 -8
-38 -26
40 -47
-28 44
-11 20
-29 30
7 6
-31 24
-4 -50
-11 -12
19 32
-31 39
-7 -4
-9 10
25 13
-44 -1
30 -5
27 0
22 -47
1 -45
11 42
50 -31
5 1
18 -9
-6 -9
-12 -2
20 -47
-6 -20
-34 -18
47 -46
-43 37
-46 -8
-42 -20
44 47
2 33
41 -18
43 14
-25 40
-47 -47
14 14
38 -7
-17 18
-38 -35
-7 -43
18 0
35 -5
8 -1
24 6
16 44
29 32
21 -18
-27 -39
28 -24
17 3
-32 -14
0 18
-30 -27
14 -17
17 -2
11 30
-35 25
17 -41
-21 -26
19 -47
26 -4
37 -28
8 47
-3 36
-46 48
-19 -27
-9 -8
39 -32
33 49
34 -6
23 48
-8 -29
-42 36
-6 -39
-25 13
10 -22
-48 13
-39 45
-41 -30
-18 -18
-10 23
31 -32
34 -22
30 -26
22 -49
-48 -15
41 -43
-47 27
25 26
-16 26
-5 -2
-43 -40
-32 39
-20 -33
-14 -24
0 38
-4 13
-41 -27
20 46
15 -48
33 6
-46 3
-19 35
40 -14
-30 -48
25 -32
-2 6
35 -18
40 -41
-50 34
-16 -49
43 11
-31 27
-44 -26
27 -33
-43 -3
-23 21
35 15
8 -25
-49 -49
-8 10
24 -18
-45 17
-48 -39
15 -25
19 -21
-19 -30
-3 -11
-23 -10
-39 -38
-48 46
12 -47
42 -27
27 -16
36 -3
23 12
33 -45
-29 32
-40 -50
14 40
-42 14
-44 -49
36 45
-19 -13
-15 -2
4 44
16 6
16 -35
12 9
-12 3
7 36
4 -4
2 -29
-12 41
19 -24
7 -14
-37 -10
36 -2
19 -30
-35 13
-15 46
45 -47
36 14
17 34
-17 -9
20 37
45 -23
15 32
-35 47
-21 9
-13 13
38 -43
38 23
3 -5
40 -43
-2 -19
-12 -17
9 -49
5 -34
6 32
42 12
22 -44
37 39
33 -13
41 5
27 -1
49 -33
-8 18
40 -34
-35 -44
2 -28
-7 -32
-15 -46
11 46
25 -5
-15 33
-16 -25
16 35
36 7
-33 -20
4 42
40 47
19 3
-16 23
-45 -2
-49 23
-22 -46
15 34
-7 0
11 16
-1 -40
30 13
-47 36
5 -24
-29 29
5 24
-27 -9
2 -9
-22 44
-6 27
-49 25
-41 -39
49 37
-14 -47
30 4
36 -9
22 -16
13 -9
40 7
34 -19
-33 -35
-14 9
-10 -16
34 15
-29 -29
-40 -34
28 -6
-22 5
2 15
-16 -18
5 -43
35 39
-20 27
38 2
-50 1
19 22
31 -43
-11 8
16 47
-8 23
-49 -11
-11 5
28 -48
25 -48
-20 18
17 -25
-28 14
38 19
50 45
-36 8
7 39
-46 -50
-5 24
7 -46
-2 4
-20 42
46 -3
24 -43
46 10
-42 29
29 36
-45 15
-6 47
-13 48
2 -47
12 15
1 -34
35 32
30 17
38 -18
30 39
-1 34
33 30
-14 -18
-6 -18
12 32
47 -14
13 -38
-10 -29
-7 -37
-31 -1
-22 -22
25 11
12 20
4 -34
29 40
-9 15
-14 10
-5 -36
0 -5
19 -32
19 -45
-27 46
14 36
-3 -42
-22 17
35 -32
30 27
-40 -37
-26 27
38 -31
26 -47
-44 42
47 14
-46 -22
-8 44
-25 4
-11 -1
-41 4
-39 18
-46 -43
43 -8
-46 32
-16 -32
19 5
22 -34
26 -46
-13 -25
20 18
32 31
13 9
32 -14
-43 -21
32 -50
13 -23
27 13
-44 22
41 13
14 21
-30 -47
23 -9
42 37
11 39
41 -48
-28 41
16 46
18 29
22 20
48 32
13 -35
11 -41
-45 -30
5 -19
14 29
-11 32
-49 36
21 -11
26 18
-50 -12
44 -15
-17 50
-40 -38
46 41
10 -27
1 -11
-18 47
43 -38
46 -25
30 -42
21 39
-30 -40
28 -21
29 -24
-17 48
-25 -28
48 -9
39 36
4 2
-29 7
31 -41
-18 -5
12 39
25 23
34 14
-9 41
-2 -21
1 -30
-50 -13
-46 -13
49 3
30 -32
3 48
-32 -16
-7 33
-10 -47
35 23
-20 -41
-6 46
-34 -33
-1 -32
-39 12
4 -41
-30 -14
-4 9
-37 18
-5 40
47 2
32 45
16 16
-17 -5
12 35
-7 -6
-32 -33
29 19
-18 -4
-4 -21
16 32
14 6
23 39
47 36
15 -6
12 -18
31 -49
-34 0
6 -8
-14 18
34 -32
18 -27
-22 -9
4 -47
22 27
44 23
31 -17
-13 34
-50 -9
3 -26
-44 49
-32 -30
-29 -14
-41 -37
30 36
20 0
-4 -19
5 -23
38 17
45 -24
-22 7
-42 23
-13 -18
44 -4
-7 -3
33 -39
-29 -26
25 9
25 -26
-42 40
-10 -42
-26 7
-23 2
0 -16
1 3
-37 16
27 2
6 21
-36 10
-25 18
-24 -13
-26 -20
-29 12
44 -27
-43 31
-5 -17
-7 12
21 -30
9 18
-13 -39
31 42
5 6
28 35
28 -10
-25 43
21 11
-13 15
-4 22
23 4
-4 -3
-34 -17
22 -42
-15 -29
14 -44
-43 -16
-35 14
-35 6
21 50
31 5
37 10
39 -50
-30 -12
-11 34
49 26
39 -11
-38 12
-30 20
-15 -27
7 3
-14 40
25 -40
12 27
20 29
41 30
-41 0
37 -43
-5 17
-23 47
-17 8
-26 -5
-40 23
-44 -48
28 -26
-13 -22
42 -17
-50 3
44 -21
-29 -49
-42 32
-25 2
-45 -9
32 13
2 48
13 14
48 -46
-18 26
34 -50
-40 42
38 -30
30 -29
13 -34
-49 12
-27 39
14 11
-39 16
16 -33
13 -29
-27 12
30 -25
-25 22
-10 43
37 20
-20 -46
-20 -5
47 -43
-22 -7
24 29
-4 -11
18 -19
-7 -1
-50 -14
-16 39
-28 -1
-38 35
-22 10
-31 -16
-44 11
31 -28
-27 -49
-7 41
-1 -5
42 -40
-9 -26
-21 -12
-32 21
21 28
-15 40
-36 -9
-48 1
-38 13
15 -4
-20 -3
-32 -7
2 50
3 1
-21 23
-30 -21
-2 16
-2 7
19 -3
12 16
43 -6
-37 40
-17 -16
-27 49
-34 -16
-24 -2
39 -48
49 41
21 12
38 49
9 -6
-15 -6
31 50
-22 26
38 21
-29 -4
-8 13
1 48
15 -50
3 -30
45 35
-48 44
-18 -11
-24 13
7 -39
-13 23
-48 24
2 6
-19 -14
32 -31
-22 -2
15 -31
47 46
8 -13
-35 10
24 -12
-49 34
10 -4
-10 -35
25 -43
11 -8
-14 22
13 -28
13 -37
-32 50
13 -7
-27 -7
35 -20
-38 -36
-27 25
42 30
38 4
36 -15
7 35
-10 -24
-24 -1
9 22
35 -26
-10 31
36 -12
-11 21
-7 -5
-29 -1
2 -46
18 -41
47 -8
-19 -5
26 39
-7 -38
0 -22
6 -29
40 12
-26 -27
-45 6
23 27
13 23
9 -24
28 44
40 -2
27 -15
-19 -45
-34 39
-38 24
49 4
49 33
-13 -1
48 -5
30 41
46 31
26 3
20 -5
32 -18
45 -30
-9 3
-45 -23
41 -30
-31 -44
37 -47
-14 23
26 7
-14 -49
22 31
41 -23
-31 -40
-42 -30
-30 -3
-44 10
-11 6
4 8
3 15
-36 6
-6 39
-24 -36
31 -22
12 1
-36 33
40 -19
-13 47
-3 44
-49 45
46 -46
-41 24
-45 -45
-3 -25
-30 -34
-19 -29
-31 46
2 44
40 50
-8 -49
48 27
2 -31
7 38
-33 50
0 16
-16 -1
-17 17
-2 31
-44 34
-22 -50
-7 -27
44 13
-21 18
-18 44
-32 -41
-6 -36
40 41
-17 39
-44 -20
11 -6
7 2
6 -31
36 32
-11 27
-20 -18
5 -42
45 29
-39 49
43 31
-7 -22
30 20
-22 -20
-39 42
-15 31
26 20
7 31
-8 27
-27 -2
3 -18
13 -25
-48 32
38 -24
-6 -31
-50 -3
-43 -36
9 50
33 34
34 -38
-13 -17
33 -25
-31 15
31 -33
-46 29
-47 -28
32 -23
-50 -31
13 -4
16 -22
-23 44
27 42
20 -4
-20 5
36 11
-18 -24
46 -18
44 -29
2 35
10 17
-4 1
-50 -28
50 -16
-38 41
4 24
29 6
-18 -28
-24 -27
6 -30
17 36
48 -28
-1 18
-29 -28
26 21
-42 -19
9 -33
-48 -19
-32 -42
47 -19
-2 -43
-32 -8
-28 2
40 29
32 -21
-36 -1
-41 -2
19 44
13 29
10 -13
44 -47
-43 29
34 36
4 -30
-3 39
24 -19
-36 -23
47 -12
-49 -45
49 49
-18 1
50 -11
42 -16
-8 -39
-41 -17
48 -26
-22 34
23 46
46 -31
-25 -30
20 2
-35 46
7 -43
12 5
29 -45
21 -14
-18 -23
43 12
8 -43
39 48
-39 -24
29 -14
-9 45
-40 20
15 47
-35 -48
-5 25
-42 42
-48 45
21 -19
49 -45
39 -21
43 -46
17 -5
28 31
14 31
23 -41
-26 -30
11 50
-35 0
40 -30
36 -30
-6 -10
15 -13
36 -16
34 -18
30 -16
-26 48
47 -18
41 -15
34 -49
3 -7
-38 -13
-31 29
20 14
17 25
10 41
50 14
31 36
-46 36
-32 -9
-8 21
12 -48
2 -3
-40 16
-4 -31
47 34
-30 26
40 15
26 45
9 -19
-36 13
-8 19
-2 -28
38 43
14 -11
-6 -25
36 13
30 -38
20 -19
-18 27
-38 34
4 -10
10 -47
-23 10
13 -8
16 31
-27 32
-19 -4
15 46
-30 5
17 39
2 4
43 -7
22 3
-31 -13
35 -7
9 21
13 11
33 46
-22 35
17 38
22 17
-47 -10
23 -33
47 11
34 -1
-32 12
35 1
-47 -16
18 36
18 8
-49 -2
26 -29
10 -2
-25 -25
5 -38
16 -29
45 50
34 -26
2 -11
4 -8
-34 22
17 1
8 -4
-2 -5
47 -28
-41 14
46 27
-30 22
-19 26
45 -38
-35 15
-23 -4
-35 -26
-43 -41
-34 33
-41 -48
41 2
29 -49
-35 5
-16 -6
-47 -36
-27 26
15 -22
-14 -5
-8 -7
-37 6
40 43
-8 31
47 -44
34 -37
-2 26
31 34
15 43
17 -43
-33 9
50 42
32 44
-6 8
18 18
-28 -35
-14 -27
33 -26
-29 -10
-36 -26
-48 -30
-15 28
7 11
10 11
40 -6
-31 -38
11 -30
2 -24
29 0
-15 50
38 -2
4 36
1 10
11 -3
32 -28
-26 4
23 -3
8 29
37 -46
23 43
0 23
41 1
1 42
19 24
-34 11
-34 13
-19 -39
0 49
-21 -38
6 -38
9 -12
-38 48
-16 -38
-15 -25
26 -41
21 21
24 46
-3 5
-22 49
5 47
19 -43
47 -41
-4 49
-31 -12
-22 -28
-16 19
40 36
19 -27
-8 2
-3 22
50 36
-30 2
41 -31
-47 14
-12 -31
-5 38
2 26
13 -11
-32 -1
-28 39
-5 30
42 24
26 -42
19 16
-25 21
48 20
15 42
1 -29
-45 -39
39 -30
30 -45
15 -10
-29 -39
-3 14
4 -18
0 27
5 34
-14 -23
40 -29
2 2
-4 -39
-11 39
39 -27
41 6
-33 -24
-45 47
7 16
-36 -34
-41 -11
-39 -30
26 35
11 -44
0 -7
-17 40
-23 35
-2 -27
47 12
17 23
25 29
19 47
-16 -42
14 -46
36 9
23 -22
16 -20
-45 22
8 -21
-20 -25
-38 25
33 -27
44 -37
-45 -10
-45 -33
-25 50
48 28
-43 -22
-49 -16
25 47
5 9
16 -26
-2 -3
-6 9
39 12
16 13
19 -14
-3 47
-15 12
37 24
16 -39
-33 33
-17 -8
-20 20
31 -14
-31 42
35 -37
-42 -40
-35 -20
4 -35
11 -14
12 -44
50 24
9 2
40 -36
11 7
-10 25
-1 -48
-36 48
45 -19
7 15
38 -36
-1 32
-45 -16
-31 -36
34 -4
-46 10
-8 -15
25 39
29 -13
3 18
-23 -21
-30 30
35 26
-40 -10
-21 -33
-28 -49
-4 0
-15 -19
-40 30
22 40
11 13
-9 -18
34 0
24 -23
21 -26
-49 44
11 17
8 44
-17 -10
-23 24
31 43
-2 -38
-39 -12
6 -34
-29 49
5 -3
-45 -28
-29 -22
-30 12
39 24
-28 32
37 -25
-49 20
12 18
23 -6
-27 8
-11 25
2 37
-41 36
-29 1
-1 24
-12 50
16 -10
35 0
-17 -6
-33 39
12 22
33 -33
-14 46
21 -23
-16 -13
-44 36
2 -33
38 -11
37 49
-39 -45
47 4
48 -47
-1 -4
-44 -16
-49 -50
33 5
-37 -49
-5 -25
-34 -5
4 -43
45 31
-3 -48
41 41
20 13
40 1
1 -4
-11 4
-3 -32
-41 -13
20 10
-40 -40
-40 44
-35 38
16 29
7 -24
31 -38
38 -12
25 -36
3 7
47 -17
33 -49
-23 -45
-15 -34
28 -2
-21 16
-26 23
-36 -48
38 48
-8 1
-41 -42
-29 15
9 -42
-16 20
-24 37
-41 2
37 -14
-9 -32
46 34
-3 -31
-42 -26
50 -2
-17 -27
42 44
35 -29
-10 45
-47 -31
7 27
-4 28
50 10
36 -35
-33 -36
2 -32
-6 -1
40 17
-23 -17
12 48
-42 -47
5 -21
-41 9
-47 50
26 11
-45 36
-13 38
-1 20
43 19
-14 0
27 1
-37 -8
5 -50
16 -47
43 41
-38 -45
21 41
-44 -13
40 -28
-21 50
32 -2
-21 15
-12 40
45 -46
-10 -27
-46 -6
-41 40
-31 -22
-14 -1
-22 31
-5 50
13 34
-30 -17
33 -35
-44 32
-3 -27
-19 -34
27 8
-7 13
-13 1
-46 -28
-14 48
35 -31
34 35
-19 -7
-8 -44
6 30
-4 24
-17 -36
46 32
-31 40
6 -26
-15 -17
42 1
-14 -42
-40 35
9 14
44 34
8 28
-38 -20
-36 21
-7 3
9 -34
42 -23
-1 -37
27 -38
47 32
19 -11
-34 3
-31 -28
43 3
-27 6
32 -3
25 3
-2 -13
44 1
-43 46
2 3
-35 50
21 22
21 -1
-23 17
-7 9
31 -35
32 19
-40 -31
20 -24
38 28
20 33
-20 34
-32 -29
3 44
-3 -22
-48 20
14 -20
7 30
-47 37
-46 46
20 41
40 -22
-24 9
-44 -41
-49 40
-5 -32
-41 12
-47 -46
42 5
-41 3
-4 -35
46 -32
33 45
-22 47
-14 -48
41 -27
-1 -42
-31 43
-19 -41
39 -25
-9 43
40 -46
14 -41
34 21
-50 -38
42 -36
-6 -37
10 35
43 -2
48 -13
-10 -28
40 33
-4 33
-23 -32
35 -17
0 -46
-47 32
-4 -22
-27 -36
43 -49
-13 -48
-19 3
-36 49
-16 16
14 10
23 -36
-50 -11
6 -21
0 -26
-25 -6
31 4
0 -6
32 43
-36 -19
24 37
-36 26
-43 -9
35 -36
-34 -6
-6 16
-41 -43
-2 28
-30 -19
10 -21
-11 11
-7 -23
-24 -31
-50 -47
-12 -16
17 -30
42 50
21 -35
-43 -42
-31 33
-27 -4
41 -26
33 -40
-25 24
2 -22
42 -33
26 30
-2 -36
12 13
-7 16
44 3
15 8
-24 -39
-48 28
49 29
23 -28
48 -35
23 -49
5 0
-23 9
19 31
16 -32
-42 -41
39 -46
26 40
-14 -34
20 48
-1 -2
-29 28
33 21
5 18
36 22
14 -48
23 -29
7 -11
-4 -1
-27 50
-41 15
-35 -36
30 38
21 -15
31 -50
-37 31
24 10
-4 -12
26 41
26 26
21 43
21 20
1 -43
28 -20
-8 -9
47 7
31 -9
17 -15
24 21
16 -42
-6 -16
-31 -11
-27 -16
14 -22
-20 -44
-24 -45
8 -39
-10 38
-49 -30
47 -22
-10 -22
25 -6
18 -42
40 -12
-50 14
17 8
30 30
-50 -36
-43 25
-21 -14
-1 31
2 -35
-31 31
10 2
17 20
50 -33
17 -46
50 -19
-24 6
-7 -17
-12 5
-28 0
-33 -28
28 29
-24 23
-26 0
-14 -6
-27 -35
-48 21
-36 -14
-46 -27
3 30
35 -9
45 -2
29 -36
-28 -38
29 -25
17 -29
-42 0
-10 -13
14 22
-43 5
-22 -19
-43 -32
18 -33
-23 -36
-25 -34
15 -39
-35 4
-46 8
28 21
17 -19
24 27
-15 2
46 -34
28 5
24 -35
21 31
6 -9
-4 34
42 -43
16 34
-21 26
-36 -31
32 -20
-36 -4
-14 -41
-18 -21
28 -19
-32 37
-35 -45
49 44
17 -39
-21 22
30 -18
-7 24
37 26
41 37
-22 3
-19 -8
24 -11
-19 -20
45 18
-44 -15
34 -10
12 2
-45 -50
12 14
43 -23
43 -15
-35 -34
16 17
41 -17
-8 -10
29 -37
17 -49
39 -29
37 12
-41 -12
38 13
-16 6
7 -26
-10 -2
-47 9
21 17
-40 -27
-29 37
29 38
-37 -45
45 -16
-17 -11
0 13
-45 -19
50 -47
-37 -13
34 46
-24 48
11 40
20 -34
4 -13
26 24
1 -39
-10 47
13 35
32 42
12 -42
27 -50
-24 -12
-27 -28
-39 -48
-12 44
-29 34
26 28
-9 -12
17 -32
44 -41
7 29
-29 6
35 43
-44 -3
-12 42
26 -50
44 -46
-8 22
29 -39
-4 -24
27 -3
-19 2
-14 24
-40 -15
44 25
-4 26
28 17
-49 -3
-36 -2
2 -30
21 -34
-34 40
48 -40
5 -33
50 -40
11 9
29 -34
12 40
46 -42
20 5
-29 8
-43 0
-16 30
-45 -20
45 -4
35 41
-30 24
43 -47
-4 21
21 -42
-21 14
39 15
-32 -28
-42 20
33 -48
-49 -10
-30 15
-25 25
3 21
43 46
13 8
7 -42
-29 35
-24 -26
-48 7
28 30
11 -13
-38 -43
-12 28
3 -21
-38 44
21 7
25 46
-35 -28
16 -18
-22 -21
-11 -4
-13 9
-19 -26
4 35
-38 -27
2 -16
32 29
13 -15
-42 -42
-25 28
45 -44
2 -44
50 -1
-2 34
-24 -20
-44 -40
26 -16
40 32
-48 -18
48 -49
27 -19
-3 -35
22 19
38 29
-46 35
44 -8
24 -28
-7 -44
7 -45
46 -22
37 7
-28 -21
18 -21
11 -29
8 -45
27 -32
22 16
-39 -39
-24 -30
9 20
-40 -24
-28 -31
-48 -11
-4 -29
45 37
28 4
2 46
16 7
-44 -29
-23 13
19 -2
-42 -3
-42 21
-40 -21
-33 47
-5 -9
24 -17
-43 21
-25 -39
26 -37
-43 -13
0 -44
46 -11
-18 29
-3 -1
-39 -22
-41 45
40 21
4 -27
-20 -36
40 9
5 8
-23 -41
-19 40
-23 43
-32 -19
-20 -2
27 9
2 -21
-34 42
-8 -5
15 27
19 -37
45 -8
-50 -20
-12 -35
37 48
-14 -50
29 37
41 -49
-49 28
-22 32
48 -24
12 -6
-2 -11
-39 -14
24 44
-13 3
6 -12
-32 -26
-13 46
18 -49
-31 37
46 -28
-32 32
-18 -47
40 -1
42 14
-23 -12
-19 17
-39 13
39 -31
-32 20
-23 31
-15 -26
7 9
-9 -15
0 -50
-6 22
39 6
0 -33
41 -28
35 -2
50 -43
-20 -29
44 -16
39 -17
-4 44
28 40
11 4
21 0
-30 34
-15 -39
12 -1
-19 -1
24 -47
-34 -22
47 -21
34 5
-13 -19
32 30
-32 -32
-10 12
-13 -37
-29 50
21 -21
-32 5
33 17
25 18
26 -18
-42 -7
36 41
-7 -49
-18 42
42 -50
38 -10
-9 -4
-18 -25
3 40
-32 -4
15 -30
-31 5
10 15
20 36
33 10
-21 -17
-43 42
7 41
-32 11
50 47
3 -3
-38 6
18 -47
-9 -50
24 -48
45 32
10 -19
40 31
-43 27
-36 22
-44 12
19 -41
-4 -26
-14 -32
-34 -31
-18 -42
13 30
42 -28
-26 -34
-13 -12
-2 -44
-3 32
18 -40
-31 -25
39 -43
42 34
-44 -47
-41 -22
5 -44
-7 26
47 49
24 -39
47 23
-12 -6
37 28
-34 -38
8 22
-32 48
-35 -4
-2 5
14 48
-25 -5
50 39
-25 -27
-9 -27
-6 -46
-23 -13
19 -29
37 -12
0 6
39 28
42 -32
-6 21
-29 2
40 20
23 33
39 43
-6 -34
33 -4
14 33
15 12
7 44
-4 43
-6 24
-35 -8
-34 17
-35 49
-47 25
-45 -38
-19 -17
-9 23
-15 48
24 -38
-47 -34
41 -3
-39 32
35 -4
-30 -23
49 -44
49 18
49 -47
6 15
-44 23
-37 -23
13 -43
10 -36
42 -46
46 18
-5 -38
38 18
13 -26
-18 5
19 2
24 -50
5 -14
-49 47
2 11
-9 -6
16 15
-14 12
-9 40
19 34
-43 -49
28 23
45 49
15 39
8 20
9 -39
-1 49
-17 -35
-3 46
-30 6
-37 -18
1 -33
9 5
30 -17
1 -42
-27 14
-35 24
-50 32
-29 44
-8 15
3 -24
-32 23
-7 -45
-27 45
27 45
21 42
41 -10
-48 47
-20 -34
-26 37
-2 39
-40 39
29 30
-18 36
-38 -7
0 29
-28 -11
-24 15
12 -8
4 49
8 19
39 34
40 -31
-24 -50
-37 10
-34 -4
13 6
-26 -49
-8 -1
-25 44
-40 -43
-46 12
-9 -44
-22 20
-37 9
2 23
-50 -35
-13 -40
-35 -2
-15 -15
17 -34
-27 -47
49 -29
34 23
38 -15
9 48
34 12
9 -30
-35 -49
3 3
27 -21
-47 8
-12 -14
-21 -34
-38 4
15 10
-42 39
-11 12
-20 -11
-37 29
37 45
-28 -45
38 37
7 46
15 -27
-38 -33
6 -1
-20 -26
-39 3
-33 6
12 44
35 11
22 7
-16 25
14 47
-11 35
-43 -38
-20 -27
-15 0
-50 37
33 -32
25 -34
11 26
1 17
-50 33
-24 -4
-11 -31
3 37
-38 8
-50 24
-15 17
-39 -41
30 49
-24 40
36 -34
0 -32
-22 -45
23 -7
-18 -3
9 -3
-6 -4
12 28
12 -39
7 18
33 -11
-28 38
25 12
2 42
19 12
45 16
43 -16
47 28
8 9
-17 34
1 -31
42 -39
-21 -6
1 -25
-10 4
0 -10
6 17
33 0
11 -9
-50 40
-8 3
32 27
-31 2
-1 17
-18 -43
-44 29
19 -8
-11 -45
-41 28
42 48
14 15
-41 31
-2 33
-39 -17
19 -22
-39 28
28 -42
35 -16
-48 -27
20 -2
5 23
-4 -20
23 38
-28 -28
-38 0
-48 11
22 28
9 27
-10 33
29 39
46 38
-29 -6
31 -25
-41 42
33 -31
45 -1
-29 48
-25 -47
-8 -35
44 -30
13 24
34 8
-33 14
-10 -4
48 25
-23 -43
-23 4
-4 -38
14 -28
-49 -32
24 14
23 -48
-21 -50
-39 8
-30 -37
-31 -48
5 36
6 -17
-20 49
16 -40
21 13
-42 -1
-49 -22
-20 -21
44 35
-10 17
45 12
15 -12
-30 -45
-40 27
-29 -25
-14 41
23 6
16 -14
33 33
-17 -17
-41 -20
29 4
2 8
22 -8
24 3
-48 -14
44 42
10 31
9 -5
36 -18
2 -25
14 3
-33 44
-16 37
-33 45
32 12
-47 19
35 -24
48 34
9 -50
19 -35
38 -37
22 -45
22 36
-34 -42
12 -2
41 26
33 8
29 21
45 39
-46 50
-32 13
-17 -25
2 -1
26 15
-33 -14
-1 40
37 47
-47 -20
8 -38
39 9
33 -21
23 22
25 50
36 -48
10 -25
8 38
8 17
-15 -5
-47 -26
-1 -13
39 -40
41 3
34 18
-39 24
-13 18
32 -1
-49 50
-40 -44
24 11
-39 4
-18 14
-13 50
48 -10
-7 32
9 -37
-19 -40
-50 31
32 32
40 -21
-46 -19
32 -33
-10 -6
-3 23
0 -27
38 -5
-5 -23
-21 -22
-2 17
22 -43
35 -46
-41 48
6 -40
-3 50
8 -49
-9 -41
10 0
-33 -38
-6 -24
0 -31
-16 -35
-19 -2
15 -20
36 -22
-44 -14
-33 -43
-19 5
-32 -35
-47 -6
-35 -22
48 11
-34 29
-34 -43
-34 -39
-24 -37
-37 42
-9 -47
-10 -44
-8 -40
25 -24
50 40
-50 36
34 43
-11 40
-15 -44
17 -13
-29 46
50 6
45 -33
46 -36
-10 8
-35 34
38 32
8 -44
27 4
38 -26
22 -36
18 -12
37 6
45 -40
46 -24
-45 28
-47 20
-22 33
29 12
7 26
-44 -19
12 21
18 -5
25 -11
-24 12
-35 -25
10 -18
6 -11
-2 29
46 28
-23 40
-23 49
1 -12
-13 -41
-7 38
-36 41
-9 6
3 0
33 -30
4 -33
9 35
30 10
40 -33
43 -17
37 43
-26 38
-30 21
19 43
-35 -24
49 -50
-36 -33
-50 -25
19 -31
17 -18
-3 33
23 -25
-19 23
40 5
-41 -19
-46 9
32 8
38 44
36 0
-44 3
33 -3
-33 -6
3 50
24 -25
-33 -8
-40 26
-33 -41
47 30
46 -14
22 12
20 35
-38 28
-31 6
23 5
-43 -35
43 -19
20 -38
33 19
3 -38
-43 33
-30 43
-7 23
17 -26
-32 33
31 -29
18 40
5 3
3 -27
47 -26
-29 24
17 -12
-44 -23
25 -25
-26 -43
36 37
22 -27
-46 11
-5 -14
31 -48
39 38
12 -23
-44 -28
-34 -8
-43 49
-13 44
-33 17
15 28
-39 31
-38 -2
12 -13
-35 42
-15 44
33 4
-36 23
-49 43
46 -44
-34 45
-43 -44
26 23
3 -49
2 41
30 -21
10 -11
21 18
-46 17
-38 -50
26 5
-28 -39
21 -44
-30 -28
-36 -25
29 -29
-30 17
4 -23
48 -22
4 -7
-40 21
-23 42
9 44
50 15
-2 -4
19 4
15 50
15 22
40 3
1 31
-11 2
15 20
1 -40
19 13
-45 46
40 0
-9 17
39 23
40 -11
30 -43
-15 39
36 -31
-5 5
-38 -38
-44 6
37 -16
-3 -6
33 -38
-34 -32
21 35
-5 32
-16 47
27 -23
-33 -46
-38 21
49 30
-6 4
14 -3
34 10
10 -12
-24 -25
44 -9
33 -12
4 -50
-49 0
10 -39
-48 -4
-25 -36
-27 31
18 -46
7 4
28 -39
-1 -27
18 -45
-3 1
2 -43
10 33
-33 -39
-13 33
47 -9
-25 -33
-38 26
-2 21
-21 8
39 49
44 37
-41 35
18 49
23 -19
-32 -10
33 -9
10 27
-38 18
37 -32
-7 -50
-38 -32
0 -3
-7 -21
31 27
4 26
11 45
-47 23
-29 23
-16 -21
-35 -31
-36 -18
-15 37
-47 22
-22 14
-42 -44
-19 -28
-22 30
-17 12
-32 24
39 -19
22 9
49 -8
34 -45
18 37
30 26
30 40
46 17
-40 48
14 34
48 39
22 33
27 23
0 -2
34 -9
-50 21
-11 -21
-35 23
44 -17
-29 -16
-12 16
-40 -20
-34 34
-22 -47
50 5
-1 -45
-38 -19
16 20
-49 -15
-32 40
-16 9
-26 -38
-38 22
24 24
24 17
-17 -33
21 -39
24 12
50 -13
-40 -5
16 -8
-12 -48
2 -48
19 18
26 -20
-41 49
-10 39
-7 48
24 36
-39 17
-45 12
-14 -4
32 -22
-18 -26
-38 -1
18 44
-19 4
-43 8
8 43
-1 46
-20 30
47 -2
-18 -19
10 -41
8 7
1 -26
-10 34
35 49
39 44
-40 -30
-30 -46
-14 -29
50 -25
33 27
27 43
42 -49
29 1
11 12
-47 -4
28 11
-25 -41
38 35
43 32
-37 33
7 19
-14 11
-18 -14
36 12
43 -33
17 15
-2 48
-2 -37
-13 22
-14 -43
-10 40
25 -7
-35 -17
-37 30
-14 49
-23 -48
-26 -32
-21 -3
-36 -36
35 -43
-25 -4
25 -37
8 41
11 -20
-21 -36
48 -3
24 -24
-26 6
-1 2
-26 26
-7 50
33 43
-26 10
-14 44
-50 35
-20 -42
37 -1
43 29
-40 47
-23 -26
38 -32
-31 19
-19 34
-34 49
-34 -41
43 -26
24 4
-48 -36
6 -32
11 -48
-1 27
50 31
-9 16
49 -40
34 -8
42 0
-34 30
-31 -10
-32 49
-7 -13
25 16
45 17
-11 0
39 10
10 1
47 -33
-17 16
-6 42
-42 13
-19 -22
-45 8
-8 -37
-48 42
-12 27
-48 -43
-27 -38
25 -18
-17 -15
2 -6
-18 -13
22 0
9 -2
-8 38
2 28
22 -31
7 -13
-33 -1
21 -8
-9 -22
-23 45
-1 -31
36 2
21 34
-5 -24
-48 -29
-16 40
-7 -8
-41 25
25 -33
14 30
-30 -35
-45 21
-24 -34
23 2
-47 0
9 -18
-32 36
1 0
39 -15
7 47
0 46
-42 41
15 -34
-45 40
3 33
-16 44
-2 -33
-32 38
11 -39
-28 25
8 39
44 -18
-17 -44
-48 38
28 32
1 27
-41 38
-17 -42
-9 39
49 32
-43 34
-43 7
4 -46
-38 47
46 -16
-8 -12
-1 -41
-35 -50
-40 18
16 -27
38 -33
-39 2
-48 -24
33 -28
48 -38
31 9
-48 30
0 41
44 -23
33 1
12 -15
30 21
30 33
25 49
-15 -21
-27 -5
-31 -2
17 5
10 20
-18 40
-36 37
-45 -40
-14 -33
6 -7
24 28
-29 47
-25 11
-28 6
22 22
0 2
-41 -3
11 27
-14 -37
44 12
-21 -43
-43 2
-34 20
8 14
-16 -8
17 -44
19 42
48 17
18 25
-23 -2
-49 -47
-44 -45
-46 5
-34 -30
12 -41
13 25
28 2
-39 35
-49 -28
-44 43
-31 -15
-31 44
30 -41
11 33
37 -27
-41 46
18 -1
9 26
-10 36
-42 -11
20 12
22 -1
48 -32
2 31
42 4
1 7
-6 35
-44 -50
35 8
-32 6
-10 -45
-21 -42
-10 26
25 -22
-4 25
25 45
-27 30
-50 15
-28 1
30 32
-27 34
35 27
-46 31
-41 50
39 22
18 -17
-29 31
47 -3
25 43
41 39
-21 -39
48 -31
-47 40
-28 8
-22 -24
-13 4
8 -41
21 -46
49 14
21 30
3 34
-5 -28
16 30
10 19
-13 -2
-31 -26
-1 -10
-46 -33
32 -46
50 4
29 16
25 34
50 37
40 -4
-12 26
16 -31
-19 -19
-46 -48
12 37
14 5
22 4
-10 20
-32 -43
-12 -12
43 15
-9 49
3 -45
0 -18
0 43
25 -17
26 -8
-21 -5
50 8
-47 47
-44 26
-24 -17
21 47
8 24
24 43
-9 11
-19 39
-30 19
-3 -4
-25 -11
45 -25
1 13
43 -12
-3 40
-37 13
-9 -36
-2 -42
36 40
-31 -5
33 -23
-24 0
-30 14
26 -34
-3 4
-48 41
-48 4
26 2
9 13
23 11
-4 -36
-30 -20
42 47
18 -4
-43 -25
-11 26
-8 17
-37 -40
12 -29
-24 36
50 38
-30 -10
18 1
-24 18
24 48
-2 -32
-34 -50
48 16
5 28
-33 7
2 29
-17 -38
26 -6
-19 31
26 29
39 30
-13 6
29 -35
-21 46
-36 5
-13 -34
-21 -18
42 25
-12 13
-12 23
12 -37
45 41
41 -47
12 -3
1 -32
39 -42
-28 12
-41 -24
-8 -48
18 -38
-34 -24
-48 -50
-14 13
-23 -11
41 12
42 -47
49 38
0 48
-35 1
41 35
-28 47
-24 22
-48 -49
-30 -42
-50 42
-10 42
32 -45
21 46
-47 -33
-43 -50
-11 -43
-35 41
9 41
28 -1
-32 31
5 -1
19 -49
-19 -48
-19 -3
-18 -20
33 7
-31 32
-48 35
15 -7
-3 -21
-29 -47
15 14
-17 -34
-17 -46
8 27
-14 45
-14 19
-23 6
-1 -3
47 -35
10 -7
13 -42
-20 33
7 5
-28 -13
35 13
45 25
-10 50
14 -29
27 14
35 -50
-15 -12
-4 3
27 7
29 14
-50 30
-42 17
45 -49
-24 33
38 -23
49 20
-7 -34
-49 -25
-25 -12
36 50
-9 4
-44 9
48 45
-16 -26
-50 11
-32 46
42 -45
26 -13
34 16
-20 -49
-22 4
-28 -10
-13 5
15 26
-35 22
17 -4
-35 -33
48 49
48 15
-45 14
41 23
-45 48
43 25
14 -14
39 17
-15 -4
15 37
-41 39
24 -10
47 18
9 -27
10 -9
-36 32
5 15
39 35
37 35
6 20
23 16
-17 4
-2 -31
27 26
-32 44
21 36
-11 -32
29 -43
38 -41
-11 33
-7 19
-25 -9
0 30
-3 -34
15 -21
9 -17
0 1
-6 -28
-44 7
-16 -33
7 -47
11 38
34 42
27 -37
-22 -4
-34 9
-11 29
0 22
43 17
-9 38
-46 -7
50 -5
-10 27
-21 -13
-39 -29
31 -7
18 14
13 38
26 -2
3 6
7 -50
-38 -15
-11 7
34 6
-14 21
30 34
-16 24
-28 48
7 -41
48 -25
-33 10
-18 50
50 -32
-45 41
6 35
38 -44
4 46
-19 -35
38 0
-19 48
48 31
-9 0
13 0
27 -8
13 13
19 -39
-46 -49
-50 -37
46 20
-4 -30
9 -26
48 2
48 -11
23 0
36 -14
-19 -16
33 37
-41 -5
10 30
41 24
12 -24
-11 -15
-17 -3
-49 19
49 13
-13 -33
-18 7
26 14
15 -41
26 -22
-30 31
-45 -41
-29 -38
-22 1
3 49
-8 33
49 -48
-12 45
35 47
-3 -18
-40 -13
-8 -11
45 0
-9 12
-31 -14
27 -29
-26 -6
-2 -30
-32 -38
23 29
20 25
-23 -24
-9 30
-11 -7
-4 7
-46 -21
49 -24
3 28
-49 -38
-39 10
37 21
-30 -43
2 -38
45 3
-33 -37
19 -20
13 -21
2 -4
26 -31
-35 27
-48 -8
38 -50
32 39
-7 21
8 -35
-14 33
42 -4
26 -3
39 -2
-6 41
49 16
-44 41
30 -12
-9 24
23 7
-6 15
-17 45
-48 5
-26 -14
42 39
1 24
-28 -4
0 40
44 -40
6 14
44 -7
-18 -1
18 -28
-43 32
22 10
26 1
-6 10
-20 -4
10 -28
-19 13
50 22
30 28
50 -29
-50 -1
-28 -50
43 21
-32 -44
-10 19
4 4
24 -13
50 -37
-37 14
22 6
6 37
41 44
-1 42
-1 -29
-16 -44
-6 -23
49 47
38 20
-26 42
-45 26
26 -1
-34 -7
-19 49
16 24
-43 -18
-37 46
-43 6
39 19
15 -9
-5 -30
-49 -35
-46 -47
-33 18
24 -9
7 25
-17 42
34 -30
-24 8
-36 39
33 44
3 -50
-48 3
37 -41
9 9
21 32
-27 29
-22 46
28 -9
43 -24
-35 -41
-25 19
10 22
36 21
18 4
-39 -4
23 -34
-25 17
-6 -47
-35 31
3 -28
-34 -40
-16 46
7 12
-11 24
-26 19
14 19
18 15
-9 -40
-3 -30
30 -19
41 25
-34 -46
46 -41
41 -6
36 24
-20 -6
-7 -10
10 -46
-24 -3
49 -31
-42 -24
40 37
-47 -2
1 20
13 49
-28 -17
-13 32
43 -36
38 7
5 -36
-7 -35
34 34
-49 -6
45 -29
-13 43
-44 -10
-31 -3
-14 20
48 50
-16 -12
17 22
7 -22
-45 -43
-8 -19
3 -48
-28 34
45 -18
-25 -37
-48 -35
31 10
-10 44
45 11
-25 -40
-8 -28
4 12
-6 38
-20 -17
5 -41
30 -3
32 24
-12 -9
-50 41
24 22
31 -42
13 -19
-1 4
40 4
25 38
36 -19
19 -23
-8 40
-11 15
-18 -30
-19 -21
19 -25
-35 26
-41 -23
16 3
25 -41
-5 -11
3 22
31 8
32 20
30 -48
-31 47
41 -50
-43 43
19 26
9 -1
37 3
-5 10
-12 -33
-28 13
-40 40
-9 29
32 -8
-23 -5
8 10
3 16
-40 14
4 -28
39 -26
-1 -11
19 -36
46 36
-50 -19
-2 15
-18 -49
15 -17
-22 18
8 -6
36 33
-48 22
-23 29
42 -5
-33 22
39 -44
21 16
-1 -20
41 46
-25 20
41 40
3 -1
47 31
-29 -42
39 -37
1 15
-47 -29
-15 -1
-45 -4
24 -3
41 45
-17 33
-47 -41
-9 -1
-3 -20
-9 -48
31 13
-31 -34
17 30
-50 -39
47 -11
15 -40
-43 -37
-19 41
-7 -20
-19 -36
-14 -35
-48 10
-7 -47
-26 11
-1 -7
12 -21
-8 35
-44 0
43 -45
-43 28
-49 -39
-6 -43
28 -43
3 -34
14 -39
-24 44
18 47
35 -14
-16 -27
14 1
-28 -7
-15 24
25 -23
-31 -24
-5 -49
6 5
-15 18
-10 -17
32 -38
33 26
42 -35
16 50
-23 22
-20 11
-35 -40
-31 34
42 23
43 -50
29 -17
42 21
-11 42
-32 -15
43 28
-34 -47
28 -40
25 -30
-23 27
-39 -49
29 -48
-45 50
-8 -13
-17 -21
27 -2
4 29
16 -44
4 -3
43 18
41 -21
34 -13
10 8
-8 45
39 -36
-47 -13
20 -3
-49 -14
38 -19
21 40
-12 -30
16 -2
-15 9
16 -6
-44 -43
36 42
-2 38
-13 2
41 -38
-29 -41
43 1
-16 -5
20 -13
-1 -50
-4 -10
36 18
-48 27
-41 -4
-6 5
-30 36
39 4
-8 34
-1 21
44 -32
49 21
23 14
27 6
-40 46
-33 31
12 -14
-43 -4
40 18
-17 27
-37 -38
-3 3
-47 -32
39 39
44 46
40 27
10 36
2 -13
8 -46
-9 18
25 14
27 10
-20 -9
26 32
-36 -22
3 8
10 -6
-4 19
-5 22
2 36
26 -36
16 -11
42 38
-17 -30
0 9
35 5
-28 -24
18 -50
-42 -33
43 -44
39 26
22 46
37 9
27 20
15 31
-47 -25
38 26
3 -29
-35 -29
10 -37
45 -6
-18 -31
35 12
-7 -28
-7 20
-14 30
-24 -49
25 25
-8 4
-32 27
-17 -1
-24 -41
-29 -32
-7 -26
3 17
-30 28
23 -42
-4 31
50 -46
-10 1
26 -30
-22 48
35 46
-1 16
-37 20
-34 15
37 -9
-20 -24
49 -5
3 -42
40 -49
48 -19
37 37
43 39
-15 32
-17 24
36 -20
34 -21
-34 38
-20 -47
45 26
-29 22
14 -36
5 30
9 38
15 -33
-15 11
6 48
6 -22
-35 -9
-11 18
37 27
41 10
-38 -41
-10 48
-50 6
-12 -22
-40 -33
-34 -35
-49 38
-14 50
-8 49
-46 25
45 45
-48 -23
31 7
-6 -38
-32 7
18 -30
28 6
-27 16
17 -10
35 -41
27 37
-40 -9
-25 27
13 46
11 -50
16 -16
-25 30
46 -35
13 -24
8 16
-27 -42
-7 44
20 -16
50 -9
18 -3
29 18
25 -27
34 -44
25 -35
-14 -20
-38 -4
-21 -32
-15 8
43 45
40 -15
-14 -39
32 -26
-20 15
-43 -6
3 -6
-12 -25
-44 -35
-16 17
-18 43
7 -33
-18 -12
19 -34
-47 -11
21 -40
32 -7
-21 19
-28 -42
36 -10
32 -48
29 29
-39 34
28 15
-11 13
20 16
16 4
-21 -41
20 -41
27 -34
-20 38
49 -3
38 -39
13 -39
18 -35
-43 -24
4 27
42 36
-20 -37
44 8
42 22
3 -33
18 50
-47 -21
45 -10
-48 -26
36 34
-11 46
-14 -31
17 -50
-1 8
-24 29
-10 -30
35 -19
22 49
47 -24
-30 10
21 -48
-9 36
28 -8
-16 31
11 18
27 -6
24 9
-29 27
48 48
6 25
0 -24
3 -10
5 39
8 -26
22 -18
25 33
-31 11
10 25
-50 46
3 41
-25 41
13 -3
37 50
-25 -31
35 50
-6 -33
9 -13
-19 46
-30 -22
29 20
-2 -35
46 33
42 -7
-41 7
-41 23
16 45
-10 -21
-47 -22
-9 -10
5 50
-2 -8
-19 -15
35 10
2 25
2 32
-39 50
50 29
-29 -37
31 31
37 -5
-36 15
-36 38
7 24
-26 9
-6 -50
11 47
32 -29
31 -1
30 -24
-9 -45
43 -4
36 29
-27 -50
44 48
12 12
29 -50
-49 -37
-46 0
-42 -43
3 29
-37 11
50 43
-20 19
49 -26
33 -15
-9 -20
-45 -32
7 21
31 35
-23 -28
-48 -22
29 -1
27 22
-5 42
19 1
24 7
-4 -41
-39 -3
-34 31
39 -6
32 7
30 8
-33 -18
31 23
-28 -26
-16 -37
33 18
-3 13
-47 41
21 -16
-29 -35
-3 -24
-6 49
-8 -14
6 -48
18 -6
-50 -43
6 44
-21 -37
-23 19
-15 -35
-25 -32
-3 48
-6 -48
14 50
-37 34
-42 11
-34 -12
3 -8
-13 45
10 5
36 3
-35 39
27 -9
-26 41
20 3
-25 32
9 -25
29 33
15 -11
-40 -26
16 -4
-13 -6
47 20
-25 -14
-7 18
-16 -31
-18 24
-26 -3
-37 -22
1 -36
-40 41
-7 14
24 0
37 30
4 -26
-16 -46
-29 26
38 38
7 32
36 -36
20 -21
27 -18
9 43
16 41
44 7
-40 2
-37 -29
-14 8
-46 -2
33 9
25 -20
-19 50
19 15
-5 9
20 -46
7 17
26 19
-40 29
34 41
25 42
-17 -47
11 44
-39 -7
47 -7
35 4
-34 4
35 -42
-37 -12
-28 -22
-2 -15
-48 6
-27 22
-1 5
13 21
-35 28
30 -15
-6 -27
-12 36
39 -35
34 -24
-25 -43
-38 -14
-28 20
41 38
-35 17
-10 16
26 -26
22 18
49 -23
11 -16
-34 -26
-45 -21
5 4
13 -33
-24 16
-23 34
48 13
13 20
-32 0
-30 -6
39 -47
-23 20
30 7
-35 43
19 37
38 -27
21 44
48 5
17 4
-31 22
42 41
37 -35
20 19
21 6
30 16
34 -2
36 27
35 -27
9 36
-47 -48
-3 24
23 -16
-31 -35
-9 1
-42 -5
32 35
48 22
-39 -40
-24 32
-11 -41
40 46
40 -45
-42 49
22 15
14 42
-6 33
-12 -36
13 -13
-4 -5
25 41
-1 -34
-14 -3
-3 30
-6 -14
9 -47
46 39
47 6
-12 34
29 -7
5 -49
44 18
31 -45
23 -11
11 -24
35 40
-29 -9
40 28
-23 32
-3 -38
-46 18
5 21
-5 14
23 24
-22 -40
-19 -12
-17 -37
-13 0
10 -14
2 -7
46 -39
50 -30
20 17
-7 -12
-36 36
35 -38
-15 -22
33 -42
-47 -23
5 -8
-33 -50
48 -21
-40 17
-8 7
31 30
48 0
14 -33
20 -22
35 33
-20 0
27 -42
34 -7
-7 -15
-11 36
48 -8
37 13
-42 10
17 50
-50 45
24 41
38 -40
49 -9
25 22
-41 16
-6 -41
13 41
28 -14
10 -35
46 21
34 -41
-16 -14
-39 6
0 -29
-14 5
-3 -49
38 25
18 6
24 18
15 24
-26 32
48 29
-29 4
1 -10
7 -31
-44 -6
-47 49
10 32
-20 40
50 28
4 -22
20 30
46 -21
4 14
-16 -4
31 -8
22 50
-36 -21
-5 -48
-8 -25
-32 -40
-6 7
-11 23
-31 16
-29 -5
6 -43
-38 15
-45 -35
44 49
-44 -32
-39 -18
32 16
-10 -48
7 -29
-31 45
-19 -33
5 2
1 41
2 34
40 8
26 -48
-3 35
12 -16
6 -2
33 -37
-33 20
-37 2
9 19
46 15
39 46
13 16
36 5
2 19
-14 36
11 36
-41 -21
-6 18
14 -23
26 0
4 33
27 -5
-48 -6
-37 -46
31 39
25 40
-5 4
41 36
23 -43
-50 -16
33 20
-42 -45
-8 46
-28 -20
-48 -41
