12 -3 10 16
6 -13 -10 0
-60 2 -1 8
60 -3 -10 -1
6 -2 -1 -1
12 -7 1 8
-60 -11 0 0
6 2 0 -2
-2 -2 -100 -8
-6 -2 10 2
-12 -7 -100 0
2 -13 100 -8
60 -2 -10 16
-2 -5 1 2
2 -3 1 2
0 -11 0 8
12 -7 -100 -1
-12 -11 -10 -8
-12 -5 1 -8
6 11 0 2
-12 3 -10 -8
-60 -3 -10 -8
-60 -13 -100 4
-6 3 0 8
2 -13 -100 1
-6 11 10 0
-60 5 100 -2
6 3 0 16
-12 5 -10 -4
2 3 10 -8
0 -11 1 1
-12 11 10 -4
12 -2 1 4
0 5 0 8
-2 7 -10 2
12 -5 -1 8
2 2 0 1
6 -7 -10 8
-6 -7 -100 -2
5 5 5 5
-12 -11 -100 4
60 -7 1 -16
0 0 0 -16
-12 -7 -1 -2
-60 2 0 -4
0 -3 -100 -1
-12 7 1 0
-12 5 -100 -4
60 -7 100 -16
60 0 100 0
-12 11 10 -16
-60 2 10 -8
60 -13 100 -4
-12 -13 0 -1
-6 11 100 -16
0 -2 1 2
-60 2 -1 2
12 -13 10 -8
-60 -11 100 -2
-2 -7 -100 8
0 11 100 -8
6 -13 -1 2
-60 -5 0 -4
0 7 -10 4
-2 -11 -10 -4
12 -13 -10 -1
12 -13 10 1
12 -11 0 8
2 -13 -10 -16
-12 13 1 -4
-60 -13 10 -8
2 3 -1 0
-6 5 100 1
-6 5 -10 -2
-60 -2 -100 2
-6 -5 10 2
-6 -2 10 -2
6 -13 -1 -1
-6 -2 -1 -16
2 -3 -10 -1
-60 -3 10 16
-60 3 -100 -2
6 -5 -10 -2
6 2 -10 -8
0 -11 0 -16
12 -7 -100 2
-6 -2 -1 2
6 -13 -1 8
-60 5 10 -8
0 13 10 4
12 -13 0 0
12 -2 -100 8
2 2 1 2
12 11 -1 2
0 11 -100 -2
-60 3 1 -1
12 -13 -1 -4
2 2 -10 -16
-6 -13 -1 2
-60 7 0 2
6 -3 0 -2
-60 -5 10 16
0 -11 -100 8
12 -13 1 1
-2 -11 -10 -2
6 3 -1 4
-6 -13 -10 16
6 13 100 -16
-6 -3 1 1
6 -13 -100 -8
2 13 -100 -8
0 2 100 2
-2 -13 -10 2
0 0 -10 -16
2 -5 -100 2
-6 7 -1 1
-2 -2 -100 8
12 5 -100 -4
6 -5 10 4
12 5 -100 4
-60 0 -1 16
12 -11 1 -16
60 -3 -10 -8
12 -3 -1 8
12 7 10 0
2 -2 1 4
-60 -11 1 -4
-60 -2 -100 -16
0 0 1 1
-12 11 -1 2
6 -11 10 -2
12 13 10 8
-12 2 -10 0
60 -7 10 16
0 -7 10 16
-12 0 100 -1
6 -11 -10 -4
-2 7 0 -8
0 2 1 16
60 -5 -1 1
-2 -11 -1 -8
60 -5 100 -1
2 3 100 -16
-6 0 -1 16
-60 7 -1 16
-2 11 -10 -2
60 -7 -10 -2
0 -2 -10 8
6 13 -100 -4
6 13 -1 16
-2 -7 0 16
60 13 0 8
12 -5 -100 2
-60 -7 100 2
0 3 1 4
12 11 10 0
-6 3 0 -8
-12 -7 1 8
-60 -13 10 -1
-6 11 -1 0
-12 -7 0 -4
0 2 -1 8
-2 -2 -100 4
-12 3 -10 16
-60 -13 -100 2
12 -2 -10 -1
12 -7 -1 -16
-6 11 100 8
-6 -13 100 0
-2 -3 -100 0
-60 -2 -100 8
-2 2 -1 -4
60 -7 100 -1
-12 11 -10 4
-12 7 10 1
-12 2 -100 -2
6 2 10 2
12 -5 10 -1
60 -11 -1 1
-6 -13 -100 -2
12 2 1 -2
2 -3 0 -1
6 -11 -10 -16
12 11 100 8
6 -11 -1 2
6 -7 10 -16
-2 13 -10 -1
6 -5 -1 -1
6 5 -10 0
2 0 100 1
60 -11 1 8
60 13 -100 -2
12 7 -10 -2
-2 5 -1 -1
12 7 100 -8
0 -13 1 2
2 7 0 -2
-2 -3 -100 16
0 0 -100 -1
-6 7 -1 -2
6 3 100 -8
6 -13 0 -2
12 5 -10 0
-2 7 -10 16
-60 11 0 2
-2 3 -10 1
6 -13 -100 -2
-2 2 -1 -2
-6 11 -1 4
2 -7 -1 -16
-6 13 -100 16
0 -13 0 1
0 11 0 -8
6 -2 -1 16
-6 -11 0 2
60 -2 -1 2
60 7 -1 8
6 0 -10 16
-60 13 -10 -2
-12 11 1 -2
6 13 100 -8
0 7 -10 0
2 2 10 -16
6 -11 0 -4
60 -3 -1 1
0 5 -10 -4
-60 -5 -1 -2
0 3 -1 2
-6 -11 10 0
6 5 100 4
2 -5 100 2
2 -2 -1 -8
60 2 -100 16
6 -11 -1 16
2 3 0 8
-2 -11 -1 -16
6 13 -10 -16
-6 -5 1 -4
-60 -5 0 1
-60 5 -1 0
2 -3 1 16
-60 -13 -1 0
6 -5 -10 -1
0 -7 -10 2
-60 -13 -100 1
-12 2 1 16
-12 -11 0 1
6 -2 1 0
0 -3 -1 -1
6 7 -10 -8
12 -3 -10 2
60 7 -1 1
-60 5 100 -1
-2 3 10 -8
2 3 10 2
2 2 -1 2
-6 -11 1 -16
6 -11 0 0
-60 -5 -10 1
-60 7 10 1
4 5 4 6
-6 -7 0 -1
0 7 0 2
60 -2 0 -4
-2 -11 10 -16
12 -2 100 -1
12 -11 0 4
-6 -13 1 1
6 3 -1 -16
-2 3 -100 0
60 0 10 -2
-2 -5 -100 2
-12 7 -1 4
6 -5 10 16
-12 13 100 -4
0 0 -100 4
60 2 1 2
-6 11 -10 -8
-2 3 0 -1
12 13 10 2
12 -3 10 -1
2 13 0 -8
-6 0 1 1
2 13 100 0
-12 13 -100 0
2 -2 -1 -16
2 0 1 8
60 -5 -1 8
60 -13 -100 -2
12 5 -1 -8
-12 2 -100 -16
-6 3 1 2
6 7 0 -16
-2 -7 1 -2
2 11 0 2
60 2 0 -8
-12 2 -1 -16
-60 0 -1 1
12 13 100 -1
2 -5 0 -1
-2 11 0 -1
0 -7 100 8
-6 11 0 -16
-60 -5 1 -4
0 -7 0 -4
60 0 1 4
2 -7 1 4
-2 -2 -1 0
0 13 100 16
0 -2 100 -16
-60 -5 -10 -16
12 3 -10 4
-60 7 -1 -4
-6 -7 -100 4
-6 -11 -10 -16
-60 7 0 8
-12 -13 1 4
-6 -11 10 -1
12 0 100 -2
60 -13 -10 1
6 3 -1 -1
0 -2 -10 4
12 -3 -10 -1
-60 -7 1 -4
12 -7 -100 0
12 3 10 -1
6 -11 -10 4
0 -2 -10 -2
-60 -7 10 -4
-60 -2 -1 16
-60 -3 100 8
-6 3 10 -1
1 1 1 1
-2 0 -10 -1
60 3 -10 2
0 11 -10 1
-60 7 10 -8
12 11 -10 8
-2 -2 100 -1
-2 -5 -100 16
-12 -7 1 -1
-60 -11 -1 -1
12 2 100 -2
60 -7 -10 -1
12 0 0 -1
-12 2 10 -2
12 5 10 2
-12 0 0 -16
-60 -11 0 2
60 0 1 -4
-60 3 1 -4
0 2 -1 0
12 0 -100 -4
60 -11 -1 4
9 8 9 7
12 -7 100 4
-6 -7 0 16
-12 -13 -100 -4
-12 -3 -100 16
12 0 10 -8
12 -13 -10 8
60 7 0 8
-6 -11 10 -2
-6 2 -100 -1
-60 -3 -100 0
60 11 -100 8
60 11 -100 1
-6 -2 1 1
-2 -11 -100 2
-12 -11 100 -2
2 -13 -10 -8
0 -3 100 -8
6 11 0 -16
-60 -5 -1 -1
2 5 1 8
-12 3 100 4
0 11 0 -2
-6 -7 0 8
0 -5 -10 16
60 -13 100 16
0 -11 -1 4
0 7 0 8
-6 3 -100 -2
-60 -2 0 -4
60 -7 -1 1
-6 3 0 2
0 0 100 -8
12 -11 -10 16
2 2 -10 1
-6 -5 -100 -16
6 2 -100 0
-2 13 1 8
-12 2 0 8
-12 3 100 -1
0 0 100 4
12 -5 -100 0
-12 3 100 16
-6 13 -10 1
6 11 100 -1
0 7 -100 2
60 2 10 -2
60 2 100 16
-2 7 -1 1
-12 13 -1 1
2 -3 -10 -8
-12 7 -10 1
6 5 -10 -2
2 -5 0 8
-6 0 1 -16
-12 11 100 1
0 -7 10 4
0 7 1 1
2 -7 -1 -4
12 13 -1 8
6 -13 100 1
6 5 1 -2
-12 -7 -100 16
12 11 0 4
-6 -7 -1 4
-12 -2 -1 -4
6 -7 100 0
60 7 0 -16
-2 3 0 -8
6 13 1 2
60 7 -10 4
-60 -13 1 1
-6 -7 100 -1
2 -7 -1 -2
0 -2 0 2
6 3 10 -8
12 11 -100 2
-2 3 -100 -2
-2 -11 1 -8
12 5 1 8
0 7 0 4
12 2 100 2
-12 -3 1 -2
-2 -11 -1 2
0 -5 1 1
-6 -13 10 1
-2 3 -10 -4
-60 13 10 2
6 2 0 0
-6 5 -100 -8
2 5 -10 -16
-6 -2 -10 1
60 -3 100 1
60 13 10 -1
-60 -13 10 -4
12 -7 10 -4
12 -7 1 -16
12 -3 1 8
0 -13 0 8
-12 2 -10 -16
-2 3 -10 8
-6 -2 -10 -4
0 3 0 8
6 -7 -1 2
2 5 10 -1
-6 2 100 8
-12 3 10 0
0 -11 100 -2
-12 -5 -10 -2
6 -11 -10 -2
0 -3 1 -16
2 -13 100 2
-60 0 0 -2
2 7 100 -2
-2 -3 -1 16
2 2 100 4
0 -13 -100 -8
60 7 -1 -4
-12 0 100 4
0 2 10 1
0 13 1 1
6 3 100 16
-60 7 100 16
-2 2 1 -16
-60 2 -1 0
-12 -2 -10 0
-2 -13 0 -1
-6 5 1 0
6 5 100 8
6 -5 1 2
-12 -5 10 -16
6 -7 100 2
6 7 1 -8
0 -5 -100 0
-12 13 -10 -4
6 2 -1 2
6 -11 100 -1
6 7 0 2
-6 13 10 2
-2 -3 -10 -8
-60 -11 1 -2
-6 0 -10 -16
12 -7 10 0
2 5 -100 -16
-60 -7 100 -1
2 3 0 1
60 -2 -1 0
6 -5 -100 -4
-2 13 -100 4
-6 7 -100 -2
-12 7 10 -4
60 -5 0 4
0 -11 -100 -8
0 -11 100 4
60 13 100 4
-2 -13 10 4
-6 7 -100 -16
-60 -3 10 -16
0 -2 10 -4
0 3 100 2
2 -7 100 -16
12 -5 100 -8
2 2 -100 2
60 3 -10 16
2 11 -100 -1
2 -13 -10 2
12 -5 -1 -2
60 -2 0 2
-12 7 -10 -4
2 -7 10 8
-60 5 -10 16
-2 3 1 1
60 -5 -100 -4
-2 11 1 2
-60 2 -10 8
12 -2 100 -16
60 2 -100 -2
-2 -11 100 16
6 -7 -100 16
-2 11 1 -8
0 -7 -1 -2
12 -5 0 -16
6 -2 -10 1
-2 5 -100 1
2 -13 -100 2
-12 -3 10 -8
-60 0 -10 4
6 11 100 0
-60 -5 10 8
12 -13 -1 2
-12 13 10 -1
60 -2 100 0
0 11 -1 -8
12 13 -1 4
12 7 10 -1
12 2 -10 2
-12 -2 100 8
12 -7 -100 1
60 -3 -100 -4
0 -2 -10 -4
-60 13 100 -2
-12 7 0 -8
12 5 100 -2
-6 -7 -1 0
12 13 -10 2
2 -11 100 8
6 -13 -1 4
6 -11 100 4
12 -3 0 16
0 5 100 16
-12 13 -1 -1
-60 0 1 -1
12 2 10 4
-12 13 -1 16
-12 -3 0 8
-2 -13 100 4
60 7 -10 2
-6 -5 -1 2
-60 -5 10 4
0 -7 10 -4
-2 -7 10 -4
60 -11 -1 2
-60 -2 -10 -16
-60 2 0 4
-12 5 0 4
-60 3 1 0
60 -7 -100 16
-60 0 10 -4
-12 0 1 -8
6 -13 -100 -16
2 -11 -10 -4
2 5 1 -1
12 0 -10 4
-6 0 10 -2
2 2 10 1
-6 7 100 4
6 5 -100 1
-2 -5 10 2
-6 -5 0 1
-12 3 0 -1
0 -7 -10 -1
6 -13 100 0
0 13 -10 8
6 0 -100 4
60 11 10 -4
12 11 10 4
60 3 0 0
-60 2 0 0
2 -3 -1 1
-2 0 1 -16
0 5 10 2
-12 11 -1 4
-12 7 -1 2
0 -2 0 8
0 -11 100 -1
-12 -3 0 -8
2 -5 0 -2
-60 13 0 -1
0 3 10 -16
6 5 -100 2
-12 0 -100 -16
2 11 -10 -8
-6 -13 1 8
12 -11 10 2
-12 3 0 1
-60 5 -100 1
-2 -11 1 -2
0 3 -1 16
-6 3 1 -8
-2 -2 1 -1
3 3 3 3
60 -11 -10 -8
-12 7 10 16
-6 5 -100 2
-2 -2 -100 1
-12 -2 10 -2
-60 13 10 -8
-60 -5 -100 0
-2 2 0 0
-6 -3 0 -4
6 7 -1 -16
2 -11 1 0
-2 -3 -10 8
-2 0 -1 1
-12 0 -100 16
12 3 1 -2
6 -7 100 16
60 3 -10 -8
60 -7 -1 -1
-6 -5 100 8
-6 7 1 2
60 -13 -1 0
2 -2 1 8
60 -5 0 2
2 -2 10 -2
12 -3 100 -2
-12 11 10 -2
-2 -11 -10 -8
12 -2 0 -8
6 -2 10 -8
6 5 -100 4
-12 11 -100 -16
-60 7 1 -2
60 2 0 -1
2 -5 100 -1
-12 -13 1 -4
6 3 1 -2
-6 -3 1 -16
-2 7 1 0
12 -3 -100 -4
60 13 10 4
60 -13 -1 -16
6 7 6 8
-12 5 -1 1
0 5 100 -4
-60 -5 -100 8
-12 -2 10 8
-6 0 1 4
60 0 -10 -16
6 11 -10 -1
-12 -2 100 -2
-60 3 -100 16
0 -5 0 8
12 3 100 -1
-6 -7 100 -16
-2 -11 -100 -2
2 -2 -10 -16
-60 2 1 4
0 -13 -100 -1
12 2 -10 1
6 2 0 2
-12 -13 -10 8
60 -5 -10 0
-2 13 100 -8
0 0 100 1
-6 11 -1 -1
-60 -5 -10 8
-12 0 1 8
-6 3 10 -2
-12 -7 10 2
-60 11 100 0
-6 0 0 2
-6 -5 100 2
2 11 100 -4
0 -2 -1 -16
0 -2 -1 1
-6 0 0 -4
-2 5 -10 16
-2 5 100 -1
2 -13 10 0
2 5 10 -16
-12 7 -10 4
0 -13 10 1
-2 0 -10 0
12 7 -1 1
-6 -2 -1 -2
-60 -13 -100 -4
12 -2 0 8
0 -5 100 2
-12 -2 100 2
60 -5 0 8
6 -5 1 -8
-60 5 10 -1
-2 -7 100 2
-2 -2 -100 -4
-60 13 0 -4
-2 3 -100 16
-12 -7 10 0
60 13 0 -8
-2 2 -10 16
12 -11 1 -4
-60 7 1 8
6 11 1 -1
2 -2 10 16
-2 0 0 -4
2 -11 10 -2
-60 -5 1 -2
-60 -2 -100 -4
0 3 10 -1
2 13 1 -4
0 2 -100 -4
6 3 -1 1
12 2 10 0
-6 -3 10 4
-60 2 -100 -2
-12 2 1 1
-2 -11 100 4
-2 -5 100 -4
-6 -11 -10 -8
2 -2 -100 1
-60 -3 -10 16
6 2 100 -16
-2 0 0 4
6 -5 100 -8
-6 5 100 8
60 3 1 2
-2 3 1 -4
0 -7 10 8
0 2 -100 -1
-12 0 1 -1
-12 3 0 2
2 13 -100 -1
-2 13 1 0
2 -7 -10 -1
-60 -11 -10 -4
-2 13 100 0
6 -13 10 -4
-60 -7 1 4
2 -3 0 4
2 -11 1 -1
-2 5 -100 2
-2 11 -100 -2
-2 0 10 -2
0 -5 -100 16
0 3 -10 -1
-60 -2 -1 4
-12 0 -1 4
-6 -7 -10 -8
6 5 100 16
60 -3 100 -2
-2 -5 100 2
-6 -2 100 4
2 3 -10 -16
6 3 0 -16
0 -7 -100 16
60 5 1 -2
-12 2 0 4
0 3 -10 -2
12 5 -10 8
7 7 7 7
-2 -11 -1 0
12 0 -100 -1
-60 -3 100 -8
12 -11 -10 2
0 2 -100 0
-2 7 0 0
6 11 1 4
0 11 -1 -16
12 3 -100 -16
-6 -11 -10 0
12 2 -1 -4
-60 -13 100 -1
-2 -5 1 -2
60 11 -100 -16
2 2 1 -16
-12 -5 100 4
60 11 -1 16
-60 -11 0 -16
-2 3 -100 -8
6 -11 -10 16
0 -11 10 -16
-12 7 100 1
2 3 2 4
60 -5 -1 -16
6 5 -10 -1
12 -5 0 8
-60 2 1 -8
12 13 -10 16
2 11 10 -2
-60 -2 100 0
12 -7 -1 0
0 -5 100 -8
-6 3 10 1
-12 7 -100 0
-2 2 -1 4
-6 0 -10 -2
-2 5 -10 -8
12 0 1 4
-60 -3 1 1
6 7 -100 -4
-60 13 -100 4
-6 -11 10 -8
6 -3 0 -8
60 -2 -100 2
60 -7 1 4
-6 -3 -100 2
0 2 100 -4
-6 13 10 0
-12 3 -100 -1
-60 -3 100 16
-60 -13 0 2
-60 13 -10 2
2 5 -10 2
12 11 0 2
6 -2 100 2
-12 3 -100 -4
12 7 100 0
-6 -13 -100 -4
12 -3 10 -16
0 0 1 -8
0 -2 10 -8
-6 -2 0 1
-6 0 -10 1
-6 11 -100 -16
-6 3 1 4
-2 -3 10 0
-12 5 1 -16
0 0 -1 4
0 3 -100 2
2 13 10 1
60 3 -1 4
-12 2 -1 -8
-60 13 1 -2
2 -7 1 1
-60 -2 100 4
-60 3 1 -16
12 0 10 -4
6 13 100 2
60 -5 -10 8
-2 -3 10 2
12 -5 0 -2
2 11 10 -8
12 5 100 4
12 -11 0 -16
-12 11 0 -2
6 -5 -10 2
12 0 -10 -8
60 7 0 -4
2 -7 10 16
-60 -11 0 1
12 -3 -1 -16
6 -7 -10 4
-2 -3 -100 8
-60 -7 -1 -8
2 13 -1 -2
6 -3 -10 -8
-60 -11 -10 -16
-6 5 0 -4
6 7 10 1
-2 7 100 -1
12 -5 100 -2
0 -3 10 16
-60 -13 -10 -16
-6 -7 -100 -16
-2 5 -100 16
0 -2 0 -16
-12 0 1 1
0 0 -1 8
-12 -13 10 4
-60 -2 100 -16
-2 11 10 -1
2 3 -10 4
2 0 1 1
0 0 -1 1
-60 2 -1 16
-60 -3 100 1
-6 13 -100 -1
0 -7 1 -2
-12 5 0 -1
-60 -7 100 16
-60 5 -10 2
6 11 100 2
-6 -7 -10 -1
60 -2 -1 -1
2 7 -100 -2
-60 13 0 0
60 -3 100 2
-12 -5 -10 -16
-2 7 1 -1
-12 -3 100 -4
60 -2 -10 8
6 -3 -100 16
60 3 100 -2
12 -13 1 4
-6 0 -1 -8
-2 -13 1 -8
6 2 1 -1
0 -2 0 -8
12 5 100 -8
12 0 -10 -16
6 13 10 -8
2 -7 -1 4
-2 -13 10 -4
2 7 0 1
2 5 1 -8
12 -7 10 16
6 -7 10 -2
12 -13 -10 2
-2 -13 -10 0
12 -2 -1 -2
-2 11 10 16
60 -7 100 -8
60 0 1 16
0 -7 0 16
12 13 -10 -4
0 -13 100 16
-12 13 -10 -2
-60 0 1 -2
0 2 0 8
-12 -5 -1 16
12 -7 0 -2
-60 7 -10 4
-12 7 1 2
-6 -7 -10 -16
6 -2 100 0
2 0 -10 -2
-2 -13 -10 -8
60 -13 -1 16
6 7 1 -4
12 -5 100 -4
-60 -11 10 -4
12 -13 100 2
-6 5 -10 0
12 7 -100 4
-12 5 -100 -1
-60 -3 10 8
-12 -3 -1 -2
-6 5 0 -16
2 3 -10 1
-6 5 10 2
2 3 -10 0
-60 11 0 16
-12 -13 1 2
12 -2 -100 4
-2 5 10 1
12 2 -100 -4
12 -7 100 -4
6 0 0 2
12 0 -1 2
2 -3 100 1
-12 7 100 8
4 4 4 4
-12 -7 -100 1
-2 -13 -10 -1
0 5 -10 -1
2 -5 -1 -16
2 0 1 -1
-12 5 10 -16
12 5 1 -4
-60 3 0 -2
60 3 10 1
12 -5 0 -8
6 -7 100 -1
0 5 10 -16
0 13 10 1
12 0 0 2
60 11 -100 -8
6 2 -10 -4
12 -2 -100 -1
-60 -5 -1 -16
12 11 10 -8
12 -2 100 16
6 0 0 4
-6 -7 -100 -4
-6 2 100 -16
0 2 1 -4
-12 -5 -10 4
2 13 10 0
-2 11 10 1
-12 5 -1 16
6 -7 1 -1
2 -11 -100 2
12 -2 -1 16
60 5 0 4
0 -3 -100 -8
12 7 -100 16
60 0 -100 2
12 7 100 4
-2 -13 -1 -4
2 13 -100 16
-6 -13 1 -2
-6 -5 0 16
-2 -3 1 -16
-6 -7 10 2
0 2 0 4
-12 -2 -100 8
60 3 -100 -4
-60 -11 1 0
-60 -3 -10 0
-12 11 -100 8
60 2 100 2
60 -7 -10 2
12 13 10 1
-60 13 1 8
60 2 10 -8
0 11 -1 -4
2 -5 -100 4
-60 11 10 -4
-12 -2 -10 -1
-2 -11 -100 8
12 5 -1 0
0 3 100 -1
-60 -5 -1 -8
0 -2 0 0
12 7 -1 -2
-2 0 -100 -2
-12 -7 -10 -1
6 2 -100 4
-60 -7 100 -16
60 -11 -100 -4
-60 -5 -100 16
-60 -5 -10 2
12 3 -100 -2
2 3 -100 16
0 -11 -10 -8
2 -13 -10 16
-60 7 0 16
2 13 -1 16
-6 -5 10 -4
12 -3 -100 2
-12 -5 -10 1
2 11 -10 1
-60 -11 -100 -16
6 5 1 16
12 -5 -10 -16
12 -13 -1 4
-60 3 0 -8
-2 11 -1 -16
-6 -2 0 -2
0 -3 0 -16
-6 5 -100 -1
0 7 1 4
0 13 100 0
6 2 -1 -2
60 13 10 1
-12 11 1 1
-2 -11 1 -16
-6 -11 1 -4
-6 -11 -100 1
-6 -13 1 -4
-2 3 10 8
0 11 100 2
-60 3 0 4
60 0 -10 2
6 -3 1 -8
-6 -5 -100 0
-12 13 1 4
-6 5 1 -4
6 5 -100 -4
0 -13 1 8
-2 -7 -100 -2
0 3 1 -1
-6 5 -10 1
0 13 -1 2
-2 -2 1 4
-6 11 0 1
-6 3 -100 -4
-2 11 1 -2
-2 -11 0 8
-2 7 -10 1
2 -13 10 -1
0 -13 -1 0
60 -11 1 -2
60 3 10 -4
-2 5 1 -2
-12 -11 -100 8
12 2 -10 -16
60 -7 10 2
12 0 1 -4
-2 0 100 -1
12 2 -1 -8
-6 13 -1 0
0 -7 -100 1
2 11 -100 2
-6 -5 10 16
-2 -11 10 8
60 -5 -10 4
60 7 100 -8
-6 2 -100 -2
2 13 -10 0
2 -5 -1 8
12 -2 1 -2
2 -11 -10 -1
6 11 0 0
-60 -5 -100 -16
12 2 10 -2
12 3 0 1
60 7 -100 -16
12 3 -10 0
0 2 0 -4
6 -7 1 4
-6 13 1 0
-2 -2 -100 16
-60 5 -100 -2
6 -5 1 4
-6 2 -1 -16
-6 -11 -1 -4
-2 2 10 1
-6 3 0 16
2 0 0 -8
60 -5 -100 0
-60 5 -1 4
6 3 0 0
0 -13 10 -8
12 -2 -100 0
-12 7 10 4
-12 5 -100 0
0 2 -100 2
2 -2 0 -1
-60 3 -10 -16
-2 7 0 2
6 2 -1 -1
-12 -2 1 -2
-60 -3 -1 -8
6 -7 -100 1
0 5 0 16
60 2 10 0
-12 -7 100 8
0 3 0 1
-2 11 1 -4
-60 -7 0 -8
-60 -5 -1 0
-2 2 -10 -16
-12 -13 0 -8
6 13 10 0
-6 7 1 4
0 -5 -10 -2
60 11 -1 -1
-12 -5 -1 8
-2 11 -10 16
-2 7 -10 -8
-2 2 100 0
0 0 -10 -4
0 -2 0 1
0 13 10 0
-12 13 100 1
60 0 100 8
-2 -7 -1 -16
6 0 10 -16
12 -7 -100 -16
6 5 1 4
-6 -2 1 -4
2 -2 -100 -4
0 -5 100 1
-60 3 1 -8
-60 -3 0 -8
-60 3 10 -8
12 -2 10 16
-2 7 0 1
-12 3 10 16
60 -7 -1 4
6 11 1 -2
6 5 1 8
-12 -2 -1 1
-12 2 0 -1
-12 -5 -100 4
12 -3 -10 8
-60 -5 10 -4
12 13 -10 -16
6 -3 10 -2
1 2 1 3
60 -2 0 -2
-2 7 -1 -8
2 13 -1 8
-6 7 0 8
-6 2 0 1
60 -2 -1 1
-2 7 10 -2
-60 -2 -10 -8
-2 13 1 4
-12 -11 10 8
0 0 -1 -4
-12 -11 1 -1
-60 0 -10 -2
12 3 -1 -2
-60 0 -10 -1
60 5 10 -1
-2 13 0 1
-12 -11 -1 1
6 -5 -10 -4
-2 -2 10 4
2 -11 -100 4
-60 0 100 -2
0 -5 10 -1
-12 5 0 2
0 5 -100 -4
-12 -2 1 -16
0 0 10 16
0 11 100 8
60 5 -10 -8
-60 -2 -10 8
-6 5 0 1
2 3 -10 -4
0 5 0 -16
-12 -11 100 -1
60 2 10 2
2 -2 -10 -4
-2 13 -10 4
6 2 100 -8
60 13 1 -4
0 -3 -1 -8
-6 -13 1 2
-2 -5 10 -1
-6 -7 100 2
-6 -11 1 4
6 -13 100 16
2 5 -1 8
-6 -13 100 1
-6 -7 100 0
-6 -5 10 -2
-2 -2 1 -8
-12 -13 1 16
6 7 1 0
12 -11 1 0
2 -5 -100 -1
-2 13 -10 -8
2 0 -10 -1
0 -2 -100 -8
-60 -13 1 4
60 0 -100 -4
12 -13 -10 4
0 -2 1 -2
8 8 8 8
-60 -13 100 1
60 0 10 -4
2 2 10 2
12 7 0 2
-12 -2 0 0
-60 -13 0 8
2 5 10 0
-12 0 10 -2
-6 -7 1 8
-12 13 -10 4
6 3 -100 -1
-6 -11 1 2
60 -7 -1 2
60 -13 -1 -8
-2 3 1 -2
6 0 -100 -16
12 5 -1 -4
-12 -5 -10 8
6 -7 -1 0
-12 0 0 4
-6 5 1 8
60 11 100 0
60 7 -100 2
-12 7 100 0
-6 11 100 4
12 -5 -1 -16
-60 5 10 -16
6 2 100 4
0 7 0 1
60 5 -1 2
-6 5 1 -1
60 7 -1 4
60 0 10 1
0 -7 -10 16
-60 -3 -100 2
-6 -2 10 0
0 -13 -100 -16
0 -3 0 -2
-6 -11 100 -8
2 7 10 -8
-60 -13 1 0
-12 13 -1 -4
-12 2 1 4
2 -7 -10 -4
6 -7 -1 -8
2 0 -10 4
-12 11 -100 4
2 0 -10 2
60 5 100 8
-6 -13 1 -8
6 -5 10 -8
0 -5 0 1
-2 -5 -10 -1
-6 -5 1 2
-2 -5 -10 4
-60 2 10 0
-60 -7 1 0
-2 5 -100 -4
-2 13 10 8
6 -7 -10 0
-2 -7 -10 -8
6 -3 1 -2
6 -7 100 8
-12 2 -1 -2
-6 -11 1 1
-12 0 10 1
-12 3 100 -4
12 5 0 4
12 -13 -10 -8
60 -3 -100 0
2 7 1 2
12 -3 1 -8
2 13 -10 2
2 5 -10 -2
6 13 0 16
60 7 1 4
2 -13 -10 -1
12 -3 100 -4
0 -11 0 1
-2 13 1 -4
-12 -3 -1 4
-2 -7 -100 -16
60 0 -100 -8
60 3 1 0
-6 -3 -10 2
60 -13 100 4
-6 5 -1 -8
-12 -5 1 8
2 13 100 4
-12 -3 -100 -2
-2 -11 0 1
60 -7 -1 -8
-60 -13 0 0
-12 -11 -10 -1
0 1 0 2
-2 0 -1 -2
6 0 -100 -8
0 -7 -1 0
-6 -11 100 4
60 2 100 4
-6 11 -10 -2
60 2 -1 -2
12 -5 1 -2
-6 -5 -100 -8
-2 -3 100 -4
2 -3 1 -8
60 -13 10 16
6 -2 10 -16
6 -5 0 -16
60 7 -100 4
2 11 -1 0
6 2 100 16
2 -2 -100 4
60 -5 0 -2
-12 5 10 0
-60 7 100 0
-12 -13 -100 -8
-60 -13 -1 2
2 7 1 0
-6 0 -1 4
0 3 -1 -2
-6 0 -10 2
2 -7 10 -1
-2 -11 1 16
-2 -7 10 4
0 5 1 8
-12 5 100 2
6 5 -1 0
2 0 0 -2
-6 13 1 4
12 -3 -1 2
12 2 1 -16
-2 -11 1 2
6 -13 10 2
6 -2 -10 4
60 -3 10 2
2 0 100 2
2 -3 -100 16
0 13 -10 1
2 7 -100 1
-6 -11 100 0
60 13 0 0
60 0 -1 -2
-6 5 1 16
6 -11 0 2
-12 -7 -1 8
12 0 1 -2
-60 13 10 4
-6 -2 100 1
-60 -13 -10 -2
-12 0 -10 -4
-2 5 100 16
2 3 100 2
0 13 -10 -1
6 -11 100 -2
-12 11 1 -4
-60 -2 1 1
60 0 0 -4
60 3 -10 -1
0 -13 1 -16
6 -5 1 0
2 -3 1 -16
-60 3 100 4
0 -2 1 -16
-2 -7 -10 2
12 -3 0 -4
0 -13 100 -16
-2 0 10 4
6 13 100 4
-12 -3 100 16
6 3 1 8
-60 -3 100 0
-12 -13 0 1
-6 -5 1 16
6 -7 0 0
60 0 1 0
12 -5 100 4
-12 -11 -100 0
60 -3 10 -16
0 0 -100 -4
6 -5 -10 4
-6 13 0 4
-2 3 0 8
-2 3 10 2
-60 2 10 -16
6 0 -100 -1
-6 -2 0 -1
12 2 0 -1
-2 -11 -10 -16
60 -13 -1 -1
2 -11 100 -8
2 2 2 2
60 13 -1 8
0 -11 100 -8
6 3 -10 -8
2 2 100 2
-2 -11 -1 -2
6 -3 0 16
0 0 100 -2
12 3 10 2
-12 3 1 0
-12 -11 -10 4
-2 -7 -100 -1
-12 -5 100 1
-6 -3 -100 -16
-6 3 -1 -2
-6 -2 -10 2
2 7 10 8
-2 -7 1 2
6 13 1 4
2 13 100 8
60 11 10 2
0 7 100 -8
0 -7 100 0
-60 -2 0 0
2 0 1 -2
-60 -13 -1 -1
12 7 -1 0
-6 3 10 -16
-6 -7 10 -8
-12 -7 -1 0
-12 -11 1 -16
-2 -5 0 -16
-2 3 1 4
-6 7 100 1
12 -7 -1 1
-2 5 -100 0
6 -13 100 4
0 -11 -1 -4
60 11 1 -1
-60 3 10 2
-60 2 1 0
60 -2 0 -16
60 -11 1 -16
-60 11 0 4
12 3 -10 -8
12 -13 -10 1
-6 0 1 8
12 -13 -10 -16
-6 13 -10 -4
2 -13 0 -4
60 3 100 1
-2 -3 -10 -16
2 -5 -100 -16
6 2 1 0
-12 -2 10 -1
-12 -2 10 1
2 2 -100 0
-2 5 10 4
-12 2 100 -2
-6 3 -1 -16
-2 -11 1 -1
-60 -5 -1 1
2 -3 100 16
2 -3 1 8
2 13 1 8
-6 -13 100 -2
-2 -3 0 -2
2 3 1 -8
-60 -5 100 8
2 2 1 4
6 -5 0 -4
-2 -3 0 4
-60 2 -10 -2
-6 -5 100 -2
-2 13 -1 -8
6 -7 -1 1
8 9 8 10
0 2 1 -1
2 -5 -1 -2
-6 -3 100 -4
6 -2 1 8
-6 3 10 0
2 -13 -100 -4
-6 -5 -10 -16
-6 -5 0 4
2 -5 1 1
60 2 -10 1
0 -5 -10 0
-6 5 100 -4
60 5 -10 -2
0 11 -10 -1
-6 13 0 -8
12 7 1 1
12 2 1 4
-60 -13 -1 8
12 -2 0 2
-60 -7 10 0
-12 3 -100 -2
-2 0 100 4
-12 -11 -10 16
12 5 -10 -8
0 -13 -100 16
-60 -11 10 0
60 -3 -1 8
12 2 1 -4
-12 -3 -10 -1
60 2 -10 4
12 11 10 8
12 -2 1 -4
12 -11 100 16
-60 3 -1 -2
60 -7 0 4
2 5 100 2
12 13 0 -16
0 7 -100 -2
2 13 0 -1
-60 7 -1 2
2 -7 0 1
-60 -7 10 -16
0 -3 1 -8
12 3 -1 16
60 7 100 8
6 -5 -100 -1
0 -3 1 4
12 -11 0 0
0 3 10 0
12 13 10 -2
12 -11 -1 8
-12 13 -100 -2
-60 2 -100 1
60 0 100 4
-2 13 -10 2
2 2 1 8
60 13 1 16
60 7 0 1
2 -3 -1 16
-2 3 -100 -1
60 11 -100 2
-2 -3 10 -8
12 2 0 -8
-2 -7 -100 -8
-6 13 100 -4
-60 13 1 -4
60 11 -10 0
-12 13 100 2
6 -13 10 -2
-12 3 1 8
12 13 -1 -2
-2 7 -10 -16
-60 5 0 -16
6 7 10 4
0 -2 10 4
12 -13 -10 -4
-12 -11 100 0
60 7 -100 8
-60 -11 100 -8
-6 -11 -10 8
0 11 100 0
6 7 1 8
6 2 1 8
12 2 -10 -8
12 -3 0 -2
-60 -7 10 -2
2 13 10 2
-60 2 -10 -4
2 0 1 -8
12 -3 100 0
-6 -5 -100 16
-60 -11 100 16
60 -5 -1 -8
12 -3 1 -1
-6 2 -100 2
2 -3 -100 8
0 7 1 -1
12 7 -100 -1
12 -3 -100 4
-6 -7 0 0
2 -3 100 8
-12 5 -10 16
60 2 -100 1
-2 -3 -100 -16
-2 -3 100 16
-60 13 -10 0
-2 0 0 -1
2 -13 1 -8
60 2 -100 -4
-6 7 0 -16
6 0 0 0
12 11 0 -4
2 11 -10 16
-12 -7 -1 -4
-60 -7 -10 -1
2 -5 -10 8
6 -11 1 -2
6 11 -1 2
12 -3 10 8
12 -2 -10 1
-60 2 10 -1
2 7 -100 -16
0 0 -100 2
6 -5 100 4
12 -2 1 -16
6 -3 -100 -16
12 3 1 -8
6 5 10 -2
6 3 -1 -2
-12 2 -10 16
2 -7 -1 0
2 2 100 -4
60 -3 1 -2
-12 11 1 2
-12 0 100 2
-6 -5 -1 1
-60 3 1 4
60 5 100 -4
-6 -2 1 8
6 -3 10 -4
12 -3 1 -4
-6 -2 0 -16
-60 13 -100 -4
60 13 10 -16
-60 13 10 -16
-6 2 100 -2
-12 7 -1 8
-60 13 10 0
-6 -13 -100 16
-6 0 100 0
-60 3 10 16
-2 3 0 2
2 -13 -1 0
-12 0 -100 -2
0 -7 -1 16
-6 11 -100 8
2 2 10 -1
60 -11 10 1
6 13 0 0
-60 3 -1 -1
12 -3 -10 16
-6 5 100 -1
-2 7 -10 4
-2 3 10 -4
6 -3 10 -8
0 -11 0 2
12 7 0 -4
-6 -5 -100 2
60 -2 1 -2
-6 0 0 -8
2 -5 1 0
-12 13 100 8
6 11 10 -8
60 0 -10 0
-6 3 -1 1
-2 7 10 0
-12 5 -1 8
60 11 100 4
-60 3 -100 -8
-2 -3 10 8
-12 5 10 -1
-2 2 1 16
-60 13 -1 -2
-60 -11 100 -1
2 5 0 0
60 -7 0 -2
0 -5 -10 -4
6 13 1 0
12 11 0 -8
0 7 -1 0
-6 2 100 -4
60 -11 -100 -2
-6 -7 -10 4
-6 3 100 2
6 11 10 -2
2 -2 -10 2
6 -5 100 16
60 0 -100 0
0 -7 100 4
-6 2 -1 2
-12 -11 -100 -2
6 -5 100 -2
-2 -13 -10 -4
0 3 100 -8
-12 11 100 0
0 2 100 -16
2 13 1 -8
-12 -7 0 16
-12 3 0 -16
12 -7 -1 -1
12 -3 10 -4
2 -3 -10 -2
6 0 1 16
12 5 100 -1
2 13 100 -1
-60 7 -100 -16
0 0 10 -4
6 -3 -100 -4
-60 7 -1 0
-12 13 -1 -16
12 -5 10 16
-60 -7 10 2
12 5 -1 16
0 -7 -1 2
60 13 -100 8
-60 11 -1 1
-6 -3 -1 2
2 2 100 -1
60 3 -100 -1
-12 -7 -100 -1
-60 5 1 -2
3 4 3 5
-12 0 -1 -16
60 -3 0 1
2 0 1 -16
-2 13 -10 -2
0 11 10 -1
-12 13 -100 4
2 7 -100 2
0 5 -1 16
2 -7 -100 -1
-6 3 -1 0
-2 11 -1 -8
12 -5 1 -4
-12 -3 100 4
0 5 -100 16
-6 7 -10 4
2 11 1 -1
60 0 -100 -2
6 -13 -100 16
-2 -5 100 -1
2 -3 1 0
-6 11 1 -16
-60 -13 -10 0
0 -3 1 0
-2 13 0 -2
60 3 -100 -16
-12 3 0 -2
6 -13 -10 2
-2 11 -10 1
60 -7 10 -4
-12 -2 0 -16
12 -11 1 8
-60 -2 10 8
-12 -7 0 -2
-12 13 1 -2
-6 -3 -1 -2
-12 5 0 0
2 -7 1 2
12 2 1 0
6 11 -100 -2
60 -13 1 0
0 -5 -10 1
12 3 1 -16
-60 -11 0 -2
0 0 -1 -8
60 -2 100 -1
0 13 1 -1
-60 0 100 2
6 -3 1 4
-12 -13 0 16
0 -2 10 -16
-60 -7 -10 1
-6 -5 1 -16
-2 7 100 1
0 -7 0 2
2 11 100 16
12 7 0 -8
-12 0 0 -1
12 -11 -100 -2
2 -3 10 0
6 2 1 4
12 0 -100 16
-12 -5 100 8
-12 3 -100 4
-60 2 -100 -16
2 11 1 -2
6 11 10 8
0 -11 -10 -4
60 0 10 0
12 -2 -100 -8
0 -5 10 8
12 5 0 -8
-2 0 1 16
0 -7 100 -4
-6 -2 10 8
-2 -3 -10 -2
-12 5 10 -4
2 -13 100 1
-12 -13 -1 -2
12 -5 1 2
5 6 5 7
-60 -11 -1 -8
6 -11 -10 2
12 -5 -100 -2
-60 0 10 0
-2 11 100 -2
0 7 1 -2
-2 -3 -100 -4
-12 -3 -100 -1
0 11 1 2
60 -7 -10 -4
-2 -11 100 2
-2 13 100 -4
12 0 -1 -4
-2 -11 1 1
-2 -2 0 -2
-12 -2 1 8
-60 -3 10 -4
-2 -11 -1 -4
0 11 1 -8
-2 -5 100 0
-2 -5 -1 0
0 2 -100 8
2 -5 -1 2
-6 -11 1 16
2 -13 -100 -1
0 2 0 16
-12 0 -1 1
6 -11 100 -4
-12 0 -100 0
0 3 100 -2
6 -13 0 2
6 -5 0 2
-12 -13 100 -8
6 -5 0 4
0 7 -10 -16
2 -11 -100 -4
2 -7 0 -1
60 7 -10 -1
-60 0 -100 0
-12 2 10 16
-2 -2 10 -4
-60 11 0 8
-12 -13 -100 -2
-12 -13 1 8
-2 -7 -10 -16
-6 -2 -1 16
6 11 -100 2
12 2 10 -1
-60 -2 -1 -16
6 5 -10 1
-12 -3 0 16
-6 -13 -10 -4
60 3 1 -2
6 3 0 2
-2 7 0 -16
0 13 100 -2
-60 -13 10 8
12 13 -1 0
-2 -5 1 0
12 3 1 4
-12 13 100 -16
-2 13 100 -16
-60 2 0 -8
6 2 10 1
-2 -3 0 -8
-2 2 -10 4
0 11 0 16
-12 7 1 -1
0 -7 0 -2
0 11 10 0
2 -7 10 -8
2 5 1 -4
-12 3 -1 16
60 0 100 -16
-2 13 -1 2
2 5 -100 4
-2 -7 -10 8
6 7 1 -2
2 2 -10 -4
-12 11 0 -4
-12 -11 10 -2
2 2 -100 -8
12 3 -10 16
-2 -13 -1 8
6 -2 0 -2
2 -3 -10 2
6 5 0 16
-60 -5 0 -1
12 0 10 4
-60 3 10 4
6 -11 0 8
12 7 100 16
-12 -13 100 16
-6 13 -10 2
-2 -7 -10 0
-2 -7 -1 -8
2 -11 -10 1
6 7 1 4
-60 0 100 -1
-60 -7 10 4
-60 0 -100 1
-60 -5 -10 -2
6 7 0 1
-2 13 -1 16
60 7 -1 -16
2 13 -1 2
-2 -7 100 1
6 -3 1 8
-12 -5 10 -2
-6 -5 100 4
-2 -11 0 -2
12 0 10 -1
-2 -13 -10 4
2 -2 10 8
-60 13 0 1
-2 -7 0 -1
-2 2 10 16
-2 13 -100 -2
-60 11 10 1
-2 7 10 2
-2 11 -1 -4
2 11 -10 4
2 13 -100 -16
0 -13 100 -8
2 -3 -10 -16
-2 -13 -1 -2
12 7 1 8
6 -3 -1 4
-60 3 -10 0
-6 5 100 -16
6 -5 10 -1
2 -2 -10 -8
60 2 -10 2
6 0 0 -2
12 5 10 0
-6 -2 0 8
-60 0 0 1
2 5 1 2
6 13 1 -8
0 -2 -100 -1
60 -11 -10 1
2 -5 -1 -1
-12 -3 -1 0
-60 -5 -10 -1
-2 -11 -1 -1
0 -2 -10 1
6 -3 -100 2
-12 7 0 -1
-6 13 1 -16
0 13 1 -8
2 0 0 -16
-2 -13 -1 16
6 -11 1 0
6 0 100 -1
-60 3 100 2
6 5 100 -8
-12 -3 -10 8
6 11 -10 -2
-2 -3 100 -2
-60 3 -10 -2
0 -3 -1 1
2 -2 100 -16
-60 2 0 16
-2 -5 1 -4
2 5 100 -8
2 0 100 -1
-2 7 -100 -2
6 -11 100 16
60 -11 -1 16
-2 -11 100 8
-12 13 -10 8
-6 11 100 -8
-12 0 1 4
-2 7 1 -8
-12 7 -10 2
12 3 -1 2
-6 -3 -10 16
-12 11 -10 0
2 11 0 -8
-6 -11 0 -16
60 -3 -1 4
-12 -11 1 2
0 -2 1 -4
-60 11 -100 -4
-6 -7 -100 2
-6 2 100 1
6 11 1 2
6 -11 -10 8
2 -5 -10 4
-60 -11 0 4
6 0 -10 -4
-2 -11 -100 -4
6 -13 10 -1
12 -5 10 -2
-6 13 0 -16
6 13 1 8
-60 -11 -10 2
-12 -13 -1 4
12 13 -10 -8
-6 13 0 -4
0 2 100 -8
60 13 100 -1
6 -2 -1 -4
-60 -7 10 1
-6 0 100 8
60 3 100 4
6 13 10 -16
60 2 1 1
0 5 0 4
-2 5 -10 8
2 13 -10 -16
-2 5 -1 4
2 -2 1 0
12 -11 -1 1
-6 -13 0 -8
0 13 -100 4
2 -7 100 0
-60 7 100 1
60 3 1 16
60 -2 100 -2
0 0 1 0
0 2 -100 -8
60 7 1 -2
2 13 -1 -1
-6 -5 -1 -16
60 3 10 0
0 -13 -1 -16
60 -7 1 2
6 -3 1 0
2 7 -100 8
0 -13 1 -4
-60 0 -1 2
-2 -7 -1 2
0 0 -1 -2
-2 2 -10 -8
-12 -7 -10 -4
60 7 1 -1
12 -2 -1 1
60 3 10 8
-12 -13 0 2
-6 7 -10 1
-2 -7 -1 1
2 -2 -10 4
2 13 10 8
6 -7 -10 -2
-12 3 1 -8
12 2 10 -16
-2 11 10 -16
60 2 1 0
-12 5 10 2
6 11 100 -2
-12 13 -1 2
-12 11 -100 -8
6 -2 0 -16
60 11 -10 -2
0 0 -1 0
12 -7 10 8
-12 11 0 0
-12 13 0 16
0 -3 -10 2
-60 13 1 16
0 7 -100 -1
0 3 10 -4
-6 -13 10 -1
6 2 -100 16
-6 0 -10 -1
12 11 10 1
-6 -5 -1 -8
0 -13 10 8
-12 0 -10 -8
-6 11 1 8
12 7 1 16
6 11 0 16
0 -5 -1 4
-2 2 10 -8
6 2 -100 -1
2 -2 100 1
-60 13 -1 -1
6 -11 -10 -8
-60 5 100 1
-12 3 -1 -8
-2 0 1 -8
2 -3 0 -8
-2 -13 0 -8
-2 -13 -1 0
60 0 -1 2
60 -5 10 1
-12 11 -10 -8
-2 -7 0 1
-6 3 1 -4
0 2 0 -8
12 7 -1 -16
2 -7 1 -16
-6 -3 10 -4
-60 7 10 -16
60 3 -1 1
2 13 -10 -2
-12 2 1 2
2 -11 1 16
60 -2 100 -8
60 3 1 8
12 11 100 -8
6 7 0 8
-2 -13 100 -16
0 -2 -10 16
2 11 -100 -16
12 13 0 -1
2 5 0 16
12 5 1 -2
60 2 1 -8
-2 2 10 -4
-60 3 10 -1
-12 0 1 2
0 -3 -100 16
0 2 1 -16
-6 -3 -10 -8
12 -3 100 -16
6 -11 -100 8
0 -5 100 8
-6 0 100 16
0 5 -10 1
60 11 1 2
60 7 1 8
-60 3 -1 -16
60 -11 100 0
2 -13 -1 2
-2 13 10 -16
-60 2 -100 -4
0 -7 1 4
2 -11 0 -8
6 11 10 2
6 0 0 16
12 -7 10 2
-12 7 1 1
60 5 -10 -1
12 3 -1 1
-6 2 1 4
-60 -13 0 -16
-12 13 0 -4
-2 3 1 16
6 3 -10 2
-2 2 -100 -2
2 -5 -1 -4
2 3 1 2
0 -13 10 -1
6 -3 10 -1
2 -3 0 0
-2 -5 10 4
-60 0 -10 -8
2 7 -1 2
-60 3 100 0
-12 -11 -100 -1
2 11 10 -4
-6 -3 100 4
-60 0 10 -2
6 0 1 8
0 -11 100 1
0 -13 -1 16
-60 5 1 -16
2 5 0 4
0 3 1 -4
-2 7 -100 -16
-2 -3 0 -16
-60 -3 -1 4
-6 7 100 0
0 -13 -100 2
-12 11 0 -8
-12 13 -100 -4
0 -2 100 1
-60 -7 -100 2
60 -3 1 -16
60 -11 0 8
60 2 10 -16
-12 -3 0 -1
-12 -5 -10 -4
2 -2 -1 -2
-6 -3 -1 1
-6 5 100 4
12 11 1 16
-60 7 10 16
60 13 -10 2
12 13 1 -8
0 5 1 0
-6 2 0 8
-2 11 0 -2
60 -13 -10 2
60 0 10 -1
9 9 9 9
2 11 0 -4
6 13 1 1
0 13 -1 4
0 13 10 8
-12 -11 0 2
0 -11 -100 2
0 0 -10 -1
60 -11 0 -16
-6 5 100 -8
12 -11 0 -4
-6 -5 10 -8
-6 0 1 -1
-60 -13 10 4
-6 2 10 8
6 -2 0 -8
12 2 0 -16
6 -7 -1 8
-2 5 1 0
12 -5 -1 0
-60 -5 10 1
-12 -3 -100 0
12 0 1 16
-2 7 10 -4
-60 -2 -100 0
2 -11 1 1
-2 -13 -100 -1
12 2 -1 -16
0 13 -1 -1
0 13 -1 -16
60 -2 -100 -2
2 7 100 -1
0 -3 -10 0
60 11 -100 0
-12 7 10 -8
6 -2 -10 0
0 -5 10 4
-2 -13 -1 -16
2 2 0 -16
6 7 -100 8
-2 -11 -10 -1
60 -13 -100 -8
-60 3 0 -16
-60 -11 -100 -8
-6 -11 0 0
-60 11 100 -4
60 13 10 2
12 -2 10 -8
-12 -7 0 -1
-12 5 100 1
6 5 1 -8
2 13 1 -1
2 11 100 -1
-60 -13 100 -16
0 5 -10 4
-12 -11 -100 2
-6 7 100 8
-2 -3 -1 -8
6 2 10 4
60 2 1 -16
0 3 1 2
60 2 100 0
-60 13 0 2
0 -2 1 8
60 0 -100 16
-60 -5 100 4
-2 0 -1 -4
-12 7 -100 -8
-2 7 100 -2
12 2 1 8
6 -3 100 -4
12 11 100 16
-2 11 10 -8
6 13 100 -4
-60 -3 0 1
-60 0 100 16
6 -2 0 2
2 -11 100 -1
12 -3 -10 1
12 5 100 0
12 11 -100 8
12 -13 100 -2
6 -11 1 4
-60 13 -100 -1
7 8 7 9
60 -5 1 -8
-6 3 100 4
60 5 0 -4
-2 -11 100 -2
-60 13 1 4
-60 -2 -1 1
12 0 0 1
-12 3 -100 -16
-6 7 0 0
6 3 1 1
0 -7 -1 8
0 -7 -10 -2
-60 -7 -1 0
-6 -11 -1 -1
-12 2 100 16
-2 11 -100 -8
-60 0 10 16
12 0 10 16
12 2 1 -1
60 5 10 4
-12 5 -1 -8
6 -7 0 -8
-2 7 100 4
60 -7 -100 0
-2 0 10 16
-6 -7 10 0
2 3 -1 -8
60 3 -1 16
6 6 6 6
-2 3 1 -1
0 0 0 0
0 0 0 0
0 7 -1 -4
-2 2 0 -16
6 -13 10 8
-60 -13 1 16
6 3 -100 16
12 -5 1 -16
2 3 0 -2
0 -13 -10 -1
12 -11 10 -4
0 -2 100 8
-12 -13 -1 1
0 -13 1 1
-6 -3 0 -2
12 7 10 -8
-2 5 0 2
2 11 -1 2
6 2 -1 16
-6 -13 0 -2
-60 -5 -1 8
6 -13 100 -1
6 11 10 0
0 2 -10 4
-12 7 -10 -1
60 7 -100 0
-6 -7 -100 16
2 3 1 8
-2 0 10 -4
-12 3 -1 0
60 -2 1 16
6 13 100 16
-12 -13 -100 -16
2 5 10 16
6 -2 10 16
-2 11 0 8
-60 -2 10 1
-12 13 -10 0
2 -3 100 2
12 7 -100 -4
6 0 -10 0
60 11 1 -16
0 -5 1 -8
-2 -3 -1 -16
-2 -13 100 8
6 -2 10 1
6 -3 -1 -16
12 2 -100 8
0 -3 100 16
2 5 1 16
-2 -7 0 -2
-60 -3 -100 -1
2 3 1 4
6 -3 -1 8
-6 -2 10 16
-2 -13 -1 4
-60 13 -1 1
6 -5 -100 -2
6 7 -1 -1
2 0 -1 1
12 -3 -1 4
-6 -2 -1 0
-60 -13 -100 8
-12 11 -1 -16
0 -11 -10 4
-60 -2 1 16
0 -13 1 4
-12 3 100 2
60 -5 10 2
6 13 -10 -2
-2 -3 100 -16
6 2 0 -8
-12 -3 -100 -8
-2 -5 1 8
60 -13 -1 8
6 -3 -1 16
-6 -13 0 4
12 13 -10 -1
-2 11 -100 1
60 -5 100 4
6 5 100 1
12 5 -100 -16
-12 -11 -1 2
6 7 0 16
2 2 1 1
6 0 100 1
12 -7 1 2
-2 5 100 -4
-2 -2 -10 1
2 7 -1 -4
12 -11 1 4
-2 -3 1 1
60 0 0 -1
-2 11 1 1
-12 -3 100 1
60 -5 -100 4
-12 3 1 -1
-2 5 1 2
-12 5 -1 -2
-2 5 -1 -2
0 -5 10 0
12 -5 -10 -1
6 7 -10 -4
-12 -13 10 16
12 -7 10 -2
2 7 -10 8
-6 7 0 -2
-12 2 0 -4
-6 0 -100 16
-60 7 100 8
2 -3 -100 1
2 -2 -1 -1
12 -3 100 -1
-60 -13 -100 -2
6 5 10 16
-12 -2 1 -4
12 3 100 -8
-60 -7 -10 -8
0 7 -100 -16
6 3 10 -16
2 -7 0 2
2 5 -1 -1
-60 -7 -100 1
60 -11 10 2
-60 -11 0 -8
-2 5 -10 -4
-2 13 0 4
-60 -11 1 -16
60 -11 -1 -2
12 11 100 4
0 3 0 4
2 13 0 -2
0 0 100 2
60 -13 1 -2
-6 7 -100 4
0 3 0 -8
0 7 1 8
6 -3 100 -1
12 -7 -10 8
-12 13 1 -16
60 13 100 -16
60 2 -10 16
2 11 -1 -4
60 -7 -1 -4
0 5 1 1
-60 -2 -10 16
12 13 -100 4
-2 -13 0 2
6 -2 10 -2
0 2 100 -1
-12 13 -10 1
-6 3 100 -4
6 3 -1 8
-60 7 0 0
12 -7 10 -16
-6 -5 -1 16
-2 -5 -10 -4
-60 11 -10 0
12 -7 100 16
2 11 -10 -16
-6 -13 -100 -16
2 -13 -1 4
-6 -7 0 -2
12 5 0 -16
-12 5 100 -8
2 -5 1 -8
6 -2 -100 -16
2 -11 -1 -2
12 0 1 0
-12 3 -1 4
6 5 0 1
0 0 1 16
-2 2 100 -16
-2 13 1 2
-2 5 1 -8
0 7 100 16
-6 -11 10 4
-60 -5 0 8
0 11 1 -1
2 7 -10 2
0 13 100 -1
