3 14394
5 3691
1 34039
8 97179
1 25025
9 32930
4 16877
7 42031
2 331
4 12523
8 62676
2 62598
8 23532
3 62556
2 46628
1 9530
7 86641
2 11262
1 35627
6 91688
3 27752
6 91875
0 38139
0 95559
9 10946
1 55516
3 20901
2 64945
9 27816
6 50747
0 96558
7 68212
3 68971
2 28659
3 12412
4 41378
6 45672
2 62760
4 65269
8 78861
1 89129
7 2037
9 97497
4 38442
4 27763
6 69439
9 28687
3 36519
1 52868
0 14734
0 5015
4 18222
8 85254
2 39906
5 60933
2 76531
3 54159
7 69329
0 16054
0 94036
2 88775
9 55656
8 39007
9 39552
7 82277
9 62155
4 90791
7 93546
0 46983
5 48477
2 34181
2 89988
6 37223
3 26488
6 67649
2 386
3 14846
8 21260
3 64413
1 42744
3 56608
2 25178
6 79689
1 30031
0 93264
7 2083
5 31977
2 30963
9 53465
6 5689
8 76700
9 91021
5 75393
5 90911
4 72205
7 82251
1 52964
6 6750
3 45899
7 90196
2 37830
5 63883
4 15063
3 92753
3 59343
5 78421
9 63311
0 41426
8 28145
5 11333
6 61171
8 91943
8 35064
0 65572
2 52134
4 16819
9 66439
9 51450
1 23819
5 68091
6 70973
2 69755
7 6117
0 69045
0 39560
5 64671
5 34734
7 38432
9 54893
6 39514
5 85881
1 75817
9 70947
1 72516
6 81981
1 15075
6 33443
9 66211
9 97730
9 35415
7 56417
3 33849
9 75022
3 88868
6 28029
7 22222
7 45380
1 13887
3 69563
7 3322
2 84469
0 90707
7 47962
1 72218
8 93051
3 9146
5 3643
2 18128
8 93499
0 35615
4 99779
4 67913
3 40069
7 88143
2 78710
2 78501
8 57893
5 6008
2 19583
6 80937
0 26254
7 10182
1 12917
8 84612
1 4932
1 47648
4 2776
6 84665
0 94137
0 31012
1 22017
1 51594
5 7393
3 60256
6 12785
8 44839
8 10366
7 38019
7 29763
9 68870
4 94695
3 9365
6 6731
4 55768
2 30871
3 32656
5 61730
1 41214
8 97624
1 53337
0 72786
2 35344
6 10366
2 79014
7 71067
4 23828
5 22510
4 29693
9 66462
5 27479
8 96257
3 33966
5 16530
3 43451
1 74471
0 31347
3 31213
8 80146
4 58462
3 39585
7 43300
9 72022
1 82210
6 949
0 46747
9 7233
8 75539
8 74371
3 76638
9 3221
0 70731
3 92965
5 3360
0 8845
1 91260
2 26708
9 97501
8 63800
9 29282
8 75599
8 61755
5 16922
3 51459
6 335
2 20627
6 81086
9 11744
8 79439
1 45274
1 1423
2 25245
9 58390
4 67454
1 29309
5 5131
1 7155
5 18027
5 39452
4 96907
6 72444
7 48564
8 25657
4 66612
3 32745
1 44061
7 94636
9 45482
4 47415
4 56680
1 71740
5 26504
9 62673
9 28673
8 11248
3 72858
7 32466
4 62723
8 13169
4 33620
8 80881
9 25210
2 92511
6 63976
6 75433
3 97087
4 96710
9 59232
8 321
5 84395
9 92244
2 2208
9 78043
9 13027
0 46868
8 75391
6 95735
8 57922
4 20902
6 42076
3 45591
1 42031
6 85873
2 74852
7 7192
0 66583
1 57439
4 85249
2 43539
5 4726
4 15145
4 61758
6 18664
7 24844
2 5742
3 35316
9 64009
4 71387
8 31745
1 83536
5 71010
9 5638
9 91328
8 44045
9 11476
8 23623
4 6012
9 26928
4 79567
1 90234
8 381
0 19446
8 88533
8 20652
8 43459
5 46696
0 44066
9 75056
4 57857
5 7689
8 11736
5 12045
5 4271
6 50688
4 81159
3 13165
5 12074
2 30580
9 99842
2 97276
5 14453
3 45469
5 36678
6 188
9 70559
5 70903
5 67263
4 96289
5 64370
4 18216
9 58675
6 72891
1 64238
6 14419
6 70515
1 35995
0 38586
8 63721
0 7777
9 28237
0 34692
0 72501
1 29240
6 21171
4 83073
2 44219
6 13650
4 54261
7 29590
9 47197
4 63836
3 34405
7 62868
0 19970
9 1297
6 84238
0 97816
1 18417
5 89419
1 82970
1 70617
7 36842
7 26548
5 51845
9 41920
1 34278
0 76092
2 12226
2 12589
0 8339
5 13301
1 5164
1 65615
8 55735
9 63708
1 74002
0 78712
6 33995
8 74831
5 65457
4 39549
0 26689
8 6257
9 61524
3 73478
8 10631
3 81112
8 494
0 34921
3 40437
1 37843
9 34551
9 41685
3 24359
6 86027
3 52222
1 51103
2 99958
2 74526
3 95167
7 90517
0 53087
3 27414
6 54554
9 83948
8 54008
2 50708
6 28963
1 60980
7 31904
6 41418
0 24093
9 82744
8 42160
7 19747
6 70741
3 19988
2 87461
1 56486
5 96376
0 51429
8 20074
6 79367
1 27018
8 28505
9 3612
0 8708
4 32846
0 83699
9 23003
9 63337
2 98950
7 44345
1 41706
0 89685
7 66775
2 11124
3 35195
8 61843
2 27515
2 86175
4 63896
2 81420
3 59829
3 38152
9 59903
9 90649
6 76535
6 44567
8 72348
9 8640
1 84618
3 2592
0 51610
1 56953
0 63346
3 78870
7 24489
8 43050
5 65470
3 57833
2 71407
5 81208
4 90302
9 72940
6 20979
2 42708
6 31386
6 85546
3 69373
2 19327
4 77314
7 28498
2 13991
3 99801
8 98060
4 92417
4 32301
9 82358
1 8796
1 40683
9 41132
6 41898
4 18919
9 67436
6 5839
5 35628
6 75895
9 42447
7 21917
1 79147
1 37735
4 66550
1 62036
9 7365
3 17334
6 85769
3 81332
4 86985
7 50227
2 43978
8 86571
0 75821
0 28205
1 93102
8 32788
7 46892
0 52300
7 67068
0 4999
0 21495
6 22521
5 12221
8 85884
4 82791
4 72197
1 53185
3 79711
6 13832
4 36756
4 12853
7 18828
5 2575
8 86662
5 45734
8 19845
8 61871
6 73714
4 44818
9 39732
1 93599
5 85159
2 14691
7 91430
9 72028
7 86342
4 12424
6 95723
1 48688
0 12710
8 73852
5 1830
1 76823
8 7712
6 68866
4 41900
0 1020
7 58365
5 93325
1 82456
7 99908
0 50851
9 61267
2 40197
4 7618
5 36638
4 60312
3 27309
3 37433
6 75098
4 61998
3 19855
7 90913
7 10330
5 1343
2 33965
0 9123
3 64065
4 84557
5 80523
1 46057
9 61745
7 32946
1 88918
1 31403
3 27855
0 69170
4 96052
5 80790
5 35139
4 84683
4 34965
5 65194
7 91256
3 85939
9 39391
0 11227
9 16888
6 44332
8 53673
7 51037
0 48734
8 55872
8 16325
7 71780
0 79943
7 38857
9 8882
7 21066
1 24641
1 47906
7 52704
1 10748
4 79023
0 67422
7 73290
0 99875
5 99611
5 40504
2 13505
3 88525
4 11193
4 72344
6 86981
5 84847
2 76220
1 49928
9 2139
3 45285
4 99639
1 41307
3 28612
2 35579
4 85620
6 91148
9 67433
9 22065
8 93730
5 2707
0 54798
1 83815
8 91104
8 35518
7 85469
0 72068
3 99316
7 20467
1 23955
5 2755
4 88135
7 84243
6 96202
1 13084
0 32064
7 51063
4 61312
7 50725
2 41185
5 63775
9 88170
3 44807
3 15525
6 53366
8 95903
6 15112
5 28047
2 50364
0 95091
7 59579
3 43733
6 20167
1 73635
6 93516
2 29638
2 60545
6 38804
7 61711
9 62760
3 16899
5 53853
7 20167
4 58056
8 90428
6 8797
6 57059
3 72836
7 33774
4 63467
4 42086
2 56792
9 64133
8 97810
7 51460
7 18354
2 96392
3 46841
8 35938
1 35480
9 50640
5 98598
6 93635
7 55522
9 91483
6 11895
1 75386
8 10380
8 84273
3 94644
0 59979
1 26275
9 53897
5 85188
2 77120
4 47479
3 82547
9 97788
7 85966
6 57667
8 9613
9 52390
1 92675
4 81430
8 37622
0 54505
8 76312
3 65404
4 29467
9 96990
5 99653
9 33317
1 84607
4 6305
6 23826
0 91575
5 25237
3 68684
6 22268
6 56328
2 65276
8 55677
4 71953
8 82032
6 25846
7 16503
5 48520
7 10180
1 82602
7 19846
8 81904
2 15501
0 35986
2 12026
7 98820
6 52356
5 80756
6 6093
3 90515
4 63631
6 96004
5 48543
4 67639
7 72093
4 8603
7 7782
1 72620
9 47389
5 66869
5 29526
6 36249
1 95324
6 13210
1 56149
5 35430
7 46876
3 27683
4 46555
4 90865
2 20324
8 45777
5 66220
7 56160
8 90479
9 37833
1 66579
4 64611
0 71289
3 77003
2 14843
5 54524
3 22389
8 75912
5 19580
5 29364
1 21183
3 53643
6 54071
3 38971
9 32900
2 45836
8 47338
4 43281
2 29838
8 39264
2 676
1 34785
9 90736
4 10208
1 53462
2 20539
2 79771
4 59404
9 65199
5 70493
6 68647
3 49662
8 35491
8 28750
8 64732
9 31042
8 56825
6 5766
2 17810
1 17919
8 57116
0 69781
5 12324
0 21789
8 69834
0 5487
3 25497
1 21976
2 30241
3 10501
8 44515
7 85462
1 14241
4 57325
1 2292
0 86711
3 50684
8 28112
3 36350
0 10836
5 12295
5 6043
2 99662
1 15478
6 94260
1 18246
6 86476
3 62049
7 35284
7 59237
1 16088
7 25353
8 19557
0 52405
0 84058
5 8205
4 6997
4 85149
1 79810
1 31860
1 65297
7 82522
7 86358
4 62023
3 55814
1 72394
2 63143
5 3495
3 20772
3 10075
3 88881
6 33118
1 50104
6 16124
2 85175
5 60559
2 75056
3 80612
5 41973
8 25141
2 51673
9 95737
0 17958
2 68000
5 15440
6 48356
4 15088
3 70454
7 42174
1 10609
8 75411
5 54104
8 51886
6 52507
7 73991
2 72353
9 76761
5 30466
8 86749
3 65513
6 23879
7 34547
0 21502
8 87007
5 81749
2 66857
2 41266
1 84806
2 54130
1 9756
0 82934
3 22661
6 28611
0 15918
6 43208
5 86392
3 94350
0 95058
8 70792
9 55272
3 66309
2 3762
8 23537
7 25360
8 54443
5 50647
4 54871
0 53690
7 69392
7 1733
5 14513
7 50356
7 38566
2 85800
9 6946
5 55749
0 22620
7 71074
9 61764
2 49379
8 73669
4 81177
1 4222
4 74846
6 4738
9 746
9 78391
3 88477
1 88347
7 82824
6 18452
6 27193
5 89206
5 18713
3 38574
1 27982
9 4724
9 55987
1 35648
7 28344
3 28425
7 41830
4 49262
1 70688
6 35022
0 57405
2 95279
8 83911
6 1301
1 74735
6 53923
3 59389
7 90094
6 38836
1 121
9 43758
9 57982
2 27901
4 61467
6 94117
9 22936
7 66186
7 9100
8 97215
3 12883
5 36262
9 73073
6 53896
2 57695
2 91716
2 31957
1 458
0 55307
9 17713
5 66718
6 83479
5 43675
0 25475
9 410
6 69825
1 32821
7 79126
1 35975
3 21723
4 15220
0 10246
0 53946
6 82030
8 95677
3 99022
4 4865
8 94272
8 92892
4 75939
9 78245
2 220
0 4998
8 72477
7 53766
9 9060
3 51639
2 4995
1 81640
4 14300
0 6006
1 55615
0 3371
5 11930
2 33163
0 59157
4 68345
7 5724
8 34838
0 28554
5 6489
7 5837
7 30590
6 73225
9 51873
4 67477
3 24453
6 47933
1 49326
5 30524
0 12045
5 99894
3 59525
7 65695
1 90577
6 51468
1 86812
3 35978
6 49379
3 35183
3 4360
5 52529
0 97212
3 43853
