418 113 708 262 722 286 372 342 949 508 742 628
126 964 663 714 886 561 540 54 883 161 914 287
598 975 743 102 295 773 944 256 66 838 904 979
703 45 444 932 687 307 837 167 493 191 676 714
309 609 886 148 583 480 599 910 259 743 642 973
95 675 623 845 691 685 481 133 226 940 417 297
924 883 313 15 790 227 283 951 451 885 577 699
70 30 818 157 829 560 581 501 931 166 376 216
439 93 627 255 46 423 397 187 744 375 696 90
598 997 27 322 72 201 11 753 909 334 740 467
848 805 105 138 396 981 168 608 176 938 335 725
845 579 78 168 662 496 567 675 637 944 952 132
106 60 977 219 957 574 589 179 424 365 74 582
189 338 57 397 257 952 427 9 14 682 597 716
191 587 549 829 569 150 344 146 329 119 342 7
110 264 980 129 783 805 795 688 692 89 631 19
376 339 459 20 730 702 269 843 226 821 205 263
557 398 496 878 224 439 66 813 907 327 733 71
491 51 102 617 547 425 714 504 79 553 133 643
227 841 349 280 630 709 500 348 989 912 467 61
568 954 360 420 51 296 327 20 380 121 150 986
396 649 299 832 454 197 862 451 714 595 285 229
195 974 334 183 498 633 376 347 813 222 259 962
795 422 916 940 713 179 646 376 436 506 728 643
32 428 220 536 907 899 842 376 877 160 563 919
186 10 194 875 659 397 853 384 336 40 571 984
679 251 405 345 320 501 872 782 944 833 697 104
103 351 300 405 63 392 794 616 683 226 136 755
994 565 221 880 290 112 573 660 197 400 318 611
155 574 476 678 763 612 192 833 646 208 312 141
718 970 478 482 925 288 287 321 557 660 852 761
754 388 872 690 988 508 656 261 848 253 544 119
696 748 730 547 807 122 624 82 852 166 687 446
322 643 144 52 441 603 483 746 893 438 640 335
846 319 655 415 67 262 780 313 256 891 458 466
4 936 821 973 212 955 512 488 169 599 589 126
334 428 340 568 858 283 211 645 326 457 187 778
553 256 643 172 103 290 743 35 9 402 527 996
513 376 31 723 688 498 444 315 84 686 309 79
233 481 398 879 796 822 701 939 487 801 256 652
67 989 511 422 140 473 109 710 425 432 430 704
665 575 695 187 773 473 884 1 333 14 315 752
609 834 535 128 170 86 710 38 4 637 10 119
410 157 179 168 554 584 135 757 202 748 727 127
860 431 289 983 233 261 956 875 133 361 932 911
637 191 346 349 711 674 976 909 687 150 138 680
510 636 828 990 580 112 580 734 434 362 600 719
239 18 706 34 261 780 26 856 412 127 367 363
512 454 763 283 829 946 47 915 783 283 144 431
792 518 411 543 20 426 855 724 834 748 596 926
488 731 513 33 64 649 945 237 815 338 40 861
190 36 932 993 973 979 955 232 301 999 228 232
19 18 14 456 155 534 342 372 361 193 176 878
505 208 106 418 26 67 948 338 962 807 927 571
104 635 446 158 744 390 588 763 772 712 337 325
611 674 70 655 384 835 986 773 443 10 314 258
577 138 631 388 850 152 63 736 852 75 625 551
562 605 470 175 179 571 123 375 77 966 734 940
464 273 64 39 628 435 36 566 333 290 558 935
912 276 543 745 155 171 968 100 557 918 431 817
788 948 402 850 152 687 733 884 687 670 16 61
845 756 330 742 42 998 394 129 269 682 953 767
75 107 220 138 580 716 109 934 439 262 810 608
161 58 412 897 493 358 405 252 541 283 364 794
984 322 107 946 298 936 987 377 447 768 38 910
379 803 471 104 736 871 482 951 759 927 988 314
809 616 221 893 24 200 391 158 647 31 567 95
41 621 93 656 633 411 504 29 638 929 238 809
662 290 652 390 187 797 89 466 197 29 21 772
166 610 630 455 57 16 622 604 951 106 203 5
221 788 684 128 187 259 746 999 22 829 118 174
44 987 419 553 700 702 655 27 118 629 582 287
40 559 132 208 885 784 614 120 204 382 467 456
555 333 51 432 546 608 553 744 303 679 65 973
653 323 973 895 923 838 601 666 308 629 743 545
816 153 460 763 795 212 506 29 756 677 463 971
485 579 66 302 35 732 618 888 37 148 749 149
963 942 528 643 305 507 516 42 612 947 723 129
979 618 336 22 994 193 850 105 752 721 483 551
259 952 323 147 431 863 9 249 179 957 140 576
885 121 824 755 803 142 217 437 648 735 198 318
595 596 325 473 428 69 113 707 603 835 541 625
952 53 256 960 324 486 503 369 15 24 815 793
592 346 297 928 879 254 172 425 775 391 603 197
332 707 15 504 982 59 853 338 160 836 588 369
959 335 544 318 601 17 409 92 116 372 960 273
395 660 503 374 990 574 77 13 691 548 256 715
826 438 317 777 615 69 53 431 703 690 344 499
100 385 939 186 358 822 262 803 850 516 849 910
335 501 998 697 536 950 603 828 741 951 539 313
449 525 550 651 386 57 319 18 312 795 977 6
305 548 400 655 52 49 934 429 201 621 405 340
829 898 685 918 223 413 776 85 216 945 608 620
702 175 820 462 982 39 64 802 798 606 883 700
609 861 280 554 673 282 838 907 520 122 350 939
733 355 577 219 73 137 201 925 320 451 236 191
225 279 722 264 252 607 194 834 707 433 334 441
680 912 241 314 598 498 253 70 431 231 896 491
90 339 483 299 594 798 637 827 35 838 219 686
315 281 680 453 940 939 105 674 536 761 276 425
