113 262 286 342 372 418 508 628 708 722 742 949
54 126 161 287 540 561 663 714 883 886 914 964
66 102 256 295 598 743 773 838 904 944 975 979
45 167 191 307 444 493 676 687 703 714 837 932
148 259 309 480 583 599 609 642 743 886 910 973
95 133 226 297 417 481 623 675 685 691 845 940
15 227 283 313 451 577 699 790 883 885 924 951
30 70 157 166 216 376 501 560 581 818 829 931
46 90 93 187 255 375 397 423 439 627 696 744
11 27 72 201 322 334 467 598 740 753 909 997
105 138 168 176 335 396 608 725 805 848 938 981
78 132 168 496 567 579 637 662 675 845 944 952
60 74 106 179 219 365 424 574 582 589 957 977
9 14 57 189 257 338 397 427 597 682 716 952
7 119 146 150 191 329 342 344 549 569 587 829
19 89 110 129 264 631 688 692 783 795 805 980
20 205 226 263 269 339 376 459 702 730 821 843
66 71 224 327 398 439 496 557 733 813 878 907
51 79 102 133 425 491 504 547 553 617 643 714
61 227 280 348 349 467 500 630 709 841 912 989
20 51 121 150 296 327 360 380 420 568 954 986
197 229 285 299 396 451 454 595 649 714 832 862
183 195 222 259 334 347 376 498 633 813 962 974
179 376 422 436 506 643 646 713 728 795 916 940
32 160 220 376 428 536 563 842 877 899 907 919
10 40 186 194 336 384 397 571 659 853 875 984
104 251 320 345 405 501 679 697 782 833 872 944
63 103 136 226 300 351 392 405 616 683 755 794
112 197 221 290 318 400 565 573 611 660 880 994
141 155 192 208 312 476 574 612 646 678 763 833
287 288 321 478 482 557 660 718 761 852 925 970
119 253 261 388 508 544 656 690 754 848 872 988
82 122 166 446 547 624 687 696 730 748 807 852
52 144 322 335 438 441 483 603 640 643 746 893
67 256 262 313 319 415 458 466 655 780 846 891
4 126 169 212 488 512 589 599 821 936 955 973
187 211 283 326 334 340 428 457 568 645 778 858
9 35 103 172 256 290 402 527 553 643 743 996
31 79 84 309 315 376 444 498 513 686 688 723
233 256 398 481 487 652 701 796 801 822 879 939
67 109 140 422 425 430 432 473 511 704 710 989
1 14 187 315 333 473 575 665 695 752 773 884
4 10 38 86 119 128 170 535 609 637 710 834
127 135 157 168 179 202 410 554 584 727 748 757
133 233 261 289 361 431 860 875 911 932 956 983
138 150 191 346 349 637 674 680 687 711 909 976
112 362 434 510 580 580 600 636 719 734 828 990
18 26 34 127 239 261 363 367 412 706 780 856
47 144 283 283 431 454 512 763 783 829 915 946
20 411 426 518 543 596 724 748 792 834 855 926
33 40 64 237 338 488 513 649 731 815 861 945
36 190 228 232 232 301 932 955 973 979 993 999
14 18 19 155 176 193 342 361 372 456 534 878
26 67 106 208 338 418 505 571 807 927 948 962
104 158 325 337 390 446 588 635 712 744 763 772
10 70 258 314 384 443 611 655 674 773 835 986
63 75 138 152 388 551 577 625 631 736 850 852
77 123 175 179 375 470 562 571 605 734 940 966
36 39 64 273 290 333 435 464 558 566 628 935
100 155 171 276 431 543 557 745 817 912 918 968
16 61 152 402 670 687 687 733 788 850 884 948
42 129 269 330 394 682 742 756 767 845 953 998
75 107 109 138 220 262 439 580 608 716 810 934
58 161 252 283 358 364 405 412 493 541 794 897
38 107 298 322 377 447 768 910 936 946 984 987
104 314 379 471 482 736 759 803 871 927 951 988
24 31 95 158 200 221 391 567 616 647 809 893
29 41 93 238 411 504 621 633 638 656 809 929
21 29 89 187 197 290 390 466 652 662 772 797
5 16 57 106 166 203 455 604 610 622 630 951
22 118 128 174 187 221 259 684 746 788 829 999
27 44 118 287 419 553 582 629 655 700 702 987
40 120 132 204 208 382 456 467 559 614 784 885
51 65 303 333 432 546 553 555 608 679 744 973
308 323 545 601 629 653 666 743 838 895 923 973
29 153 212 460 463 506 677 756 763 795 816 971
35 37 66 148 149 302 485 579 618 732 749 888
42 129 305 507 516 528 612 643 723 942 947 963
22 105 193 336 483 551 618 721 752 850 979 994
9 140 147 179 249 259 323 431 576 863 952 957
121 142 198 217 318 437 648 735 755 803 824 885
69 113 325 428 473 541 595 596 603 625 707 835
15 24 53 256 324 369 486 503 793 815 952 960
172 197 254 297 346 391 425 592 603 775 879 928
15 59 160 332 338 369 504 588 707 836 853 982
17 92 116 273 318 335 372 409 544 601 959 960
13 77 256 374 395 503 548 574 660 691 715 990
53 69 317 344 431 438 499 615 690 703 777 826
100 186 262 358 385 516 803 822 849 850 910 939
313 335 501 536 539 603 697 741 828 950 951 998
6 18 57 312 319 386 449 525 550 651 795 977
49 52 201 305 340 400 405 429 548 621 655 934
85 216 223 413 608 620 685 776 829 898 918 945
39 64 175 462 606 700 702 798 802 820 883 982
122 280 282 350 520 554 609 673 838 861 907 939
73 137 191 201 219 236 320 355 451 577 733 925
194 225 252 264 279 334 433 441 607 707 722 834
70 231 241 253 314 431 491 498 598 680 896 912
35 90 219 299 339 483 594 637 686 798 827 838
105 276 281 315 425 453 536 674 680 761 939 940
