0
6
9
10
35
6
9
10
35
1
2
3
4
5
6
7
8
9
1
2
3
4
5
6
7
8
9
10
2
3
4
5
6
7
8
9
10
11
3
4
5
6
7
8
9
10
11
12
4
5
6
7
8
9
10
11
12
13
5
6
7
8
9
10
11
12
13
14
6
7
8
9
10
11
12
13
14
15
7
8
9
10
11
12
13
14
15
16
8
9
10
11
12
13
14
15
16
17
9
10
11
12
13
14
15
16
17
18
19
15
4
6
5
14
8
18
15
7
5
12
7
11
14
10
9
7
19
9
9
7
14
14
6
6
13
14
7
14
19
11
11
14
8
9
11
9
12
0
9
12
16
16
9
11
6
10
11
19
14
12
13
12
11
4
10
7
18
13
5
10
19
6
13
4
20
6
18
7
12
6
10
5
9
3
10
9
19
7
16
16
10
18
9
7
14
3
14
11
10
11
9
7
3
11
3
1
14
15
5
2
9
13
16
8
12
17
5
14
11
15
10
5
11
14
9
13
7
7
8
7
10
12
8
10
19
6
13
7
8
12
17
11
6
17
6
15
7
13
11
12
18
17
7
14
14
1
6
6
8
13
17
12
12
16
9
4
16
12
15
13
11
16
14
21
7
7
8
12
12
1
20
8
16
9
9
17
4
18
18
3
12
15
10
21
10
9
11
12
17
6
13
15
9
6
14
7
7
17
13
10
10
6
10
19
11
8
3
5
8
11
10
5
10
13
17
10
21
13
12
17
15
9
13
11
11
13
6
13
5
9
3
14
17
13
9
9
13
8
13
15
5
4
14
17
16
13
10
7
9
6
15
8
15
12
15
7
20
13
12
4
4
15
16
12
8
14
16
6
9
18
12
5
8
15
12
4
11
18
7
8
11
3
11
7
9
9
12
4
18
12
12
12
10
4
16
13
15
14
9
11
9
14
7
15
3
15
8
9
20
4
16
7
12
4
11
12
11
12
9
9
10
7
10
11
17
8
12
8
8
4
16
6
14
14
13
12
3
15
11
6
13
10
11
13
4
12
9
17
17
14
14
16
5
17
17
15
14
15
5
18
10
10
13
18
4
22
19
19
7
8
4
10
13
19
12
17
13
11
5
12
9
11
13
16
14
13
12
14
8
4
7
8
13
13
14
17
15
11
11
10
18
13
12
9
10
14
15
6
14
8
18
8
15
8
13
15
15
11
12
7
7
11
10
8
14
15
11
14
12
7
8
10
2
3
9
10
18
7
13
10
14
13
14
14
9
9
16
9
14
16
17
4
7
8
6
7
14
11
10
16
10
12
16
12
9
10
4
9
7
16
13
15
7
14
11
12
9
12
14
10
15
11
11
8
5
8
5
10
8
4
9
14
10
8
10
11
5
13
2
11
5
11
11
4
15
9
10
12
3
15
12
14
13
17
10
9
14
10
13
12
11
10
12
9
8
7
9
8
13
10
13
16
18
10
19
10
13
15
9
8
8
13
5
12
9
11
13
15
20
9
6
17
12
19
8
7
14
6
20
9
11
13
16
12
5
8
7
18
12
4
10
10
1
15
6
15
17
9
1
6
11
15
19
14
8
11
18
13
10
11
16
10
13
9
10
15
13
11
10
15
16
12
6
11
7
11
20
15
16
13
13
6
16
6
15
15
22
14
8
10
8
6
11
9
7
5
9
19
7
8
15
10
4
12
11
13
14
9
12
11
13
9
9
8
17
18
2
17
4
13
12
7
10
19
9
8
18
8
10
3
19
11
9
13
14
13
14
16
13
8
17
7
9
10
15
12
8
5
10
8
9
10
14
12
13
11
9
7
6
13
16
20
16
2
11
5
20
4
8
14
16
6
6
21
13
8
11
5
17
10
15
17
13
15
5
14
12
9
16
11
15
12
10
12
6
5
9
15
10
8
8
13
12
11
7
12
6
11
6
15
11
10
11
5
15
2
14
1
12
16
11
11
10
9
9
9
13
2
17
18
10
10
15
15
12
8
20
5
8
14
7
10
11
17
8
7
6
6
10
4
11
14
5
11
2
3
15
4
9
15
17
9
8
10
8
7
20
14
11
5
16
11
18
18
11
21
4
5
12
16
17
15
7
17
6
12
8
11
16
17
17
11
10
3
16
6
2
11
16
17
7
14
10
10
18
14
9
3
12
14
18
13
10
4
13
16
5
12
6
13
16
16
7
10
12
9
12
10
14
21
7
12
14
9
18
6
14
6
11
16
8
12
12
2
10
16
14
6
9
5
10
8
19
8
19
5
8
20
9
9
12
15
13
18
7
5
5
6
13
7
10
16
12
15
2
17
7
11
7
16
15
14
8
18
11
12
13
13
15
10
5
8
6
19
11
9
12
6
18
9
10
3
13
17
16
11
6
13
11
9
14
12
9
11
11
12
14
10
10
8
5
13
5
6
13
11
10
6
12
16
9
14
18
12
12
13
12
11
3
8
3
12
15
7
17
17
12
13
8
5
10
14
14
13
11
5
13
7
11
10
8
2
12
15
16
3
16
8
13
45
15
15
15
35
35
35
81
45
45
2
