4 3
8 3
100 80
18 12
4 3
8 3
100 80
18 12
4 2
6 2
6 3
8 2
8 4
9 3
10 2
10 5
12 2
12 3
12 4
12 6
14 2
14 7
15 2
15 3
15 5
16 2
16 4
16 8
18 2
18 3
18 6
18 9
20 2
20 5
20 10
21 3
21 7
100 5
100 10
100 20
100 25
100 50
360 30
360 45
360 60
360 90
360 180
2 2
3 3
4 4
5 5
6 6
8 8
10 10
12 12
4 3
5 4
6 5
7 3
7 5
8 6
8 7
9 4
9 7
9 8
10 3
10 7
10 8
10 9
11 5
11 8
11 9
11 10
12 5
12 9
12 10
12 11
100 3
100 7
100 33
100 77
1000 3
1000 7
1000 33
1000 77
1000 333
1000 777
2 3
3 4
3 5
4 5
4 6
4 7
5 3
5 6
5 7
5 8
5 9
6 7
6 8
6 9
6 10
6 11
7 4
7 8
7 9
7 10
7 11
7 12
8 3
8 5
8 9
8 10
8 11
8 12
9 5
9 10
9 11
9 12
10 6
10 11
10 12
11 3
11 4
11 6
11 7
11 12
12 7
100 6
100 66
1000 6
1000 66
1000 666
10000 6
10000 66
10000 666
10000 6666
1 2
2 4
3 2
3 6
4 8
5 2
5 10
6 4
6 12
7 2
7 14
8 16
9 2
9 6
9 18
10 4
10 20
11 2
11 22
12 8
12 24
13 2
13 26
14 4
14 28
15 2
15 6
15 10
15 30
16 32
17 2
17 34
18 4
18 12
18 36
19 2
19 38
20 8
20 40
21 2
21 6
21 14
21 42
22 4
22 44
23 2
23 46
24 16
24 48
25 2
25 10
25 50
26 4
26 52
27 2
27 6
27 18
27 54
28 8
28 56
29 2
29 58
30 4
30 12
30 20
30 60
31 2
33 2
33 6
33 22
34 4
35 2
35 10
35 14
36 8
36 24
37 2
38 4
39 2
39 6
39 26
40 16
41 2
42 4
42 12
42 28
43 2
44 8
45 2
45 6
45 10
45 18
45 30
46 4
47 2
48 32
49 2
49 14
50 4
50 20
51 2
51 6
51 34
52 8
53 2
54 4
54 12
54 36
55 2
55 10
55 22
56 16
57 2
57 6
57 38
58 4
59 2
60 8
60 24
60 40
-1000 -12
-1000 -11
-1000 -10
-1000 -9
-1000 -8
-1000 -7
-1000 -6
-1000 -5
-1000 -4
-1000 -3
-1000 -2
-1000 -1
-1000 1
-1000 2
-1000 3
-1000 4
-1000 5
-1000 6
-1000 7
-1000 8
-1000 9
-1000 10
-1000 11
-1000 12
-360 -12
-360 -11
-360 -10
-360 -9
-360 -8
-360 -7
-360 -6
-360 -5
-360 -4
-360 -3
-360 -2
-360 -1
-360 1
-360 2
-360 3
-360 4
-360 5
-360 6
-360 7
-360 8
-360 9
-360 10
-360 11
-360 12
-100 -12
-100 -11
-100 -10
-100 -9
-100 -8
-100 -7
-100 -6
-100 -5
-100 -4
-100 -3
-100 -2
-100 -1
-100 1
-100 2
-100 3
-100 4
-100 5
-100 6
-100 7
-100 8
-100 9
-100 10
-100 11
-100 12
-60 -12
-60 -11
-60 -10
-60 -9
-60 -8
-60 -7
-60 -6
-60 -5
-60 -4
-60 -3
-60 -2
-60 -1
-60 1
-60 2
-60 3
-60 4
-60 5
-60 6
-60 7
-60 8
-60 9
-60 10
-60 11
-60 12
-12 -12
-12 -11
-12 -10
-12 -9
-12 -8
-12 -7
-12 -6
-12 -5
-12 -4
-12 -3
-12 -2
-12 -1
-12 1
-12 2
-12 3
-12 4
-12 5
-12 6
-12 7
-12 8
-12 9
-12 10
-12 11
-12 12
-10 -12
-10 -11
-10 -10
-10 -9
-10 -8
-10 -7
-10 -6
-10 -5
-10 -4
-10 -3
-10 -2
-10 -1
-10 1
-10 2
-10 3
-10 4
-10 5
-10 6
-10 7
-10 8
-10 9
-10 10
-10 11
-10 12
-6 -12
-6 -11
-6 -10
-6 -9
-6 -8
-6 -7
-6 -6
-6 -5
-6 -4
-6 -3
-6 -2
-6 -1
-6 1
-6 2
-6 3
-6 4
-6 5
-6 6
-6 7
-6 8
-6 9
-6 10
-6 11
-6 12
-5 -12
-5 -11
-5 -10
-5 -9
-5 -8
-5 -7
-5 -6
-5 -5
-5 -4
-5 -3
-5 -2
-5 -1
-5 1
-5 2
-5 3
-5 4
-5 5
-5 6
-5 7
-5 8
-5 9
-5 10
-5 11
-5 12
-4 -12
-4 -11
-4 -10
-4 -9
-4 -8
-4 -7
-4 -6
-4 -5
-4 -4
-4 -3
-4 -2
-4 -1
-4 1
-4 2
-4 3
-4 4
-4 5
-4 6
-4 7
-4 8
-4 9
-4 10
-4 11
-4 12
-3 -12
-3 -11
-3 -10
-3 -9
-3 -8
-3 -7
-3 -6
-3 -5
-3 -4
-3 -3
-3 -2
-3 -1
-3 1
-3 2
-3 3
-3 4
-3 5
-3 6
-3 7
-3 8
-3 9
-3 10
-3 11
-3 12
-2 -12
-2 -11
-2 -10
-2 -9
-2 -8
-2 -7
-2 -6
-2 -5
-2 -4
-2 -3
-2 -2
-2 -1
-2 1
-2 2
-2 3
-2 4
-2 5
-2 6
-2 7
-2 8
-2 9
-2 10
-2 11
-2 12
-1 -12
-1 -11
-1 -10
-1 -9
-1 -8
-1 -7
-1 -6
-1 -5
-1 -4
-1 -3
-1 -2
-1 -1
-1 1
-1 2
-1 3
-1 4
-1 5
-1 6
-1 7
-1 8
-1 9
-1 10
-1 11
-1 12
0 -12
0 -11
0 -10
0 -9
0 -8
0 -7
0 -6
0 -5
0 -4
0 -3
0 -2
0 -1
0 1
0 2
0 3
0 4
0 5
0 6
0 7
0 8
0 9
0 10
0 11
0 12
1 -12
1 -11
1 -10
1 -9
1 -8
1 -7
1 -6
1 -5
1 -4
1 -3
1 -2
1 -1
1 1
1 2
1 3
1 4
1 5
1 6
1 7
1 8
1 9
1 10
1 11
1 12
2 -12
2 -11
2 -10
2 -9
2 -8
2 -7
2 -6
2 -5
2 -4
2 -3
2 -2
2 -1
2 1
2 2
2 3
2 4
2 5
2 6
2 7
2 8
2 9
2 10
2 11
2 12
3 -12
3 -11
3 -10
3 -9
3 -8
3 -7
3 -6
3 -5
3 -4
3 -3
3 -2
3 -1
3 1
3 2
3 3
3 4
3 5
3 6
3 7
3 8
3 9
3 10
3 11
3 12
4 -12
4 -11
4 -10
4 -9
4 -8
4 -7
4 -6
4 -5
4 -4
4 -3
4 -2
4 -1
4 1
4 2
4 3
4 4
4 5
4 6
4 7
4 8
4 9
4 10
4 11
4 12
5 -12
5 -11
5 -10
5 -9
5 -8
5 -7
5 -6
5 -5
5 -4
5 -3
5 -2
5 -1
5 1
5 2
5 3
5 4
5 5
5 6
5 7
5 8
5 9
5 10
5 11
5 12
6 -12
6 -11
6 -10
6 -9
6 -8
6 -7
6 -6
6 -5
6 -4
6 -3
6 -2
6 -1
6 1
6 2
6 3
6 4
6 5
6 6
6 7
6 8
6 9
6 10
6 11
6 12
10 -12
10 -11
10 -10
10 -9
10 -8
10 -7
10 -6
10 -5
10 -4
10 -3
10 -2
10 -1
10 1
10 2
10 3
10 4
10 5
10 6
10 7
10 8
10 9
10 10
10 11
10 12
12 -12
12 -11
12 -10
12 -9
12 -8
12 -7
12 -6
12 -5
12 -4
12 -3
12 -2
12 -1
12 1
12 2
12 3
12 4
12 5
12 6
12 7
12 8
12 9
12 10
12 11
12 12
60 -12
60 -11
60 -10
60 -9
60 -8
60 -7
60 -6
60 -5
60 -4
60 -3
60 -2
60 -1
60 1
60 2
60 3
60 4
60 5
60 6
60 7
60 8
60 9
60 10
60 11
60 12
100 -12
100 -11
100 -10
100 -9
100 -8
100 -7
100 -6
100 -5
100 -4
100 -3
100 -2
100 -1
100 1
100 2
100 3
100 4
100 5
100 6
100 7
100 8
100 9
100 10
100 11
100 12
360 -12
360 -11
360 -10
360 -9
360 -8
360 -7
360 -6
360 -5
360 -4
360 -3
360 -2
360 -1
360 1
360 2
360 3
360 4
360 5
360 6
360 7
360 8
360 9
360 10
360 11
360 12
1000 -12
1000 -11
1000 -10
1000 -9
1000 -8
1000 -7
1000 -6
1000 -5
1000 -4
1000 -3
1000 -2
1000 -1
1000 1
1000 2
1000 3
1000 4
1000 5
1000 6
1000 7
1000 8
1000 9
1000 10
1000 11
1000 12
1 1
1 2
1 6
1 10
1 12
1 60
1 100
1 360
1 1000
1 1260
1 2520
1 5040
1 10000
1 55440
1 100000
1 277200
1 720720
1 1000000
1 3603600
1 10000000
1 61261200
1 100000000
1 1000000000
2 1
2 2
2 6
2 10
2 12
2 60
2 100
2 360
2 1000
2 1260
2 2520
2 5040
2 10000
2 55440
2 100000
2 277200
2 720720
2 1000000
2 3603600
2 10000000
2 61261200
2 100000000
2 1000000000
6 1
6 2
6 6
6 10
6 12
6 60
6 100
6 360
6 1000
6 1260
6 2520
6 5040
6 10000
6 55440
6 100000
6 277200
6 720720
6 1000000
6 3603600
6 10000000
6 61261200
6 100000000
6 1000000000
10 1
10 2
10 6
10 10
10 12
10 60
10 100
10 360
10 1000
10 1260
10 2520
10 5040
10 10000
10 55440
10 100000
10 277200
10 720720
10 1000000
10 3603600
10 10000000
10 61261200
10 100000000
10 1000000000
12 1
12 2
12 6
12 10
12 12
12 60
12 100
12 360
12 1000
12 1260
12 2520
12 5040
12 10000
12 55440
12 100000
12 277200
12 720720
12 1000000
12 3603600
12 10000000
12 61261200
12 100000000
12 1000000000
60 1
60 2
60 6
60 10
60 12
60 60
60 100
60 360
60 1000
60 1260
60 2520
60 5040
60 10000
60 55440
60 100000
60 277200
60 720720
60 1000000
60 3603600
60 10000000
60 61261200
60 100000000
60 1000000000
100 1
100 2
100 6
100 10
100 12
100 60
100 100
100 360
100 1000
100 1260
100 2520
100 5040
100 10000
100 55440
100 100000
100 277200
100 720720
100 1000000
100 3603600
100 10000000
100 61261200
100 100000000
100 1000000000
360 1
360 2
360 6
360 10
360 12
360 60
360 100
360 360
360 1000
360 1260
360 2520
360 5040
360 10000
360 55440
360 100000
360 277200
360 720720
360 1000000
360 3603600
360 10000000
360 61261200
360 100000000
360 1000000000
1000 1
1000 2
1000 6
1000 10
1000 12
1000 60
1000 100
1000 360
1000 1000
1000 1260
1000 2520
1000 5040
1000 10000
1000 55440
1000 100000
1000 277200
1000 720720
1000 1000000
1000 3603600
1000 10000000
1000 61261200
1000 100000000
1000 1000000000
1260 1
1260 2
1260 6
1260 10
1260 12
1260 60
1260 100
1260 360
1260 1000
1260 1260
1260 2520
1260 5040
1260 10000
1260 55440
1260 100000
1260 277200
1260 720720
1260 1000000
1260 3603600
1260 10000000
1260 61261200
1260 100000000
1260 1000000000
2520 1
2520 2
2520 6
2520 10
2520 12
2520 60
2520 100
2520 360
2520 1000
2520 1260
2520 2520
2520 5040
2520 10000
2520 55440
2520 100000
2520 277200
2520 720720
2520 1000000
2520 3603600
2520 10000000
2520 61261200
2520 100000000
2520 1000000000
5040 1
5040 2
5040 6
5040 10
5040 12
5040 60
5040 100
5040 360
5040 1000
5040 1260
5040 2520
5040 5040
5040 10000
5040 55440
5040 100000
5040 277200
5040 720720
5040 1000000
5040 3603600
5040 10000000
5040 61261200
5040 100000000
5040 1000000000
10000 1
10000 2
10000 6
10000 10
10000 12
10000 60
10000 100
10000 360
10000 1000
10000 1260
10000 2520
10000 5040
10000 10000
10000 55440
10000 100000
10000 277200
10000 720720
10000 1000000
10000 3603600
10000 10000000
10000 61261200
10000 100000000
10000 1000000000
55440 1
55440 2
55440 6
55440 10
55440 12
55440 60
55440 100
55440 360
55440 1000
55440 1260
55440 2520
55440 5040
55440 10000
55440 55440
55440 100000
55440 277200
55440 720720
55440 1000000
55440 3603600
55440 10000000
55440 61261200
55440 100000000
55440 1000000000
100000 1
100000 2
100000 6
100000 10
100000 12
100000 60
100000 100
100000 360
100000 1000
100000 1260
100000 2520
100000 5040
100000 10000
100000 55440
100000 100000
100000 277200
100000 720720
100000 1000000
100000 3603600
100000 10000000
100000 61261200
100000 100000000
100000 1000000000
277200 1
277200 2
277200 6
277200 10
277200 12
277200 60
277200 100
277200 360
277200 1000
277200 1260
277200 2520
277200 5040
277200 10000
277200 55440
277200 100000
277200 277200
277200 720720
277200 1000000
277200 3603600
277200 10000000
277200 61261200
277200 100000000
277200 1000000000
720720 1
720720 2
720720 6
720720 10
720720 12
720720 60
720720 100
720720 360
720720 1000
720720 1260
720720 2520
720720 5040
720720 10000
720720 55440
720720 100000
720720 277200
720720 720720
720720 1000000
720720 3603600
720720 10000000
720720 61261200
720720 100000000
720720 1000000000
1000000 1
1000000 2
1000000 6
1000000 10
1000000 12
1000000 60
1000000 100
1000000 360
1000000 1000
1000000 1260
1000000 2520
1000000 5040
1000000 10000
1000000 55440
1000000 100000
1000000 277200
1000000 720720
1000000 1000000
1000000 3603600
1000000 10000000
1000000 61261200
1000000 100000000
1000000 1000000000
3603600 1
3603600 2
3603600 6
3603600 10
3603600 12
3603600 60
3603600 100
3603600 360
3603600 1000
3603600 1260
3603600 2520
3603600 5040
3603600 10000
3603600 55440
3603600 100000
3603600 277200
3603600 720720
3603600 1000000
3603600 3603600
3603600 10000000
3603600 61261200
3603600 100000000
3603600 1000000000
10000000 1
10000000 2
10000000 6
10000000 10
10000000 12
10000000 60
10000000 100
10000000 360
10000000 1000
10000000 1260
10000000 2520
10000000 5040
10000000 10000
10000000 55440
10000000 100000
10000000 277200
10000000 720720
10000000 1000000
10000000 3603600
10000000 10000000
10000000 61261200
10000000 100000000
10000000 1000000000
61261200 1
61261200 2
61261200 6
61261200 10
61261200 12
61261200 60
61261200 100
61261200 360
61261200 1000
61261200 1260
61261200 2520
61261200 5040
61261200 10000
61261200 55440
61261200 100000
61261200 277200
61261200 720720
61261200 1000000
61261200 3603600
61261200 10000000
61261200 61261200
61261200 100000000
61261200 1000000000
100000000 1
100000000 2
100000000 6
100000000 10
100000000 12
100000000 60
100000000 100
100000000 360
100000000 1000
100000000 1260
100000000 2520
100000000 5040
100000000 10000
100000000 55440
100000000 100000
100000000 277200
100000000 720720
100000000 1000000
100000000 3603600
100000000 10000000
100000000 61261200
100000000 100000000
100000000 1000000000
1000000000 1
1000000000 2
1000000000 6
1000000000 10
1000000000 12
1000000000 60
1000000000 100
1000000000 360
1000000000 1000
1000000000 1260
1000000000 2520
1000000000 5040
1000000000 10000
1000000000 55440
1000000000 100000
1000000000 277200
1000000000 720720
1000000000 1000000
1000000000 3603600
1000000000 10000000
1000000000 61261200
1000000000 100000000
1000000000 1000000000
1000000000 999999999
999999999 1000000000
1000000000 499999999
499999999 1000000000
1000000000 500000001
500000001 1000000000
