0
0
0
0
0
1
1
1
1
1
1
-1
-1
1
0
1
3
1
2
1
3
1
2
2
3
2
4
2
3
5
2
6
4
3
2
7
2
8
5
3
8
4
2
9
6
3
2
10
4
2
7
3
20
10
5
4
2
12
8
6
4
2
1
1
1
1
1
1
1
1
1
1
1
2
1
1
1
2
1
1
3
1
1
1
2
1
1
1
2
1
1
1
33
14
3
1
333
143
30
13
3
1
1
1
1
1
1
1
2
1
1
1
1
1
1
1
1
1
2
1
1
1
1
1
3
2
1
1
1
1
2
1
1
1
2
1
1
4
3
2
2
1
2
17
2
167
15
2
1667
152
15
2
0
0
2
0
0
2
0
2
0
4
0
0
4
2
0
2
0
6
0
2
0
6
0
4
0
8
2
2
0
0
8
0
4
2
0
10
0
2
0
10
4
2
0
6
0
12
0
2
0
12
2
0
6
0
14
4
2
0
4
0
14
0
8
2
2
0
16
16
6
2
8
18
4
2
4
2
18
10
20
6
2
2
20
10
4
2
22
6
22
8
4
2
2
12
24
2
24
4
12
2
26
8
2
6
26
14
4
2
28
6
2
4
28
10
2
14
30
8
2
2
83
91
100
111
125
143
167
200
250
333
500
1000
-1000
-500
-333
-250
-200
-167
-143
-125
-111
-100
-91
-83
30
33
36
40
45
51
60
72
90
120
180
360
-360
-180
-120
-90
-72
-60
-51
-45
-40
-36
-33
-30
8
9
10
11
12
14
17
20
25
33
50
100
-100
-50
-33
-25
-20
-17
-14
-12
-11
-10
-9
-8
5
5
6
7
8
9
10
12
15
20
30
60
-60
-30
-20
-15
-12
-10
-9
-8
-7
-6
-5
-5
1
1
1
1
2
2
2
2
3
4
6
12
-12
-6
-4
-3
-2
-2
-2
-2
-1
-1
-1
-1
1
1
1
1
1
1
2
2
2
3
5
10
-10
-5
-3
-2
-2
-2
-1
-1
-1
-1
-1
-1
0
1
1
1
1
1
1
1
2
2
3
6
-6
-3
-2
-2
-1
-1
-1
-1
-1
-1
-1
0
0
0
0
1
1
1
1
1
1
2
2
5
-5
-2
-2
-1
-1
-1
-1
-1
-1
0
0
0
0
0
0
0
0
1
1
1
1
1
2
4
-4
-2
-1
-1
-1
-1
-1
0
0
0
0
0
0
0
0
0
0
0
0
1
1
1
2
3
-3
-2
-1
-1
-1
0
0
0
0
0
0
0
0
0
0
0
0
0
0
0
0
1
1
2
-2
-1
-1
0
0
0
0
0
0
0
0
0
0
0
0
0
0
0
0
0
0
0
0
1
-1
0
0
0
0
0
0
0
0
0
0
0
0
0
0
0
0
0
0
0
0
0
0
0
0
0
0
0
0
0
0
0
0
0
0
0
0
0
0
0
0
0
0
0
0
0
0
-1
1
0
0
0
0
0
0
0
0
0
0
0
0
0
0
0
0
0
0
0
0
-1
-1
-2
2
1
1
0
0
0
0
0
0
0
0
0
0
0
0
0
0
0
0
-1
-1
-1
-2
-3
3
2
1
1
1
0
0
0
0
0
0
0
0
0
0
0
0
-1
-1
-1
-1
-1
-2
-4
4
2
1
1
1
1
1
0
0
0
0
0
0
0
0
-1
-1
-1
-1
-1
-1
-2
-2
-5
5
2
2
1
1
1
1
1
1
0
0
0
0
-1
-1
-1
-1
-1
-1
-1
-2
-2
-3
-6
6
3
2
2
1
1
1
1
1
1
1
0
-1
-1
-1
-1
-1
-1
-2
-2
-2
-3
-5
-10
10
5
3
2
2
2
1
1
1
1
1
1
-1
-1
-1
-1
-2
-2
-2
-2
-3
-4
-6
-12
12
6
4
3
2
2
2
2
1
1
1
1
-5
-5
-6
-7
-8
-9
-10
-12
-15
-20
-30
-60
60
30
20
15
12
10
9
8
7
6
5
5
-8
-9
-10
-11
-12
-14
-17
-20
-25
-33
-50
-100
100
50
33
25
20
17
14
12
11
10
9
8
-30
-33
-36
-40
-45
-51
-60
-72
-90
-120
-180
-360
360
180
120
90
72
60
51
45
40
36
33
30
-83
-91
-100
-111
-125
-143
-167
-200
-250
-333
-500
-1000
1000
500
333
250
200
167
143
125
111
100
91
83
1
0
0
0
0
0
0
0
0
0
0
0
0
0
0
0
0
0
0
0
0
0
0
2
1
0
0
0
0
0
0
0
0
0
0
0
0
0
0
0
0
0
0
0
0
0
6
3
1
1
0
0
0
0
0
0
0
0
0
0
0
0
0
0
0
0
0
0
0
10
5
2
1
1
0
0
0
0
0
0
0
0
0
0
0
0
0
0
0
0
0
0
12
6
2
1
1
0
0
0
0
0
0
0
0
0
0
0
0
0
0
0
0
0
0
60
30
10
6
5
1
1
0
0
0
0
0
0
0
0
0
0
0
0
0
0
0
0
100
50
17
10
8
2
1
0
0
0
0
0
0
0
0
0
0
0
0
0
0
0
0
360
180
60
36
30
6
4
1
0
0
0
0
0
0
0
0
0
0
0
0
0
0
0
1000
500
167
100
83
17
10
3
1
1
0
0
0
0
0
0
0
0
0
0
0
0
0
1260
630
210
126
105
21
13
4
1
1
0
0
0
0
0
0
0
0
0
0
0
0
0
2520
1260
420
252
210
42
25
7
3
2
1
0
0
0
0
0
0
0
0
0
0
0
0
5040
2520
840
504
420
84
50
14
5
4
2
1
1
0
0
0
0
0
0
0
0
0
0
10000
5000
1667
1000
833
167
100
28
10
8
4
2
1
0
0
0
0
0
0
0
0
0
0
55440
27720
9240
5544
4620
924
554
154
55
44
22
11
6
1
1
0
0
0
0
0
0
0
0
100000
50000
16667
10000
8333
1667
1000
278
100
79
40
20
10
2
1
0
0
0
0
0
0
0
0
277200
138600
46200
27720
23100
4620
2772
770
277
220
110
55
28
5
3
1
0
0
0
0
0
0
0
720720
360360
120120
72072
60060
12012
7207
2002
721
572
286
143
72
13
7
3
1
1
0
0
0
0
0
1000000
500000
166667
100000
83333
16667
10000
2778
1000
794
397
198
100
18
10
4
1
1
0
0
0
0
0
3603600
1801800
600600
360360
300300
60060
36036
10010
3604
2860
1430
715
360
65
36
13
5
4
1
0
0
0
0
10000000
5000000
1666667
1000000
833333
166667
100000
27778
10000
7937
3968
1984
1000
180
100
36
14
10
3
1
0
0
0
61261200
30630600
10210200
6126120
5105100
1021020
612612
170170
61261
48620
24310
12155
6126
1105
613
221
85
61
17
6
1
1
0
100000000
50000000
16666667
10000000
8333333
1666667
1000000
277778
100000
79365
39683
19841
10000
1804
1000
361
139
100
28
10
2
1
0
1000000000
500000000
166666667
100000000
83333333
16666667
10000000
2777778
1000000
793651
396825
198413
100000
18038
10000
3608
1388
1000
278
100
16
10
1
1
1
2
0
2
1
