360
26337
16569
28712
3585
880
17310
17179
23188
13603
6001
15459
10192
27742
11905
12452
29705
2580
13547
19115
21055
19825
20709
31903
22016
12356
18649
12728
15883
32319
3571
25239
18335
16840
27743
3271
217
21515
8739
17689
5751
28516
17266
5860
3865
29553
3067
7371
28378
19622
15807
31590
7322
21502
27406
6529
7191
27248
7988
16196
7415
23445
7276
32060
4002
22294
2385
24821
31717
10615
24154
6557
15914
25516
19087
30303
1935
20375
29135
23013
24400
15556
27827
4551
11356
21174
19122
10205
13615
10399
26773
14041
30811
10895
10022
25265
1994
24473
28010
26816
11999
26404
2466
3260
14519
12751
3647
30165
30456
11582
30166
20236
22346
25000
31843
23217
17381
10571
6878
32362
8545
8079
5004
1896
31615
23381
13686
3383
18640
28028
4592
19846
21604
10567
9962
1212
273
7375
6810
11003
23164
8406
27401
20445
17250
3272
9503
20968
24098
8556
22189
12530
409
28516
14445
4314
23063
9561
3972
14907
10755
13371
17781
13353
10390
18241
12668
28556
2884
19652
30455
26428
8871
12584
15035
25945
25889
31080
12807
458
8591
18397
10755
13185
1514
27461
11046
25155
13836
23497
7610
14108
11219
12583
5716
3381
11779
32068
7462
22742
26278
21437
24075
15290
23960
26389
18000
17068
25782
38
22186
22988
5501
17617
32329
27628
23436
23191
2013
22382
2416
6583
18549
9961
13212
26711
26047
26308
25538
31263
16037
450
27603
7417
10964
29930
13246
549
27229
16257
11894
19594
3408
13852
9255
15598
25732
16810
5499
19069
29730
28745
31051
16396
31300
2128
29594
10380
7096
28354
15401
20865
6372
19746
2908
29583
15201
4214
24142
459
16997
31966
26341
18932
18283
21735
10436
30032
23610
4788
9169
11173
29279
18156
15940
2832
20409
9899
14500
19073
24240
112
20386
12570
17806
31126
28919
744
32693
30319
8616
8739
19321
9240
17777
12333
23250
18816
9628
12735
8758
8245
6751
1579
7455
7876
29034
27801
12909
6905
29123
20571
12288
27782
31550
17036
32260
16281
30963
20089
5812
11301
19848
11975
14777
18017
6678
15240
1200
28029
19127
29636
28107
22763
15909
6742
13208
30130
12109
28172
27448
24172
9506
3342
20480
14660
22768
31381
31708
24427
9377
