1000110110111110000
11001101111010101001
101010011110001010
10101100010101011110
1101011110010001
111011011110100111
10000101101101011000
101011010000100011
1010010101010000101
10110110001111101011
1011100001000000100
11100000010010010000
10110000001010101110
11100010001010110111
10110001101001011011
10110110100001001111
10110100010110000000
11001101011100111110
1010101011000101101
10100010101000111100
1000110010011011
10100100010100000
11010010111010110101
110010101010010111
10110010101111110100
10001111100011011001
111101010101111
11110011001101100010
1101010011011111000
1001001010111001000
1001011101011000101
10100101111011101010
10100010010101111111
1001110110110100100
1101000010101
111101000111100001
11101100001110010000
10000100010110011011
11100000010110010100
11011100001011110
11101001101010011111
110000110110000110
1011101111001010
1100011011111000000
10001001110010110000
10101001000010011010
1010000001011101100
11100011000001100000
11001001001110000100
10101000110111001010
1000011100101101
110001000111001111
10100101110101011
10000101111000010101
1010001100010010111
1110011000000011101
11110000011100001
11011111111111101011
110011100001000100
100000010001110
10011010111011010111
10100001100001100010
10011110100010011000
10100000100010000001
11000001100001011100
11010001100011010111
1001001111010001110
10011111111100000100
10111101100010100110
1101100100101011101
11010111000000001000
100010011010110100
1000100011110011000
100010000001100001
11010110001110110100
10111011000101100110
11010100100010010011
111010110101100001
1000100110000000000
1001010100001110
1010010111001000101
1110111101010100110
10101110011111000110
1001000001110100101
1010010000000100111
11100010010001011101
10010110111100011111
10111000111000100
10011011011011000111
10010000010100110010
10100101001010011
11100100100100100001
10011010111000100010
10010100100001100111
1100101011001100010
1010101011100000010
11101001010011100110
10100110011100101010
1010100011011000110
10001110010110000
10010100111011110000
11101111110001000001
10100111101111000110
10100111011111011011
110101101110101110
10011111101011111110
1011000010101100000
1000110000100111
1111010000101000010
1111000001011000
10101110111000001010
1110010010011101011
1111110110101000
1010011000110101100
10000000101101111011
110111101011100111
1000111000110011100
10111000000001110001
11000110111101011110
10011011110010110011
10010110100101010011
101010110101000011
100011011011011000
110100011111100101
1100100101100101111
11101001100110011101
10011111110011100111
10110000011001010000
10001100100110010110
1100011100000000
1010110101011000001
11011110010001110001
1000011101100101111
1110010100001010110
10100001000001001
10010001010100011110
11100110111001100010
11000011011101100010
11001110111111000000
1010010111111111001
1101010011110011011
10000001111101101011
110000110101010
1111000001011010000
1001000111011011001
10010011000110111000
1100000011001111011
1001101011010000110
10000110001111110110
10001101000001101010
1101101001001111000
111011001101100111
11101001111111100111
1010001100001111001
1101000000001000011
10010000000110011011
10011101101100111000
10011010010100110010
10000100101101101
1011000101001010001
11100101111010011011
1000000111000010
11100001000010101111
10100001010000010111
1100001100101000100
100111001001000011
10010000001110010111
11011101001000011111
1011011001010011000
11100100000000000000
10100100000111111010
10100000000010100
10001000110001
11100011011111110110
1111100001000110100
10010111101000101110
11100111111011010011
1101101101110001011
101100100100100100
10101010101100111101
11011100110111010101
11011001010111001
1101001100011100000
110110010011011010
1100111001110111
100000001100010011
10110111010000110100
11110001110011010001
10100001001010011101
101010111100100010
10100011000011
111011110110111
1110000001001100001
11010011101101111011
1110101110101011011
11101100111011011110
11110011010110010111
10111010010100011011
11000010010111101010
100110111010111
1000100011101010110
10100010011111100101
1000001100100000001
1111011110111001101
1110111010101010001
11010011000100011000
11010101111100110101
101101010101100101
11111011010111001
1000100101000011100
11100100110000111101
1000101000111110010
100111101100010100
101100111111011000
11001111101011110111
10000111001011101
1001111100110100010
100010110101001110
10001101001110110010
1110101011101101011
10101000100011100001
11101110000111011010
1011110011110110001
10010001001001101
1001010001111000111
11001001100100001110
11101101010000011001
1011000111010000001
10000001100000010010
1001110000010011001
11100010001101101
11100100000001
1101001000101010101
11010001010001110111
10001001011000011011
10000111101000001
1101010110000011011
11011001101111101011
111000011010100100
1101000101100111111
11011110010110011101
1100001111001111010
111011101000000110
11011110111010000101
1101001111010001100
10101110110001101011
11011101010100011010
1111110010110010101
11001110100101101010
100000110111011111
10000101100000011010
110110011100000000
11011111111011001000
111001100100111101
110001000111111001
100001110100011111
10101111111101110
11001100100011000010
1011011110101001010
11001000000111010111
11001001100110111000
10110000111110010111
1011111110101101101
1001111100111011001
1000001110111110010
1100010001011001100
1110010010100001011
1011001011000110
11101000100010001001
10101111000111101101
1100010110111101001
10111000001110010101
101001011100101100
11101001010000010100
1111101110010101011
11000110101111000100
101101100011100010
100111100000000100
1000011011101101100
111101101010000001
10110101000101011011
1101000010001000101
1001001000100100011
11100100101100011000
10000001000011111001
10001110101001110010
100100111101111110
11010100101110101001
1101100111011101000
11010100100010011101
1011011001001111111
100101011010000001
11110000111001110001
10111000101101100001
11101000010100101111
1111001111110011100
1010111110010110111
11010110101101000111
1010101101000000010
1111011011101111100
11101011001101000
10101100000000101110
10011101100100000111
10010110110110101111
11100001010111011111
1001010111001000101
10011001100111001111
11101101001001110
100011000100010111
11001011101101000001
1010101111101011011
10000111011000010101
111100110011001011
10011110111011010
11011101011000000110
11001110011111111110
1110000011001010
10001110000110000001
1000111010101010101
11101000100000011101
11000000100011110001
100011101001101110
11111000001111001
1000100011011100011
10101101000001011100
100001100011011000
11011101001
101110010101111010
11001100011000001001
11011010001111111011
10011101111111010100
11100000101000111
1101100111110001100
11011110100011001011
11010100010111110001
110001101111011111
10010001010001111111
10100111101010001011
10000101001000110100
1000011100010001111
11001001111011111101
1010000100001001110
111011100000
10011001011011100111
1101001100110010001
11010010100000010000
1011100100101110001
1101001110011000
110100000001001111
1000110101111010110
10010000101011111001
1000010101010001001
1100001111011011001
10100101101011011111
10110101101011011000
1100011100001110000
11001001001011001010
1000101000111000001
11011110101001010111
11010010001111101110
11100110100010010001
1111010111001100
1101100101100001
10100110000001001
11100110011011011001
1101001101010000011
1000101111110101001
1111111110010100011
10100100010000100100
10001010110001100001
1011000110011111111
1110001111000010100
1111011011100100011
1110100111001101100
10000000011100001010
10011000000001100101
11000001111100011001
1111111011110110111
1100101100101000010
10110101101100001001
1011001011001110100
11001000000000011000
10010000001100101
111001111010111110
1011101000000100111
10010011010001000100
1100110010010000011
11011001001000010001
1101000000110001001
1111111111101111100
11001111011011111010
101001110001111101
10111001110111010011
1000010110001011001
1010110001001011101
1010010000110110010
11101101111011100100
1000010011100100
11000101000111101100
11000011111100010100
1001101011001011010
10111011010000110001
10000110000011100
1101100010001000101
101110101001111101
10111110000100111001
10101100011100010111
10001111010110101001
10111111010000011101
11100111101101110000
101100111111100100
10011010011100000111
1000100100111110
10000010100010001001
10001010111000111001
110001001000100110
100100100110101011
11100001111001011110
10111001111001
10001010011100111010
11101010011111000100
10100110101110000011
11101100100111011101
10111101110111011101
11001111110001011101
10110111001010110001
1100011011110010101
10100101110001011
1110100010100110010
1101100001111000011
1110100001100101001
10101100010010101101
1101000101101001001
10000010111101011011
110011001010000000
10011100000011000011
1111111111010101100
10101101100000000
11100000000101011011
10100111010011011101
101010011111100011
1111111111011011101
1011000010001
1001000011100111
111001110100011110
110000111010101100
11100000001001001011
11100001010100010011
10010100101000010010
1000111000101010101
111010011100100010
10000100011000010000
10111101001110110101
11110010110111011001
101100001100111
1011000000011000000
10101111110001010001
1001110101111111011
11100111111001001011
110110101101001111
11000111010110000010
1100001011111111101
10010011010110101000
1111011000111100111
1010000001110101100
111011011110011110
11010111100101001110
1100110110110000010
10011101111000010101
1101011111010110100
10100011011001101011
10010000100110111111
110001011000011001
1111110000101010000
10100011000111111110
1001001111100010010
1010000110011010001
1001101001010010110
1011010000010101000
1110100111011011100
11110001110001111000
1011011010010111101
110111111111001100
1011110000111001011
11010010010011101001
10010000111101100000
10011011101010101010
110001010001000111
10000001011100111010
10011111110011111
110010100100100111
1001001110111110101
11101011011101111000
10011001101110011110
1100101101110101111
1010110011000
1100101101010101100
1110001000010110010
1111110000000100100
11001100001100000111
1110101010110010101
11000101010101111101
10001000111100011111
11001000110110101001
10101110110000011101
1001101001001000000
1010111101010001010
111000101110010010
100100111000110111
10001000001000101
10111000011001010101
10101101111111100110
1000000000110111110
11101011011000110110
11101100010111100101
11000111010100000010
10111111000101001101
100010100101001011
1100111001101011010
100111111011111000
10001001111100100010
1011110110111001
10111001111001100111
10110001110111101001
11011101100011010
10011101000101111
10111000010001110110
10101100011110000
1001011100111110001
11011001000001000010
10110110100111110111
1111111101100011010
10000111001110000000
11010010100111110111
1000111010001110
11011101111100101
10000001111101001110
10011101011101000010
10110110001111011011
1000001110111101100
1101011110011011001
1011111110001001111
10000000000000101010
111000111000100010
10010001011111101100
100010001100101100
11010010011101101100
11001101011110100100
10011010001100101100
11111101111110001
1100101000011000011
11100110010101110101
11101000010110011011
1001000111000100001
10010010001100111011
11000110110101101100
1001101100101011011
10100010110100101100
10000110000011011000
11101110011011000011
101100010110111010
1001000101111111100
1010000001010001011
10110011111000010000
10011011011001101110
11001000011111001101
1010110101
10101111111011100001
11100111001001110110
1011001100010001100
11101110011100001011
10011011011101111
10011101001100010001
111100010111001100
1000000000000011000
11100110111000000100
10000010011110101110
1110011011111010
1111110111001011101
1100010000100110001
10110111011110110110
1000101011100101011
111000000000110110
10011110011110011111
10101111110110101111
111101010111101
11011011000000100111
111101110101001101
10110111100101100100
1001010010101110111
11111010110000
1010010001001011000
11101011000101001001
110001101000010110
1111010010010111111
10011001111010001000
10000110011001111111
1011010110010101111
110011100001101000
11010101001001101110
11001111100101001
11000000110100010001
101110101100100001
11011010000000110011
11000001001101000011
1100010011100001011
10001111011101011010
100101110100000100
10001101011101011000
10001100001100111110
1010010001001111001
10101101000101001010
1000101111010101110
11000011000101110101
10010111110010010001
1110100110010111000
11101011000001010011
10110111001000011111
1011100100011011110
11010111111011110101
10000111000111011101
11001001010010110
10001011011011011000
10110010011010110001
10100100100011101010
11011110001011110011
10110101111110100001
11000011000100001010
10101101001001011000
1110001010011011010
11100000010010111110
11000011001101111101
1001111010011100010
10001011111000101100
100010100000010
10001111011110101111
100101100101001110
1111110001001011000
1001001110001111010
10001101100011001101
11100010111111010
10110101100000010011
10001000000010101000
10111110100011111100
10000101111101110101
10110000000011111000
1101011111001000011
10111011101011101101
1100000100011000010
100010110000000011
111101000110100111
1011101011111111
10001010110100010100
100010100101011001
10010111011010111000
11110001101001100010
1001101010010000110
10111001111110001
1001110111000111111
1011101100100110111
1110110111110011010
11010111110001011000
100001101101010111
111000000011111
11101101001000010101
10000111010010110000
11110010000111010000
10011011100001010101
11101101100111111011
101011110001001000
11101001001011000000
10000011000110001011
110101000111
11101011000
11100011111100101011
11011110100111100010
10111011111000001010
10100100110010101110
10000011101001111100
1110110100111100000
10001010001110101010
11011111001101101100
11011100111001100000
1010000001011111011
10011010001111001000
1011101011011000101
1111101011011101001
10011101110100010100
10011001000010000000
111001110010010101
1101000101100011101
11001100001111010000
10011001111001001010
10010101100100110110
1101000110001111011
1101101111111111011
11000001110101011100
11111100101100000
1101011101000111
10100111100111000111
110110110000001011
10001011100101110111
10011100010011110000
10011101100100011111
1101101111111001100
101011110111110101
1110110101000001110
10011100000101111000
10100111100010011010
10111001100010000101
11011010111111111000
10110110001100101101
11100011010011100111
101010001000001010
11100011110010110
1010001101101110110
10000110101000001001
10110001100110111111
1000010011111000011
11111001010001101
10000111001110001
111110000110011110
1101110111110111001
10100100001011000111
110100010100011010
100000100001101001
1111001111001110101
11011001011100000101
111110111011110010
10111000110010011111
11100010110111100001
1101011111100110111
1101010010001010011
1000111101000000000
11011010100111011001
1011111010111000000
11011110010001101010
10110101101101111010
10010100110100010001
1101000000110011100
100011000101010111
10100111111001111000
11011001111101001111
10111111000011001101
1010111101101010000
10101000100001100111
11000011101011101110
1101010010000001100
10010101000111000000
100100101111100101
1101111101101011001
1000010010001000
110110010100010010
11001010111100111110
111001011000011010
11001000111110001010
1011000001010011100
10001000101010000011
100111011000011
11001011001111110000
1111000001001101000
11110011100100110001
11001000001101001111
10100001111001000000
101010001100101011
1001110111011101110
10001101011111000101
11001001010001111011
11000000101011111010
10010100010110010
11100100011111001
11001110110011111101
11110010001000000101
10010111101000001010
11011011100100101101
11001110011001000000
1010001001000101101
10010000100111010111
11000001111011001010
11110011011010001010
11100010111100101010
11000011010110100100
1110001101001101010
10010000100011010
1000001110100011010
1100001000011001100
11101000100111000011
10000100111100001010
101011110010010
1001000110101101100
11000011001101111010
11100010010110001
1110001000001001100
10011101111101001110
11000010000000000110
11110000011100110001
10000100000010000011
1100111010100010010
1100111111100110110
10101000000111110000
1100100001101100110
11001000010111001000
101001100001001
1000001100110001
11111111101101000
10001010001010110101
10000001000001101001
1000111001111
1110110010110111
1011100001101110110
11100101101000011010
11010010100001001001
110111101111011101
1001100001010
10011101100111000110
11011000100101000100
110001010110110101
11010011100110001111
10000111011001111010
101101010000010110
1111111001010011000
11110011111000101110
1011000101110000111
11001001100111101
11101100001101101001
1010101100000010010
10000100011011010000
11001100100110000010
1011110101110110111
1101010111011100010
110101011111000001
10101100110000100010
11010101111011010001
10111001100000
11100010001101000000
100000110000010010
1100111001001111011
101110010001000111
11001101110110010110
11111000111101110
1101100101101011110
10111100011001
110101011000011000
11000001110010011100
1100100010111001010
11110011000101110000
10001001001111010
10100010000101010
10110111001011001
10111111110111110111
10110011000110001110
1110000000110111111
101100011000100101
1100101011011110111
100001000100001
10100100001101100110
10111010001111100000
111101101011111110
1011100001101100
1010101110011111001
110001011011100010
10111110100010010010
10110101100101000010
111001111100101000
11110001101101001000
1010111001010101001
10010111000110110100
1010011101100011
11110010100001101110
1010111100000011111
10011001000101111110
10011011001110101100
10001011011000010000
10001010100011000011
10010110011100010000
10000110111110110111
11000001011001000101
1111111011100011011
11100111111010000000
10110001001000001001
10001011110011011100
1000001110111000000
1110011001000001100
10111100111110100100
1010111000100011001
1111111110001011
100101110100101110
1011110100011101011
111010101010010111
11000010110000111000
1000001001010000000
100010010111011111
10110010111000011110
10000100111100011111
10001101011001010101
11100000011000000000
10101010101111100100
10100111000000000000
110000011101000001
11000010010011010
11000100110011001000
101010101111000000
101100010011111101
1111111111100111000
11101010011101000110
10101111101001100
11101000100011110001
10011011110000000
10010110000001001011
1111001101100010001
1011000010001011001
1111110101100100000
1100011001101011111
10100001011011000100
10101001100101100100
1110010011111011000
1001011100111100
10100011110010110011
10101001001111001001
11011110011000000100
1000101110100101011
10001110001001011111
100011100010001001
11011010000101011010
11011101001111011101
101011100001011000
11110011001001000
11100110010101101010
1000000001101100000
1110110101001001001
11011010011001001111
10000011011010000010
11001001100001111011
10000000011101001001
1100001010001110001
11101110000011011100
11010101111001100
10011111001101001001
10000001000110000011
11011111100101010001
11001101101100110101
10000101100110010010
11011011111010101000
1101100100000001101
100100001111101111
1011011100111011010
1010000011100001111
11001010010010010110
1011010011011001101
11001000001110101001
1111010110010001010
1110000111010000
110000011100011000
11000011110010110011
10111100010000110010
11010101110000101101
1011000011000110
110110001101011111
11011100010101100110
10111101110011001010
11100000100110000011
111100011000010111
101011100010000101
10110111110111000110
1011000010001001111
1111110000011111111
110001101100011111
101000010011100011
10110010101001100000
1010110101111100011
1110000100011101111
1111001010010000000
1000110100100011
1001001110110110111
10111110111111111
11110011100101010110
11011000110011010100
11100100110110110011
11100010011001101100
11101111111111101000
10100110110101111001
101010101100000110
11011101100110111001
10100100011100101011
10110110100100001001
101100110111110011
11100000010010111011
11100100110111001011
11000011000011000101
11110010110111111100
1110000110110111101
10101010000000100001
111011110101000000
111101101011110100
1000011000001101111
10001100111101010001
1110001101010011011
11101100010101110111
11101101110111010111
11101100100000010110
10000110101110010101
11000011011101010101
1100001011011011011
10011100001011011100
100111001101110
10100110100110010111
1001101110001001100
11000001000101010
11010010010010111110
11010011100111
10010010101001111101
10000111101101101111
11010101000010010
10101100001010110010
10010000101100000111
10111110110101111101
100111001011001011
1100100111100010111
1100111010111110
11100011100000100000
1001011001110110110
10101100111101110000
10011111010101010111
10100011110111010100
100011100010011
1110000001101010110
10001010110111010101
1001101101011011010
1011100001101110101
1001010011000101011
11011010101000011110
10000100011001000
11000101110101010101
10110001111010110010
11100001011001001010
1010111000011001101
10010001000001011000
11100001111110100110
10001111110111101101
11110100011001111
1000010110110001100
11001110011010100001
11101100001101010100
111000111110101101
11010000101101001110
11010111101011000011
10010111001111100100
100010010001111101
10011011011101000110
1000001111100001010
10111000000100011010
1001000110110001110
1110111111110100100
11111010010101101
11100011010100010000
11110010000001110111
10001001101100100101
11010110001110000000
11001101000101010100
10001110110101011010
10010100110001010010
11010001000010010101
1100011110101111110
10001101010100011111
1001110011110010000
1010000000000101101
1010010001010101
10110101001101110111
1101000101101011111
11110010000010100000
11100000000111100000
11011110111110111
1000011100000110111
10011110011111101100
1010001111011010
11100000001110111000
11010111010011110111
11011101110111100111
11000010011001011011
10010110110010000100
