f0 16 2
211 10 6
2142 5 5
108 10 16
6s 31 30
bc 19 5
11 16 29
g0 17 36
7f 19 30
110221 3 32
101 17 36
11 6 12
3 16 23
131 16 12
632 7 7
70 19 10
br 36 29
dn 32 5
9f 36 23
b7 16 29
537 8 32
7d 16 29
54 32 23
1aa 12 23
4n 36 20
204 8 10
174 11 36
312 11 3
110 7 11
b0 12 31
102 20 10
1103 6 11
c6 30 2
aw 36 23
co 31 2
11b 17 2
10001100 2 5
110122 3 32
100 8 19
6s 30 5
1l 30 29
8f 36 29
6 8 11
10010 3 30
622 8 5
104 6 20
ef 19 31
377 8 17
g2 30 29
ci 36 3
279 12 7
1312 6 30
142 17 19
9c 17 5
110220 3 7
1131 6 23
1444 5 19
103 5 36
2322 5 3
14f 17 7
471 8 12
8j 29 32
704 8 7
3v 36 29
205 10 17
111110011 2 19
ck 32 12
5 23 2
b7 12 7
102210 3 29
dh 19 30
134 8 20
218 12 3
i4 19 17
120110 3 31
59 11 32
3044 5 31
7p 36 32
10110101 2 20
n 30 31
1412 6 32
60 10 10
101000 2 31
cj 20 10
hg 23 10
22112 3 31
3a7 11 32
1500 6 36
f4 30 29
103 17 6
1236 7 29
5l 29 17
b6 30 23
2134 6 36
2002 3 6
120102 3 19
2113 6 3
435 7 11
28 32 6
102201 3 2
101 16 36
12110 3 30
9o 29 3
75 31 16
483 10 5
12111 3 6
454 10 16
1b8 12 12
198 17 8
96 16 5
271 12 13
5k 30 12
222 8 36
1dc 16 19
cb 36 36
9o 31 3
10c 19 17
2c 30 16
2f 31 12
110121 3 32
1230 5 13
h 31 32
5s 36 19
227 12 12
gm 23 17
70 20 11
25 29 32
424 10 10
502 8 12
4g 17 23
291 12 23
533 8 6
d7 19 13
378 10 31
2 20 12
dj 36 31
a5 16 2
bq 32 20
112211 3 13
2bc 13 17
5 16 17
1010011 2 6
116 19 6
7d 32 31
ai 29 17
154 8 3
472 10 31
374 10 31
11000101 2 32
a2 31 36
101112 3 23
11 8 16
570 8 20
f8 29 7
342 6 31
344 5 11
1241 7 20
266 13 2
1101 3 31
551 6 6
64 36 32
gj 20 6
cr 30 36
252 6 30
207 11 11
es 32 10
f3 29 3
23 12 12
b8 17 5
92 13 29
cq 29 3
37 8 36
100110010 2 13
e4 29 30
75 17 31
11 2 2
63 8 13
1a8 12 11
6e 19 20
3k 31 6
g6 20 31
113 6 32
eq 29 10
fi 30 7
1e0 16 11
1001 7 7
11a 13 19
7k 32 6
7b 17 2
1014 6 16
fi 29 30
27a 11 5
366 11 29
118 19 31
302 7 13
101110 3 8
178 13 12
cf 29 17
301 10 20
120200 3 6
2n 32 36
364 7 10
6f 20 10
3311 5 32
160 8 11
229 12 16
510 8 23
92 29 3
44 7 30
1223 6 36
260 12 12
15 11 36
165 12 23
b0 29 6
f7 19 36
102010 3 2
403 5 7
4 36 8
172 16 36
bv 36 20
2a5 12 36
aa 19 16
7k 31 7
660 7 16
67 29 13
181 11 2
1265 7 36
142 12 30
1cc 13 23
36 36 19
g9 17 3
101010010 2 11
362 7 3
153 6 7
79 36 29
323 7 12
2a1 11 11
1i 20 5
1252 6 32
el 23 3
al 30 19
7 23 17
1305 7 8
2n 32 19
6a 19 7
5e 30 19
a2 36 29
104 5 30
298 13 10
73 23 16
2100 5 3
3 5 12
e7 29 12
1220 3 12
h7 19 36
b3 30 31
46 23 13
cq 29 11
93 12 2
4f 32 31
221 13 17
5f 36 13
4p 31 10
196 16 12
e 20 23
11f 20 12
140 10 30
11000 2 10
bp 29 2
47 20 10
357 10 32
1313 5 31
15 23 7
133 10 17
1d 23 31
fg 23 11
1410 5 5
63 29 12
165 16 19
41 8 12
3f 20 19
15 8 5
eg 29 6
fr 29 8
3j 32 20
351 12 16
2a 30 30
c2 23 29
316 12 5
64 7 23
q 32 5
a4 16 20
4g 20 7
160 17 2
276 13 30
57 8 30
e4 20 30
2b6 13 13
ci 32 17
4f 20 3
d6 30 36
674 8 20
8a 13 13
c6 17 12
1203 5 23
1552 6 31
9h 20 6
dg 36 19
eu 32 23
3143 5 16
9e 23 5
37 23 7
1m 31 12
2a1 13 6
230 6 11
5e 17 2
1124 6 20
ck 36 30
1c1 16 6
3333 5 10
360 8 8
a6 29 19
101020 3 16
8h 19 30
g1 17 7
a3 30 8
fc 29 12
4r 32 8
1222 6 31
134 10 12
120 13 20
332 10 5
47 23 2
6o 32 20
c 23 11
20 10 2
33a 11 12
cd 16 23
10f 19 36
23 31 5
f7 32 17
122101 3 19
1133 6 5
148 11 32
555 7 10
1145 6 13
2111 3 6
2102 5 17
eg 23 31
an 30 7
2200 5 7
259 12 17
bc 36 5
111 20 32
3 23 3
9 13 7
262 12 2
13 31 10
1c 19 17
282 11 20
1211 5 5
101100100 2 13
19a 17 16
9k 30 13
10010110 2 36
20 5 6
cf 30 36
1246 7 17
39 10 16
87 20 3
121001 3 20
bg 31 23
df 19 3
634 8 8
1026 7 32
6t 31 29
bc 17 7
91 31 11
8 20 36
52 8 11
363 11 29
2341 5 12
d4 19 8
1232 6 5
ag 20 13
25 19 12
11g 17 23
221 12 30
18e 16 16
ek 31 10
16g 19 5
2a 17 7
120 3 2
1210 7 7
111221 3 32
a3 11 10
10200 3 5
3a8 11 6
100202 3 2
1210 7 17
1e6 16 3
4n 32 36
1020 3 20
443 10 36
111110 3 16
88 10 13
38 20 31
2v 32 29
12011 3 16
81 11 17
141 11 11
9h 19 19
163 10 32
163 17 8
2g 20 31
en 30 16
b7 23 17
1202 6 2
54 19 20
1355 6 36
1325 6 13
391 10 29
357 12 31
7g 19 31
b6 16 29
1250 6 32
8c 32 7
111200 3 2
26 23 6
24 19 29
41 20 6
b8 13 2
204 5 16
265 7 31
9a 20 17
25 31 30
5f 30 7
211 13 32
22212 3 12
100120 3 10
2045 6 3
546 8 5
3c 13 30
3v 36 7
3103 5 32
1a7 11 20
1403 5 7
9i 29 3
gi 29 10
220 10 6
f9 23 5
100010 2 36
321 6 8
1b2 17 32
1310 5 29
5m 36 30
19 10 23
102110 3 8
108 12 11
e6 19 20
12120 3 13
200102 3 17
21110 3 10
1q 31 23
f3 17 20
8c 30 30
145 6 20
6e 16 20
134 13 10
c3 19 5
281 11 8
2a5 11 2
11101001 2 31
26 13 23
232 11 13
110110 2 23
2l 29 3
110 2 12
3c 23 29
436 10 2
e8 17 6
q 36 10
12a 17 10
9d 19 7
2a 11 16
751 8 29
54 12 19
238 10 30
203 11 10
cl 36 23
a8 30 20
104 7 2
248 13 36
1101 6 2
7 23 29
426 7 13
1041 5 10
14a 12 8
98 10 31
gg 19 20
95 20 29
124 19 36
39 16 16
ee 16 32
ce 31 31
hb 19 23
28 13 16
17 31 7
101000011 2 7
gj 30 6
21101 3 2
120 5 3
1414 5 10
hb 23 19
j0 23 36
194 13 7
179 11 36
111000 2 31
1e 32 16
17 8 6
2400 5 5
225 11 8
27a 12 36
391 10 32
37 10 7
hk 23 11
283 10 19
150 17 3
221 6 19
5 32 19
gd 19 36
363 7 10
1l 36 3
1130 7 16
100101101 2 17
11e 16 6
101 11 2
352 10 19
20 6 5
52 12 7
7j 29 10
97 23 12
85 30 16
148 13 11
467 8 7
190 11 5
43 19 20
63 11 29
19g 17 10
8d 36 8
554 6 16
143 5 20
1101100 2 17
413 10 23
216 7 23
2i 23 11
2i 32 17
1be 16 13
462 10 19
1g 20 20
144 6 3
10010 3 11
al 31 20
3023 5 2
13 8 12
308 10 10
9i 30 2
12h 20 8
53 6 5
13i 19 2
2224 5 19
1513 6 36
177 12 10
1021 7 10
341 10 19
354 6 36
237 13 17
60 36 13
1ce 16 16
1100111 2 36
182 16 2
8u 32 32
3414 5 23
100220 3 8
273 8 10
20 20 6
dc 29 32
5c 30 3
122120 3 31
136 12 20
536 7 12
cd 31 32
b5 17 6
ap 30 2
ec 19 11
1305 6 19
201 5 8
313 10 2
212 6 5
252 10 16
5c 19 5
220 11 2
370 8 32
7c 32 32
c3 29 31
328 11 32
db 32 3
13a 11 6
4o 31 23
fi 32 19
15b 13 31
4e 20 2
122 10 13
1a1 12 5
1m 30 20
5e 20 5
p 31 8
3241 5 12
191 12 5
11110 2 7
4h 36 3
551 8 5
17 32 23
9 30 8
3242 5 8
14a 12 13
309 10 17
1242 7 17
1c2 13 16
552 8 31
110110 2 19
83 19 16
18a 16 32
dd 32 6
111120 3 17
1a9 16 19
e7 31 17
8t 36 29
311 11 17
102120 3 12
4 8 23
314 6 12
b4 12 7
dj 29 23
jb 20 36
5d 36 6
411 7 29
h6 29 23
294 13 2
3a3 11 5
11110100 2 23
o 29 12
6a 32 6
1012 7 5
200000 3 29
30 10 3
73 19 32
284 12 16
32 23 13
636 8 16
11001111 2 20
133 17 31
294 12 17
155 7 11
1340 5 8
5j 20 5
111212 3 16
3e 32 7
5a 16 17
cf 32 29
15b 16 11
8q 31 32
163 17 30
425 6 29
cb 30 6
10111110 2 7
58 11 3
8u 32 17
82 19 12
9j 31 12
117 13 30
25a 11 36
19 29 36
aq 30 17
88 23 7
3101 5 12
44 13 19
2045 6 5
125 6 23
1550 6 2
3a 17 8
c7 30 17
110000111 2 30
3323 5 31
454 6 36
45 6 16
28 11 31
33 6 20
2401 5 12
63 20 29
8p 36 16
483 10 20
1243 6 20
101022 3 36
342 12 20
169 17 17
120 16 29
jd 23 2
100000001 2 6
dp 30 3
f8 20 16
64 30 16
14i 20 10
173 19 23
601 8 3
101000110 2 19
cc 19 10
122001 3 3
ba 13 23
15 20 31
88 36 6
17b 17 10
111100111 2 17
3b 32 10
7p 32 23
335 10 30
2a 31 16
3233 5 20
16a 16 13
ca 30 11
25 6 17
396 10 3
2145 6 3
220 13 12
12121 3 2
2024 6 17
er 30 16
328 11 10
9p 30 2
i2 23 13
3312 5 11
434 6 17
25 17 5
3a 17 6
bh 32 11
90 20 2
11f 19 20
b9 17 10
120112 3 6
46 12 32
213 8 17
9q 30 23
3e 29 23
46 13 13
10222 3 16
110 5 13
11111100 2 32
2h 19 36
1413 6 29
6k 29 17
7n 32 10
f5 29 6
18a 16 29
379 10 29
114 13 2
ae 29 17
5h 19 29
6j 36 30
238 10 12
3u 31 17
110100110 2 17
13 31 11
1n 31 23
7i 36 6
42 7 19
1 7 30
70 8 30
181 13 31
1434 6 31
401 11 2
5j 30 13
1421 5 7
62 20 6
110110100 2 17
1005 7 17
27a 13 29
i 20 36
460 7 16
8a 16 5
30 20 30
302 8 16
152 11 10
6a 23 32
157 11 11
3d 36 5
70 8 19
bg 17 31
3a 23 19
2a 17 13
ab 17 12
1445 6 17
72 23 31
c9 20 13
c 20 30
a1 16 13
8e 19 20
146 7 32
1330 6 17
cb 23 32
15 29 36
158 10 20
40 17 36
ab 29 19
4u 32 10
f3 20 32
26 10 3
gd 17 11
1226 7 5
95 32 32
h6 29 8
4j 20 17
2c 13 11
10121 3 2
10100 3 8
39 13 3
9h 29 2
27 11 12
120 10 31
301 8 29
296 13 20
13b 17 13
121 20 11
140 10 29
632 7 11
bc 29 5
36 16 13
g0 20 36
da 30 8
12 32 11
203 5 20
547 8 13
340 7 32
af 29 17
1514 6 36
255 6 3
48 13 8
eg 23 11
aa 32 36
100002 3 3
8i 30 16
77 10 30
bs 29 30
359 10 31
205 12 36
101 11 32
1314 5 31
24c 13 32
2222 5 6
1033 5 12
bb 30 5
2f 36 8
2332 5 20
410 7 20
1020 5 13
22021 3 12
c8 31 31
de 31 17
336 12 30
dd 36 31
9h 23 16
120000 3 20
e9 29 5
1b3 16 23
cg 17 11
176 13 8
166 8 23
324 6 8
12 5 13
fe 29 19
435 10 6
122110 3 2
25 20 29
110000110 2 11
8s 32 23
bc 13 13
a7 20 20
20 6 29
et 30 20
b9 31 36
110122 3 10
1 2 2
3343 5 19
157 8 2
6a 20 32
o 32 7
77 30 3
23 20 36
eb 17 7
f2 30 13
2d 16 17
ca 23 17
8c 36 20
313 6 30
11101000 2 17
b3 12 29
9b 17 16
9a 17 10
259 11 12
f2 31 12
cg 29 20
110100000 2 36
1203 5 6
e6 23 7
178 17 19
2011 5 10
e4 17 16
4s 31 12
1b8 16 6
j0 20 11
116 10 16
3j 31 12
9m 30 32
535 8 3
1ba 17 16
1000 6 20
11022 3 3
11c 16 30
140 5 17
100011001 2 13
45 16 3
36 31 10
1000100 2 29
129 10 16
58 29 10
370 10 36
54 10 6
135 11 8
4k 32 16
101 3 12
222 3 17
a1 31 12
f4 29 10
1203 6 6
110110010 2 2
1cf 16 6
412 5 30
13d 17 13
3n 36 10
136 8 8
ab 17 10
kb 23 8
cf 36 13
11i 20 8
d9 31 20
1a1 12 29
112212 3 20
87 30 36
91 23 5
6j 23 7
626 7 12
b2 23 31
2022 5 23
f9 20 5
3v 36 36
553 7 8
1263 7 30
212 12 6
c1 32 29
9a 31 29
ab 13 19
5l 30 2
46 20 29
93 23 12
79 19 2
3224 5 5
347 11 17
q 29 29
4p 29 6
94 16 20
123 8 3
74 31 3
eu 31 17
18 16 13
10a 16 5
1231 5 17
a6 13 30
76 8 20
8 19 10
1220 3 13
d3 29 17
1a4 12 3
3a 12 23
18 17 29
332 8 12
2g 17 11
80 11 12
83 11 29
e5 19 5
144 16 31
75 13 17
104 6 12
41 20 11
21 17 10
652 8 17
g9 23 20
232 12 17
101011001 2 30
1053 7 8
181 17 3
48 20 8
484 10 8
501 8 16
113 5 7
416 8 7
71 13 11
3p 31 16
dt 36 12
1e 19 20
lc 23 3
1c2 16 36
151 7 36
3a5 11 20
116 16 3
ao 29 5
9f 20 36
gb 19 6
431 6 32
295 11 5
0 36 10
21 20 7
110100111 2 23
4h 36 19
23b 12 16
56 11 20
1014 5 13
7 13 30
57 17 3
192 12 5
2431 5 32
2r 36 10
hc 20 12
32a 12 20
av 36 10
ca 16 36
1023 6 20
eo 29 2
9 16 12
1bb 16 11
c4 20 29
122 6 5
277 10 29
218 13 31
10010100 2 10
f9 20 8
bc 29 3
216 12 13
574 8 8
d0 19 29
261 13 29
bh 23 30
3q 31 8
14f 19 5
1003 5 17
6h 31 10
1g 20 29
12102 3 19
di 23 31
89 36 13
35 13 36
112021 3 7
5k 36 12
434 6 20
fb 30 8
3h 31 11
e7 32 16
605 8 32
54 19 31
1221 6 20
5b 20 6
f 19 20
3330 5 17
250 12 30
1100000 2 2
19 12 19
ab 12 31
g4 30 5
17c 16 8
11111001 2 31
486 10 17
3421 5 17
fc 17 2
d9 31 5
501 6 8
0 16 32
21a 12 8
1j 20 17
am 32 6
330 12 12
38 23 12
1442 6 7
526 7 6
l7 23 6
234 8 12
38 31 20
525 7 23
254 10 10
1b 16 30
319 11 11
bj 31 2
fm 30 12
d7 29 20
b 30 10
121022 3 19
f8 19 2
46 17 6
431 10 2
2 31 8
eh 29 7
99 16 6
9a 31 16
11a 16 6
c5 19 19
1f3 16 11
91 20 10
92 32 16
es 32 17
ar 36 29
12210 3 5
cp 31 5
11002 3 2
1g 29 12
419 10 36
275 13 19
1155 6 16
13e 19 19
246 11 3
121020 3 32
169 11 16
c3 29 10
46 23 19
450 6 32
d9 32 12
cf 36 10
7d 29 6
52 30 3
58 10 11
1201 3 11
1a9 13 31
cv 36 13
gj 29 32
171 13 6
110111 3 30
148 16 2
23 29 2
a7 20 16
37 31 3
ff 17 23
b0 32 32
a7 20 17
10d 19 5
e8 23 5
f5 17 5
9d 23 7
12120 3 31
102 16 8
5b 31 13
109 16 36
53 13 6
184 12 32
1302 6 6
10g 19 30
4q 29 3
2324 5 17
a3 12 10
9c 19 17
112200 3 11
365 11 17
u 32 32
gf 23 19
4h 23 17
211 13 36
4c 13 31
fc 17 12
51 6 17
11020 3 23
ci 19 36
ff 16 20
67 10 12
10100101 2 8
47 29 30
e2 32 17
184 10 12
166 16 11
83 32 32
96 36 12
5h 20 2
175 16 19
1124 6 31
54 12 11
352 7 10
122201 3 23
10g 17 36
552 8 10
140 5 13
196 17 19
25b 12 13
4q 36 12
f4 16 30
10e 17 5
eg 19 6
2020 6 19
2c 23 29
k0 23 8
a6 36 29
100010101 2 20
1d3 16 23
q 31 30
48 13 36
8i 20 36
56 29 32
94 17 16
em 32 16
32 23 5
4p 36 6
11111010 2 30
110100 3 20
234 11 19
21022 3 3
1c7 13 29
0 17 11
9g 29 16
112121 3 23
188 17 36
65 12 5
2143 5 12
140 20 19
161 11 20
15c 13 5
b4 29 12
122 13 12
30 13 12
c 19 2
1c0 17 10
2111 6 8
1133 5 19
1224 6 36
113 6 5
197 10 5
100102 3 13
243 13 10
84 32 36
9b 32 8
302 11 20
1160 7 11
a5 11 13
at 30 8
11b 17 30
125 8 5
213 13 23
19a 13 29
7a 20 2
491 10 7
h9 20 10
e5 16 13
10d 20 6
10 29 20
3341 5 17
14 13 31
c5 17 11
53 13 10
22100 3 10
32 13 8
60 36 12
1o 31 19
94 12 29
345 11 8
l9 23 10
672 8 8
21222 3 17
61 20 13
21 12 29
12 11 20
273 10 16
3312 5 13
47 13 31
444 10 20
2b 23 12
112 7 19
103 6 12
5a 12 17
526 7 16
235 7 29
1532 6 13
142 6 3
68 31 32
1 32 19
2o 31 36
4s 29 10
100110 3 20
188 16 3
h 23 6
227 10 5
f6 20 29
1211 7 2
62 10 17
fi 31 17
39 29 5
268 10 13
gh 29 20
9r 36 10
10201 3 8
5r 31 8
ek 31 20
1002 5 6
8d 36 10
gb 30 11
310 7 29
151 16 23
120200 3 8
7p 36 10
2a7 13 10
45 19 31
b6 16 2
240 5 20
191 16 19
95 36 31
133 20 8
86 29 30
17b 13 19
f1 29 11
e3 20 3
200000 3 5
2r 32 7
ei 31 32
405 11 6
113 20 13
18 19 12
46 16 36
i7 20 2
1b9 12 32
211 13 7
as 36 10
g4 23 30
ec 23 20
17b 17 31
2s 31 16
11011101 2 11
jh 23 13
ab 23 10
211 10 16
296 13 31
110011100 2 13
1400 6 7
7y 36 3
1014 7 8
ej 32 29
19c 16 19
389 11 23
jd 23 19
46 30 30
144 5 17
42 13 19
317 10 16
636 8 20
1a4 13 13
303 6 3
123 20 2
2o 30 3
81 36 7
4b 19 29
1156 7 23
5c 30 2
1100111 2 29
34 6 3
30 6 5
234 6 7
392 10 11
a4 16 31
68 36 6
bl 30 2
1101 5 16
160 19 3
498 10 16
6f 16 5
65 11 3
121120 3 2
7c 29 11
724 8 19
150 11 5
13c 19 6
284 10 6
23 8 30
dj 32 2
754 8 31
83 19 17
1a3 12 29
3321 5 12
102 11 8
14f 20 12
432 7 20
234 6 23
112 5 31
i0 19 30
108 11 23
4 16 5
300 11 20
341 8 36
f9 30 23
100000111 2 16
7t 31 11
711 8 12
110111 3 31
10000000 2 3
5l 29 20
dd 17 16
152 6 13
424 7 13
10010101 2 19
605 7 12
440 5 36
1003 5 5
bh 31 12
223 10 31
297 13 3
229 13 36
233 7 32
3 5 6
fc 32 19
dh 30 3
100111001 2 19
372 11 36
6q 30 32
342 5 36
111020 3 5
111011011 2 31
188 13 10
100100101 2 32
2114 5 17
eb 30 7
d3 16 17
3g 32 16
60 23 30
2114 6 36
1025 6 3
7d 23 20
531 7 10
334 10 10
eg 20 12
2310 5 11
19e 16 3
2h 32 10
88 32 11
5i 19 16
8d 32 5
164 19 31
502 7 36
193 17 30
62 30 20
349 11 20
314 12 23
160 10 11
3q 29 5
51 23 36
2114 5 6
bk 30 32
2042 6 23
4d 23 20
14 31 16
11010010 2 11
1b3 12 16
e1 17 13
1a8 13 30
10020 3 3
552 8 7
523 7 8
15h 19 17
1442 6 30
20100 3 16
m 29 29
20c 13 19
51 36 29
1143 5 13
dn 32 6
111010000 2 11
111101 2 10
240 12 17
f 19 12
409 10 13
cb 23 5
351 11 5
1a4 13 19
24 8 5
48 32 17
2h 20 36
101020 3 31
65 13 10
225 8 6
b8 12 8
336 11 17
437 10 30
1ad 17 36
dc 16 6
122 11 6
563 7 11
dj 29 31
c4 23 23
22c 13 16
1542 6 2
9j 23 36
2310 5 6
15 29 23
c3 19 20
221 8 10
68 31 2
47 19 20
1da 16 8
2u 36 6
114 5 5
1 29 29
28 20 17
22 19 2
10b 13 30
118 16 23
12002 3 10
2311 5 17
1021 7 2
1511 6 36
fa 31 19
49 23 3
552 7 20
524 6 12
1423 5 17
t 30 20
3b 16 6
106 12 31
104 12 29
334 8 23
66 29 13
11110 2 16
323 7 13
br 30 10
177 16 30
727 8 13
13 16 10
320 5 30
401 7 13
2314 5 7
aj 32 6
7s 36 31
414 6 19
a5 36 32
5m 31 36
c3 23 5
145 17 6
120111 3 29
3j 20 8
2h 36 19
ai 20 11
10 23 16
346 11 7
8a 13 36
70 23 3
5d 36 2
368 11 3
1155 7 30
c6 17 16
86 10 36
74 17 23
1343 6 36
ij 20 17
et 30 5
89 16 11
5t 32 23
31 31 6
ar 32 19
7t 36 3
466 10 36
1f 20 2
43 32 3
111001011 2 29
bb 23 5
42 12 6
3b 17 10
2222 3 23
11d 17 7
9f 29 10
ae 29 29
10100101 2 7
15b 19 17
f0 16 10
7b 30 6
4j 36 2
150 11 11
aa 30 31
ff 16 6
426 7 32
12 10 29
71 36 8
lg 23 32
37 20 19
73 16 36
111101001 2 5
e9 32 20
2043 5 5
13b 17 29
1006 7 8
244 11 10
9a 16 10
236 7 19
365 10 16
11000100 2 30
176 10 10
1g 32 2
19b 17 7
1111 3 23
3130 5 11
ef 19 7
fr 29 36
cn 29 32
b1 12 19
g8 29 11
fg 30 36
100010100 2 29
a1 31 11
cj 32 17
116 8 6
8b 23 36
17a 11 5
9i 32 23
fi 29 3
104 12 2
255 11 7
2 6 10
1e 20 16
38 31 5
10h 20 32
85 23 10
ci 19 7
7p 29 6
238 13 13
1330 5 10
94 29 7
513 8 5
1424 6 2
bi 20 10
7q 30 30
209 11 6
101010101 2 8
113 16 31
12h 20 29
1a 32 13
353 10 31
94 23 2
303 11 23
da 31 12
1ce 16 19
6j 31 32
1203 6 19
2g 31 10
308 11 32
d 23 32
44 36 13
10020 3 5
111010 3 17
500 6 19
b4 13 16
e8 17 3
622 7 8
103 19 36
15c 16 20
433 5 23
d2 32 17
2a1 12 11
2b7 13 8
141 8 20
65 8 8
p 29 8
1431 5 11
31 16 12
4q 29 16
333 6 3
203 8 7
7z 36 3
10101111 2 29
21 12 2
29 36 30
450 10 36
192 17 5
456 8 2
93 36 20
12222 3 30
253 11 8
98 20 17
191 13 12
280 10 36
e8 32 20
1010000 2 10
10011001 2 12
148 20 23
229 13 30
2c 36 23
b2 12 23
286 12 20
126 8 2
8o 29 5
640 8 13
1301 6 6
j5 20 30
505 6 5
52 13 12
an 29 31
300 7 5
88 16 5
54 12 7
351 10 29
db 32 13
1212 3 8
142 8 2
1113 5 32
dh 36 17
c1 29 31
22 31 19
30 6 12
350 11 32
110011010 2 6
119 11 20
111121 3 30
22 10 6
h4 29 12
132 19 11
550 7 16
12021 3 23
311 11 3
3j 30 12
357 10 17
111001000 2 32
2150 6 20
fi 29 5
110102 3 12
117 20 10
3b 32 11
12 32 7
26 29 11
cq 36 29
a5 31 29
11122 3 20
e2 17 12
6k 30 32
7a 13 32
101122 3 13
9q 30 20
et 32 7
216 7 12
3v 32 10
79 12 31
c1 29 13
5m 29 19
1154 6 5
10101010 2 13
177 13 8
5g 23 32
ah 32 11
82 13 23
53 19 29
283 12 10
10011110 2 17
93 30 5
2bb 13 36
b4 19 23
1x 36 13
95 16 10
332 5 13
1421 6 32
13b 13 12
187 10 20
301 6 2
et 31 2
a 13 31
j2 20 5
ce 29 3
cn 32 20
1c5 16 5
33 12 6
b9 17 6
662 8 8
130 12 10
34 20 23
138 20 20
166 12 13
ed 31 29
as 29 31
em 31 5
13b 17 2
13g 19 23
1210 3 20
1312 5 2
l3 23 36
3k 36 29
218 13 10
df 23 8
a 36 17
gh 30 6
ak 30 2
133 12 19
do 30 16
193 16 2
312 8 31
d0 29 30
c1 36 20
t 31 36
145 10 13
a1 13 23
c2 30 17
3h 19 17
1c6 13 30
9k 31 30
1120 6 2
27 12 13
3m 32 20
2104 6 12
e1 32 31
9g 23 5
182 17 7
f 17 5
bb 17 2
111011 2 5
54 30 32
gc 17 29
83 13 3
304 5 16
12a 13 20
cg 23 36
2005 6 8
150 10 23
110101010 2 31
17 36 31
1a 13 11
27a 11 12
5h 23 19
9e 17 19
4u 32 36
1104 5 31
1435 6 20
d3 32 17
1241 6 31
1j 23 30
gg 20 3
21c 13 12
5p 32 6
20202 3 36
195 16 31
1202 3 13
da 19 5
432 8 7
ic 23 12
id 20 19
5a 30 36
115 20 8
126 16 23
d 20 29
231 13 31
530 7 29
35 7 2
361 8 8
126 17 36
245 10 30
200012 3 12
24b 12 16
3233 5 16
fs 31 20
1f 17 10
2002 6 30
373 11 19
1031 5 23
624 7 29
55 16 19
356 11 7
12222 3 8
219 13 17
2c 30 10
1321 6 16
101111011 2 16
66 7 36
9a 11 6
2a 32 36
6s 31 7
f0 32 20
f5 29 12
60 32 3
ih 20 7
11d 16 31
556 8 29
35 30 7
cx 36 32
4k 36 36
a0 11 31
255 11 17
cc 30 31
276 13 3
224 11 31
319 10 23
1045 7 10
89 30 16
1b3 16 19
2c2 13 23
7r 36 8
100001 3 16
241 10 10
2h 30 36
202 10 29
7x 36 16
10b 17 23
f7 17 19
168 16 3
1i 32 30
b2 30 29
dg 32 17
121 8 13
23 7 10
3120 5 12
ac 13 13
111001010 2 23
b2 29 31
221 13 8
at 32 3
121002 3 17
520 6 8
1a7 12 10
355 12 11
e4 29 23
101100110 2 31
110112 3 3
210 3 5
120211 3 12
157 17 5
1046 7 36
af 17 12
402 8 20
1234 7 16
313 10 16
9d 23 16
97 20 6
gj 23 17
6d 19 30
22c 13 29
56 19 12
b9 13 16
454 7 31
32 6 7
df 30 3
20120 3 19
535 6 8
220 3 19
624 7 5
369 11 12
111011111 2 31
121201 3 2
147 10 36
663 7 7
236 13 17
82 20 23
151 8 3
26 10 6
ee 19 19
b2 29 2
21b 13 11
1ab 16 36
64 17 10
47 36 32
211 11 3
5c 29 11
210 11 7
345 12 3
9a 17 5
157 8 8
he 20 20
d1 32 17
6p 29 30
13f 19 31
di 19 6
95 30 23
312 12 5
e9 16 36
138 17 31
101111 2 13
264 8 30
391 11 36
e1 17 5
359 11 7
525 7 16
125 7 11
b1 17 16
d1 36 32
75 20 16
1c 17 31
150 12 12
e3 17 23
135 13 20
51 7 31
291 13 6
8b 32 5
57 31 7
4 36 32
jh 20 20
245 6 12
255 8 5
ih 23 7
1001010 2 6
ci 29 20
a1 19 6
4k 30 8
1c 23 23
550 6 31
19b 16 12
15a 17 13
133 12 7
at 32 31
10001101 2 5
101010000 2 6
5m 36 36
22 23 13
3s 30 12
8 31 16
127 8 23
433 6 16
11110010 2 20
300 12 19
c4 30 19
168 16 29
4b 16 16
167 17 3
754 8 11
1111101 2 5
a 32 17
110100000 2 2
100001011 2 17
168 19 8
3s 29 3
271 11 20
56 17 2
100 6 11
304 11 17
363 10 20
50 13 10
1h 32 31
113 16 23
188 10 12
175 19 19
101022 3 10
112121 3 2
1aa 12 5
2c 13 20
31 6 31
455 7 20
3c 13 10
k6 23 8
262 7 10
251 11 32
32 5 23
26 16 17
2133 5 32
101 13 13
2c 29 20
be 19 8
476 8 8
ag 19 10
6k 29 30
f3 31 11
653 8 2
c6 23 16
b1 19 7
1011 3 29
122211 3 17
5p 29 23
111 11 29
254 13 12
90 11 32
55 8 36
13g 17 2
228 10 36
1c6 13 19
410 10 23
305 6 2
664 8 6
110010 2 17
10 7 36
1022 3 7
7l 31 29
410 5 32
5a 11 10
111 13 2
fc 32 2
131 7 31
bb 31 17
188 12 5
5q 36 32
2140 5 23
102120 3 20
193 13 23
236 13 10
3g 31 36
490 10 12
bo 29 19
1a3 11 36
127 8 31
18 23 30
198 10 32
123 10 6
13a 13 16
30 13 3
1z 36 19
117 17 3
3 7 10
b7 13 30
208 10 31
111022 3 17
c9 31 12
k 32 30
5 8 19
76 17 31
9e 31 3
8v 36 31
ei 30 12
2114 6 31
632 7 16
634 7 5
et 32 12
1311 6 6
7b 29 32
fd 32 13
2t 36 20
6n 29 11
2 8 32
524 6 20
115 13 7
89 23 30
1dd 16 13
2g 20 16
165 8 3
1a4 11 23
2a 13 11
129 17 2
101000010 2 32
442 7 20
3 17 6
2323 5 5
1454 6 31
242 10 17
144 8 11
fi 20 2
320 8 29
65 11 23
c4 23 31
c1 17 10
5c 23 16
8i 20 17
1aa 12 7
5a 36 7
j 31 29
5p 32 31
320 11 19
304 6 10
4f 29 16
4o 36 17
a2 16 16
1bd 16 3
351 6 8
110202 3 30
10021 3 5
1s 31 5
149 10 31
5j 23 20
2342 5 8
370 10 16
142 7 32
6b 17 11
110221 3 17
11010011 2 7
1000 6 23
6 36 23
101101001 2 23
fg 30 8
307 11 16
b5 36 8
134 19 36
2434 5 5
1423 6 36
92 17 17
6 13 6
102110 3 16
c1 29 8
cg 20 13
12f 16 12
c1 17 30
20 16 19
2m 36 36
c1 20 3
1j 29 3
22101 3 36
11202 3 7
120012 3 16
413 10 13
6g 19 12
22000 3 29
a8 30 13
cs 30 29
4d 17 30
23 32 11
19 23 23
112121 3 36
224 7 32
cr 32 23
12b 17 7
ae 23 2
m 30 8
21 11 12
1a 30 10
6r 31 29
ja 20 12
22210 3 2
6l 31 13
2g 30 3
ae 16 23
bc 13 12
100101000 2 20
646 7 16
d6 32 30
221 11 2
245 12 6
1414 6 12
661 8 6
377 8 6
202 7 8
275 11 2
1cd 16 8
146 13 3
76 8 13
218 13 3
c5 23 31
211 5 6
101001000 2 7
11100100 2 3
bm 29 23
5t 36 16
8c 29 3
11101101 2 13
gh 19 8
196 17 2
136 16 30
65 30 10
2 7 29
1ab 16 17
133 7 31
150 11 17
1144 5 32
4 32 3
327 8 32
hi 23 16
i7 20 16
421 5 23
503 8 10
f 31 5
110100101 2 13
111000000 2 16
e8 23 8
220 6 23
330 12 2
25c 13 5
f6 17 32
34 23 31
e5 29 11
243 12 32
59 17 12
111010001 2 32
5g 19 23
139 12 5
13 13 20
7r 31 36
138 12 2
9k 30 36
544 6 30
210 10 10
44 5 20
400 6 7
11102 3 16
260 12 5
3o 29 3
9d 16 3
f9 16 10
1162 7 10
321 6 32
8b 32 7
d 23 8
56 7 36
5b 30 20
co 29 2
8h 29 31
4c 29 6
325 6 16
7e 30 19
d9 31 13
7e 16 3
5d 19 23
4e 17 32
238 11 31
4v 36 17
5 19 36
544 7 36
121 12 16
2i 32 7
121 11 17
433 10 13
79 19 23
1551 6 31
11001001 2 20
f0 30 2
42 23 7
q 31 29
1n 29 20
16 11 32
a 20 3
39 29 17
2c 20 11
272 10 5
1011000 2 5
53 29 2
je 23 6
1424 6 5
9p 30 19
333 12 3
70 23 20
157 17 23
112022 3 8
2ac 13 31
c1 30 16
27 19 23
ke 23 3
259 10 10
128 19 30
e0 17 5
407 11 13
1p 36 2
2a8 11 30
1143 7 29
100 17 17
2d 23 11
111001 3 30
120 17 17
221 11 6
ea 29 23
114 11 8
2111 3 23
100001101 2 6
9 17 20
57 11 7
11 23 16
65 23 12
a1 29 8
101010000 2 20
158 11 29
210 3 10
397 10 19
2g 29 11
201 5 30
dd 23 19
30 10 12
ac 19 11
2a 20 5
dh 36 7
ba 13 10
2120 3 36
3010 5 7
1212 6 19
12110 3 17
c3 36 5
6s 36 3
a2 17 3
97 20 17
195 13 23
25 32 19
h2 23 10
18 16 3
11001110 2 19
74 29 23
2030 5 13
8p 30 8
1a 29 30
1204 7 12
111101000 2 16
3332 5 19
51 12 10
2q 31 12
56 12 36
2021 6 17
db 36 30
6 16 36
25 10 32
b6 36 5
130 12 32
a3 32 23
4f 36 31
345 8 36
6l 32 32
a5 17 19
713 8 6
463 8 10
14 16 2
7a 12 3
111010101 2 32
92 36 16
d6 30 16
43 29 11
hg 20 5
126 19 8
bb 31 19
30 8 20
243 11 5
572 8 7
260 7 31
36 23 30
22 5 23
93 23 5
265 10 8
63 13 30
8a 19 12
412 10 12
eh 20 12
100 11 32
ig 23 19
dr 32 19
3b 36 2
13 13 7
6s 32 29
10a 19 17
da 23 23
215 12 17
105 10 36
112 13 3
a2 17 16
4s 29 17
ec 31 11
cn 29 30
101001110 2 29
1211 7 8
8i 23 20
255 7 16
3c 20 36
344 11 17
9 30 16
194 17 29
366 11 31
3j 20 10
275 11 10
h4 20 23
5i 19 20
175 12 17
75 13 6
405 7 11
6 12 2
141 5 36
fr 29 6
1515 6 30
ed 17 3
1013 6 19
1b6 13 32
461 8 3
5g 29 19
19f 16 19
339 10 30
402 8 13
1432 5 11
8d 30 29
1a8 17 13
2010 6 17
ei 32 12
1cf 16 2
3i 20 32
33 6 10
70 32 36
47 36 23
cn 36 11
6m 23 13
162 8 10
269 10 29
131 6 12
fl 23 19
e4 31 30
u 31 11
be 19 5
152 11 31
6g 20 12
1a8 17 8
163 13 23
1266 7 19
111 7 8
ap 32 13
4g 31 16
5h 36 2
95 29 10
2211 3 2
ae 30 11
1250 7 16
13 11 23
fp 31 13
101001 2 32
8n 30 17
aq 30 29
8d 23 12
1403 5 23
b8 32 31
36 36 5
540 6 7
28a 13 23
80 16 17
69 29 17
6 20 29
249 10 23
177 8 31
44 29 29
16c 19 17
45 20 7
576 8 10
56 12 29
3024 5 12
268 13 3
29 20 7
367 8 2
113 6 3
12022 3 2
20 10 23
1a8 17 23
11a 12 16
7d 19 3
2424 5 32
357 8 19
1 19 32
d8 36 8
d 30 32
1a 16 10
634 7 20
459 10 13
8m 32 13
dk 36 30
71 13 17
cf 29 7
143 13 6
431 8 3
2g 32 19
113 17 31
100000001 2 10
cj 20 32
65 20 16
c6 23 7
72 20 13
28 17 10
721 8 17
5g 31 8
101000011 2 2
6r 36 8
415 10 12
8g 32 10
67 12 31
10 7 19
r 29 5
178 13 20
186 17 19
102200 3 36
229 10 10
1246 7 16
10 17 30
202 5 12
c9 19 11
109 20 8
163 10 7
8f 30 12
146 17 2
2t 31 5
bb 12 29
3 10 16
150 12 13
1105 6 5
91 30 17
4e 20 12
312 10 6
290 11 12
7o 36 32
1002 3 3
1a3 11 16
11100010 2 29
12 16 11
39 36 8
66 7 17
5j 36 23
48 36 31
248 13 10
90 36 11
5c 29 31
5g 32 20
8m 30 6
62 7 12
7t 31 13
e8 29 12
1aa 16 30
276 13 2
b7 13 12
120 20 7
9e 17 13
39 13 8
235 10 36
12210 3 8
9n 32 31
1306 7 31
110021 3 20
122121 3 3
1042 5 5
1d5 16 12
29 16 7
1cf 16 29
gk 23 17
1103 6 7
2b 19 30
101111000 2 6
93 23 7
434 10 30
3l 23 31
5a 32 8
c1 16 17
35a 11 29
2202 5 20
112011 3 8
1503 6 17
1c2 13 20
434 6 7
91 30 11
537 8 17
9h 32 6
2124 6 19
636 7 20
1v 32 19
1415 6 17
6q 30 23
1h 31 36
gb 19 19
ft 30 32
338 12 11
154 11 17
30 31 32
11100101 2 31
dj 36 30
5q 36 17
22212 3 23
142 12 32
231 5 2
5d 17 5
1011000 2 3
2ba 12 30
7p 30 20
11110011 2 13
dh 20 19
35 11 23
123 10 5
4u 31 5
2121 6 2
11100111 2 30
525 7 11
3b 20 6
11 12 23
e5 29 3
5 20 31
3b 17 20
af 30 29
117 19 30
72 10 2
4k 32 13
g7 23 17
121 6 17
1l 23 29
ec 20 20
1a 36 17
6d 17 2
52 12 12
1524 6 7
86 23 36
65 11 30
s 31 32
i7 20 7
99 10 19
f0 32 13
39 23 30
cj 36 6
401 10 20
245 7 36
36 19 8
133 12 8
101 2 13
ec 20 16
6f 30 5
73 10 11
2302 5 12
gl 29 31
ai 20 8
198 13 19
1343 5 8
ei 30 31
4i 36 12
g7 30 5
11111110 2 17
12 17 6
56 30 30
4 19 3
fj 29 3
2 29 23
2a8 13 2
541 7 2
9 19 19
10 10 16
112012 3 8
1a8 16 8
8f 19 19
fn 30 13
g7 29 2
145 8 11
15a 11 29
100111 3 5
c5 17 5
6i 20 31
d4 16 12
124 19 12
107 11 30
n 31 30
6s 30 6
96 19 7
316 7 8
3a 16 23
1aa 12 3
h 19 31
7r 30 20
102021 3 19
fs 31 10
af 30 30
136 20 6
f2 32 8
9e 19 10
bi 19 3
2b8 12 10
400 6 2
12g 20 20
2340 5 10
ga 17 19
110100010 2 30
i0 23 29
2o 32 17
g 36 7
116 13 31
2l 36 10
651 7 3
7c 17 10
219 12 8
3m 29 23
200001 3 12
5g 19 31
cd 16 11
60 19 20
fb 16 36
9y 36 12
1130 6 2
140 7 6
1425 6 11
10210 3 31
2a1 12 12
2002 5 30
100001011 2 5
4 29 23
dp 32 23
2 11 20
267 8 31
93 13 36
21020 3 7
7c 16 5
bh 19 29
1011 6 6
343 8 17
ba 31 31
21 16 29
10010011 2 16
i1 19 8
91 10 29
111 6 13
30 20 12
j 29 12
2b1 12 5
e7 23 36
a3 32 7
1033 7 30
hf 19 23
1252 7 23
231 7 19
54 7 7
197 17 7
c9 29 31
1142 5 31
27 23 8
8f 32 10
fd 17 7
10d 19 11
108 20 19
110110111 2 12
2120 5 2
276 11 36
11011110 2 31
1a7 13 7
213 8 3
1a0 16 11
25 29 23
5q 29 20
196 13 29
3l 32 11
1e5 16 10
622 8 31
17a 17 19
24 20 11
60 8 29
560 8 31
31 7 30
ds 29 2
211 7 6
34 7 11
112 3 23
a 30 17
12 13 20
215 10 17
2432 5 31
1241 7 23
495 10 2
c0 30 32
138 11 32
24 13 23
e2 20 17
33b 12 19
1302 6 10
31 6 30
91 12 36
12102 3 23
110000110 2 16
536 7 31
97 11 29
2f 29 10
5j 30 17
di 29 31
178 11 23
1453 6 12
100202 3 29
2133 5 2
151 6 16
7j 20 23
377 11 8
1bc 16 8
111100011 2 5
352 12 32
at 30 20
f5 32 29
2113 5 12
8h 30 23
f0 30 11
205 11 6
2b0 12 17
6c 23 20
101011001 2 2
1c0 17 30
7i 32 23
2a5 11 11
10c 19 3
1322 6 7
10000010 2 36
11e 17 20
1202 7 5
16a 19 16
1a4 11 16
346 8 20
12122 3 5
352 7 11
ji 23 19
117 19 36
d 23 31
fe 31 17
166 10 13
222 5 36
cf 29 2
fr 31 29
620 8 19
69 13 36
85 23 16
1260 7 17
1101101 2 36
ig 23 7
7c 36 29
11111110 2 36
515 6 19
116 13 11
41 36 19
4e 20 6
352 7 12
hd 19 23
ah 23 31
bb 30 10
1j 29 12
405 7 8
ed 20 10
42 17 12
ds 31 11
8g 17 36
152 8 11
110001010 2 30
2y 36 30
206 7 19
ba 17 2
jb 23 3
6i 23 31
2142 5 10
b2 17 32
4d 16 5
70 19 8
20121 3 5
64 32 7
258 12 36
ga 30 23
73 12 31
49 12 16
308 10 32
4a 31 29
97 30 12
100011011 2 23
ce 30 7
fc 20 13
hf 19 29
8r 29 6
5p 31 20
197 16 10
120121 3 16
19a 12 19
gr 29 6
101110 3 12
91 31 12
349 12 20
d4 32 11
86 20 30
1l 32 36
1a4 13 6
1110100 2 5
6h 31 16
247 8 20
h8 23 10
147 13 6
1102 7 11
70 16 36
214 12 7
9l 29 30
461 10 19
28a 13 2
1c1 17 8
100 20 12
15 6 10
322 10 17
i7 20 19
200 13 31
110011101 2 3
he 20 10
8a 16 11
30 13 6
57 32 8
84 23 29
6y 36 12
471 8 16
140 16 30
3011 5 10
1065 7 6
441 8 10
1d 31 2
121012 3 30
5c 29 5
1264 7 13
268 11 20
a 16 11
101010111 2 36
jg 20 29
4c 36 6
324 8 32
1450 6 11
64 20 30
342 5 29
160 11 16
8s 32 31
136 12 23
324 11 5
c9 29 7
3s 30 10
aa 36 8
a0 11 2
271 11 2
660 8 3
120 13 12
71 10 3
7k 29 36
0 13 8
92 29 6
226 13 23
200102 3 13
da 16 17
74 19 17
1p 29 11
1cc 16 32
bm 32 2
95 29 20
ae 20 3
310 5 3
157 16 32
bb 12 10
c3 16 20
356 12 2
7c 19 12
535 8 30
43 12 11
430 5 19
240 12 3
eo 29 32
5j 31 16
5o 31 32
1n 30 6
11000001 2 5
i6 23 32
256 12 31
763 8 20
1123 6 6
2020 5 17
184 10 6
15c 13 16
23 16 10
l 30 2
502 6 29
1104 7 7
1002 6 6
b1 19 23
11a 19 23
ci 19 23
fj 29 32
1236 7 31
11 6 10
504 7 17
bf 29 2
1m 30 13
3e 16 2
4b 20 2
1ad 17 17
c2 32 13
148 11 8
c0 13 12
ee 31 8
12221 3 13
12f 20 12
g1 23 36
75 10 19
9q 36 11
114 20 5
706 8 12
424 10 3
205 8 20
75 17 29
3u 36 12
bf 23 32
1055 7 3
164 19 12
391 10 2
i9 19 13
3v 36 6
334 5 20
169 16 17
350 11 20
7h 19 8
238 10 23
221 10 32
2f 31 5
e8 30 23
181 12 10
aa 36 12
2431 5 11
110111010 2 8
1df 16 19
55 32 6
dq 31 13
175 12 12
1052 7 19
35 30 32
5 23 5
2e 31 19
4s 31 6
3202 5 6
3121 5 12
108 16 13
46 19 23
436 10 6
72 30 36
ef 32 3
3c 31 8
f9 20 3
dl 31 20
332 10 8
7g 30 36
b8 17 6
1d2 16 19
44 31 36
161 17 8
101212 3 17
270 8 32
540 6 11
119 16 16
266 8 11
4q 30 13
16a 16 7
7o 32 5
38 19 36
138 20 6
1202 7 16
5 29 2
fj 31 36
455 10 31
633 7 3
113 13 30
cf 17 8
1ab 12 11
471 10 17
110 3 11
a0 16 13
7e 32 20
109 10 20
2 12 29
343 6 20
266 12 3
10b 12 30
1a9 17 5
24 32 16
20220 3 13
1a9 17 12
cl 29 23
167 12 30
2a9 11 29
129 11 5
g1 31 11
7i 19 7
284 13 17
ar 29 36
120 13 19
264 12 17
1040 7 32
2a6 12 2
552 8 32
392 10 17
253 13 10
1123 6 31
251 11 5
97 17 19
o 31 6
2011 5 19
4a 12 17
152 16 5
24b 13 16
1302 5 12
ec 31 20
134 6 16
dh 29 6
1a 36 20
393 11 36
102112 3 5
304 10 20
3u 32 3
11111110 2 12
3420 5 3
351 12 36
84 13 2
9h 32 36
1512 6 32
2005 6 5
1550 6 13
3s 31 2
110100 2 12
4i 20 5
356 7 12
7o 32 29
f8 17 10
25 23 6
1223 7 36
463 8 23
4p 36 13
453 7 8
2022 6 3
101 7 12
7 29 5
g3 19 31
41 16 12
12d 19 2
440 10 19
3323 5 8
9b 12 20
96 16 36
ei 29 7
378 11 31
114 5 36
7k 32 13
10101111 2 3
10 8 5
e9 23 11
f8 29 36
31 17 7
k 31 10
20000 3 19
2055 6 16
13 11 5
1250 6 19
212 11 31
l 36 12
2c5 13 11
64 17 30
110221 3 23
cu 31 6
459 10 10
1221 7 8
b7 20 10
i 36 12
95 31 30
100000011 2 13
1232 5 2
99 19 3
2041 5 36
32 13 19
231 12 5
102120 3 23
g3 19 29
97 11 16
483 10 32
475 10 6
101 11 3
101111111 2 29
hg 20 29
ak 31 11
13a 16 17
104 5 3
102110 3 6
1434 5 23
9a 20 3
437 8 5
e2 32 10
55 12 29
9l 30 16
4t 32 3
315 8 20
3121 5 6
195 12 31
78 10 11
129 17 8
e0 31 23
63 19 12
206 13 5
c7 30 36
cp 31 19
d5 16 13
622 8 7
11i 19 10
8d 20 20
3044 5 30
3q 31 10
65 19 12
1a6 13 3
180 17 3
1455 6 16
4f 17 5
b1 32 8
ba 36 12
eq 29 13
d9 36 12
14f 17 32
760 8 5
313 5 10
118 20 30
f0 29 8
12110 3 29
9d 23 10
14f 20 17
fo 29 8
a8 20 6
14 12 11
11111001 2 13
1254 6 8
2j 20 2
12201 3 16
203 5 23
26 12 2
3d 17 19
418 10 29
9l 30 23
11111010 2 19
409 11 29
ab 13 23
205 11 30
99 32 32
1131 6 29
ah 31 32
de 16 5
1340 6 17
fc 20 31
13f 16 31
1222 3 13
322 8 30
280 13 16
330 10 36
90 20 3
31 30 5
13c 17 13
am 29 19
221 13 6
173 16 30
c7 29 11
f4 20 30
100001100 2 30
186 13 32
1c4 16 6
12i 19 3
101100000 2 3
320 7 7
159 17 16
27 16 8
715 8 8
b8 31 30
2h 31 36
324 7 13
e 29 6
24c 13 19
gd 17 12
1i 29 2
2a2 13 5
9o 36 16
bc 31 10
fm 23 16
53 11 7
55 10 16
285 11 29
333 5 29
a7 11 11
c8 17 8
k3 23 36
6q 36 29
97 32 20
11 17 3
58 23 31
12110 3 31
10a 17 5
241 12 5
152 11 30
290 13 7
f2 16 31
b1 16 36
3010 5 3
1334 5 30
er 30 31
f2 23 11
191 13 5
g4 23 36
151 13 16
100 5 32
b6 12 20
o 32 20
1k 23 19
113 17 17
1002 7 36
1b9 16 23
415 8 23
b5 19 6
e7 32 29
1c3 17 12
ao 30 31
71 23 16
gf 20 31
51 32 29
b9 29 32
1124 5 11
2e 17 23
121 7 16
bf 32 11
13c 20 30
ii 19 36
55 32 23
b1 31 10
10b 13 6
bb 36 31
1234 6 20
625 7 11
111110 3 17
fg 20 30
d3 19 17
98 30 3
5h 32 3
dc 17 16
ge 17 5
3102 5 17
1g 20 13
82 10 13
a1 29 30
166 10 16
cm 31 8
28 30 29
8h 32 13
63 11 8
4w 36 23
273 10 36
e6 30 36
2h 19 23
1005 6 3
1a0 13 30
ae 20 19
146 11 8
e 31 36
14d 20 36
3f 19 20
101100111 2 16
331 12 5
362 7 36
232 10 6
3 17 29
10 30 12
1b1 17 12
1123 7 19
11121 3 12
15 36 20
4c 13 17
110010110 2 30
200022 3 17
dp 29 2
18e 16 13
57 36 8
1320 6 3
83 10 36
ds 30 19
1101 7 20
6r 30 29
83 10 17
25 11 7
410 5 16
2f 20 5
521 7 2
351 7 29
d 31 11
114 17 36
169 12 36
7d 17 29
93 20 32
9l 23 7
da 32 13
126 17 6
1202 6 16
16 7 32
3b 16 11
423 5 17
c3 17 31
1342 5 16
116 16 29
e4 32 31
eb 31 12
82 19 17
6h 23 32
28 20 12
241 13 23
d0 30 10
11001111 2 30
2b 16 30
9p 31 31
70 8 3
3n 36 5
ie 19 30
443 5 19
175 19 6
18a 13 7
c7 17 10
3100 5 11
59 16 5
60 36 8
18 10 19
11221 3 29
1f2 16 8
h8 23 36
2l 32 3
466 8 12
84 23 30
120110 3 10
145 10 17
99 32 19
b 19 5
e7 17 31
e8 29 2
1552 6 36
1120 3 3
170 12 36
93 11 29
325 11 19
7 20 19
20 20 8
44 10 6
156 16 16
27 13 6
151 17 12
4q 32 8
cc 31 2
1100 6 32
11 30 23
624 7 2
1221 7 6
ff 32 13
k 36 32
2t 36 36
3424 5 16
10a 13 16
610 8 11
101101011 2 13
12c 13 13
1530 6 30
ee 16 3
b6 32 7
2024 5 5
1 3 16
21 6 16
2f 16 16
16 31 20
101 6 10
17a 17 30
32 10 11
9c 20 36
92 36 20
9e 16 10
191 13 11
2q 32 11
39 13 5
51 12 20
10001010 2 29
5e 16 6
1c3 16 19
7r 31 32
2011 6 36
7d 20 8
3002 5 31
340 10 30
1a2 12 5
15c 13 13
a5 11 32
2b7 13 32
59 13 6
10111 3 23
5e 17 23
32 17 17
11011 3 7
319 10 16
5t 36 10
100110001 2 20
300 6 29
f8 19 16
58 20 7
ad 23 6
113 7 19
442 5 7
ca 20 5
111102 3 32
6e 36 12
333 5 19
151 10 23
3103 5 10
404 5 20
a4 19 3
100210 3 10
32 12 29
78 36 32
cg 17 20
45 30 8
296 11 16
7s 30 3
31 11 20
45 29 13
120 6 8
161 10 2
1100101 2 13
158 11 36
20 19 19
bm 30 29
ak 29 8
ce 32 36
db 19 17
7 30 11
116 12 16
144 13 20
10e 16 31
1220 6 8
95 12 10
e9 17 17
9c 20 20
l9 23 11
8a 31 20
14e 19 17
i9 23 17
18b 16 32
131 5 29
e8 23 29
ga 23 23
6 32 11
1f 16 19
1 13 6
fn 31 3
ic 20 23
b9 32 12
124 8 10
652 7 17
g6 20 6
30 36 12
1165 7 30
106 13 10
111101 2 3
2b9 13 11
7k 31 30
660 8 2
2310 5 12
723 8 5
89 30 6
42 7 7
5b 17 5
l9 23 17
354 10 10
236 7 31
1b6 12 13
22021 3 2
11 11 2
8b 29 29
6f 23 16
1112 3 8
602 8 5
g0 19 13
fg 17 20
52 32 2
6d 19 6
34 7 12
8e 32 23
es 29 31
6v 36 3
66 11 36
1012 7 29
d8 23 29
195 16 10
hf 23 20
213 10 31
256 11 31
427 10 10
101010 2 31
401 7 31
ce 32 16
133 17 23
6c 16 3
ea 17 5
jk 23 29
65 17 2
102020 3 19
c7 23 8
18g 17 5
20b 13 7
654 7 11
623 7 12
407 8 30
10 11 3
b2 23 36
1003 5 10
1dc 16 6
3011 5 16
6j 20 17
13 36 32
237 10 23
a4 32 11
2e 29 3
82 12 32
f1 16 13
8i 30 17
14h 19 3
7g 32 19
13h 20 7
196 12 20
610 8 16
726 8 8
3g 36 29
1001 2 6
20211 3 13
430 5 36
bq 29 29
2114 6 30
12011 3 2
cm 36 16
g1 29 16
2021 5 7
8l 23 23
6l 36 36
55 29 23
fh 30 2
6t 32 30
222 7 36
298 12 6
3s 30 17
2440 5 13
714 8 5
1053 7 6
158 17 10
d7 16 17
6d 17 3
311 6 11
3a7 11 2
3a 11 19
20221 3 36
87 13 17
ap 36 16
30a 11 11
110112 3 29
d4 23 7
10111001 2 6
b7 32 5
14 36 2
286 13 5
al 36 7
5c 16 6
3c 31 7
a2 17 19
2055 6 36
cl 29 2
258 13 19
21021 3 29
2e 32 2
1240 7 19
158 11 16
102000 3 13
5t 32 30
451 6 6
1c 36 19
42 16 32
8 32 10
21 36 23
462 10 23
91 36 23
1r 31 31
91 31 17
2004 6 8
1214 7 7
b9 19 13
233 12 19
1bc 16 23
10100011 2 17
110 17 11
115 6 36
c6 29 29
324 5 36
82 11 31
19 31 29
101021 3 32
614 8 11
39 31 3
d7 19 19
15 30 30
636 7 19
8a 23 6
ec 16 10
167 17 13
e7 32 19
210 10 12
37 31 20
159 19 3
510 8 6
7b 19 3
202 3 6
e3 29 13
200012 3 19
cl 31 3
6f 31 10
114 20 11
121 11 12
110010011 2 30
5b 29 31
46 13 2
124 7 6
2035 6 23
10111100 2 6
1011010 2 3
b5 12 7
21a 13 3
100100110 2 10
112200 3 5
5g 17 19
7 20 3
1b6 13 19
46 12 31
51 11 23
4a 29 23
13f 20 29
4c 31 20
112 20 20
104 8 23
8e 32 19
e7 19 5
110001 2 7
430 10 2
100111100 2 29
2a0 11 13
53 36 32
1d 16 20
112121 3 16
2b 30 20
1g 30 31
69 17 16
55 6 36
3d 23 7
6k 30 3
108 16 16
12110 3 20
ed 30 16
5d 17 23
99 19 30
21a 11 2
330 7 36
100100101 2 12
238 13 30
651 7 10
h3 19 23
3321 5 11
7r 29 17
563 8 19
c2 23 12
141 11 8
bb 20 7
483 10 36
20122 3 30
3023 5 11
5c 23 23
457 8 19
145 17 29
14g 19 36
12 36 12
111 19 23
c7 32 36
1aa 12 32
150 17 19
5e 36 36
97 16 30
90 10 8
9 36 32
ge 29 32
e8 29 36
18 36 16
l8 23 31
a3 31 31
ac 13 23
2202 3 10
1d5 16 30
a8 11 16
1235 7 12
430 7 11
18f 17 7
3e 16 29
112 3 7
f9 17 10
gi 23 36
183 16 30
ce 32 19
aa 13 11
6g 17 20
2020 6 13
d6 17 3
h8 23 32
15a 12 23
1bd 16 17
1a4 16 10
374 8 2
a 16 23
1500 6 29
307 8 23
336 11 2
6u 31 19
fs 29 20
9u 36 30
12000 3 7
9q 30 5
23 36 29
204 11 6
202 3 7
100101 2 32
39 30 13
ja 23 11
74 30 3
dj 30 8
450 8 7
gn 29 16
d3 19 32
1101 6 36
3i 29 7
1001 3 6
65 10 3
31 17 32
102200 3 16
239 13 31
1232 6 12
10j 20 6
27 20 19
e3 32 10
39 29 3
361 11 19
81 32 13
106 17 8
1501 6 29
4d 16 8
650 8 29
cc 36 3
662 8 12
3i 31 23
8t 36 7
1060 7 36
4 16 11
627 8 13
12011 3 12
107 16 36
kb 23 19
94 16 11
ch 36 3
a3 16 17
121101 3 29
449 10 5
10111001 2 11
ca 29 6
9j 31 16
121 6 29
bq 29 7
1011011 2 5
2043 6 3
17 32 10
44 11 32
100 7 2
bu 32 12
dh 23 17
4c 36 29
2o 36 31
302 12 32
1b2 16 23
11000001 2 8
12c 17 20
210 8 23
9j 31 10
1a8 13 11
7t 36 20
5e 20 29
53 31 30
an 32 6
da 36 16
1m 29 30
11101111 2 3
339 12 30
f 36 11
72 10 8
138 17 8
dn 32 23
121 8 31
ed 30 20
e7 20 31
11110000 2 2
426 7 36
6d 16 17
299 13 3
30 29 8
315 10 2
10001000 2 16
624 7 11
22 20 5
d3 29 12
29 13 19
9s 32 19
1314 5 32
1112 6 3
623 7 23
441 8 29
315 6 32
9m 29 30
1b 36 8
6y 36 11
112210 3 30
433 5 16
2d 19 19
319 12 31
d5 30 11
1131 6 30
28 20 32
110011100 2 16
1505 6 17
ga 29 11
162 8 3
326 7 17
79 20 31
154 8 12
105 16 17
22a 13 16
2e 36 16
156 13 8
am 29 11
c 29 29
326 11 32
522 7 30
8i 36 16
157 11 36
1f 17 6
b6 20 13
470 8 31
59 31 32
320 5 31
8o 31 31
22020 3 32
7c 31 11
58 36 5
111000010 2 8
a1 32 32
1l 30 10
8j 31 13
1102 5 36
6 12 36
h7 23 36
e5 17 11
fb 29 20
73 31 6
1120 6 29
3o 31 11
a5 12 16
d 29 3
5b 23 13
143 7 29
335 11 2
47 19 11
11111101 2 23
3g 30 6
1333 6 36
8f 29 8
324 12 29
22 17 30
12 12 6
dj 20 31
24 23 36
2135 6 10
1250 7 32
eg 17 16
g3 30 30
2b1 13 5
dm 36 17
100100011 2 17
324 10 10
1 32 36
10101000 2 5
1441 5 20
do 31 5
12 17 36
30 10 17
9 20 7
c4 23 7
15 17 11
2g 20 12
0 29 36
221 7 10
4a 32 11
2bb 13 20
hh 19 29
355 12 31
11001 2 17
1011001 2 8
411 11 7
60 17 19
34a 11 5
117 12 16
1a3 12 23
1h 36 8
1232 6 19
5o 30 2
12021 3 29
9h 30 7
39 36 11
6a 29 30
7r 29 5
112001 3 16
4i 29 16
327 12 7
161 7 16
ic 20 17
dh 19 8
c0 20 16
2f 20 3
1d 31 17
313 12 30
1100 3 5
2a6 11 23
156 7 36
l0 23 5
cg 20 31
12 5 10
1233 7 29
85 10 23
1324 6 17
28 23 12
1y 36 29
5d 29 11
1r 29 19
bp 31 29
14a 19 16
1000110 2 36
fd 32 16
275 12 2
2a0 12 36
4e 17 20
401 11 16
dp 29 19
1b7 12 20
137 11 2
122201 3 29
a7 16 16
117 19 19
64 12 3
4j 29 32
13b 12 30
av 32 7
503 8 32
1040 6 12
121200 3 8
50 13 23
ag 30 8
bb 12 31
120002 3 23
5a 20 30
1001 6 5
6a 30 36
bp 31 10
1l 23 7
dq 29 16
37 32 29
110001 2 30
467 8 32
gb 30 3
463 7 20
1c1 17 17
eg 23 8
19a 11 10
58 17 11
121 8 16
12h 19 3
110102 3 3
21102 3 32
107 10 23
1b6 16 23
fq 30 30
344 11 36
100110001 2 31
1c2 16 16
d3 20 20
148 10 16
bm 32 30
186 13 17
30 19 7
1 30 11
9j 30 10
1451 6 29
374 11 29
1b9 13 17
ad 19 32
512 7 16
55 29 36
134 12 17
e8 30 11
59 30 2
1000000 2 13
10000011 2 5
17 12 20
ed 30 7
221 12 17
9j 30 19
1c2 16 29
152 11 17
hi 20 10
12e 17 5
ab 31 12
118 12 23
10j 20 7
1d 20 30
76 13 5
9 17 5
1e 36 10
3232 5 13
f8 16 12
332 5 16
110111 3 10
14h 20 17
12020 3 5
dn 36 32
240 6 30
8 30 8
2c2 13 16
kf 23 3
10011010 2 2
1335 6 29
hc 19 3
30 13 23
b 30 5
7e 32 19
6j 36 3
97 31 8
5b 31 19
42 19 20
10000011 2 12
364 8 29
a8 13 16
463 7 19
3e 17 13
f4 29 6
304 10 32
100010 3 29
4l 30 32
287 13 36
63 12 36
3e 29 11
1414 5 16
196 12 12
115 10 36
110000000 2 31
37 30 29
8 10 5
1a2 13 19
521 7 7
0 23 12
49 29 8
105 12 11
11221 3 2
4a 23 29
1a 20 17
3a6 11 5
60 11 11
324 5 31
2i 36 8
237 12 11
1a3 13 20
122 17 16
5e 31 23
14a 19 31
665 7 30
11111010 2 8
20 7 3
3220 5 3
ef 20 13
ce 16 8
2404 5 3
69 13 10
f2 19 19
23b 12 8
315 11 6
111111 2 16
fj 23 10
124 16 19
17 23 5
52 17 31
110101 2 6
49 36 23
b0 32 19
37 20 17
155 6 5
205 13 2
l0 23 29
2413 5 20
110000101 2 17
100011011 2 20
9a 31 36
2432 5 29
404 11 2
101101011 2 6
122202 3 13
d 32 11
110010000 2 13
f5 31 11
6m 30 6
5q 36 5
1100 5 11
2 10 8
302 6 8
234 5 36
2a9 13 36
5t 32 31
31 30 20
150 6 7
29 20 23
d3 23 32
13 19 19
167 13 17
156 16 12
6d 30 17
3a3 11 10
100202 3 16
119 11 16
8 17 32
31b 12 12
d3 16 30
bg 36 23
19b 16 8
120 13 13
6d 31 29
5l 30 8
c7 16 10
eb 20 3
47 10 12
43 10 31
dg 30 32
90 31 10
544 8 10
49 36 11
4d 31 19
106 17 23
em 29 17
161 8 3
j1 23 6
68 30 32
52 7 16
148 20 8
70 13 30
113 16 16
7k 36 31
ao 30 16
1aa 16 2
ed 16 2
ab 13 32
122 13 23
444 5 17
243 12 13
137 19 31
277 8 16
223 11 8
130 17 3
223 11 19
112022 3 5
13f 19 8
bm 29 17
19c 16 13
35 16 7
ag 32 29
2023 5 17
e5 17 31
1045 6 31
317 10 17
1165 7 20
49 17 7
152 17 17
4a 17 8
101110110 2 17
1412 5 31
3 31 11
2114 5 23
a0 32 16
10022 3 8
100001 3 8
44 5 32
19c 13 13
g2 20 19
ha 19 2
h6 23 7
120 5 30
cl 36 10
655 7 32
246 13 36
ck 32 19
21010 3 29
6h 30 2
343 8 6
200002 3 3
122 3 29
24a 11 32
274 12 29
197 13 7
279 12 32
107 17 10
91 19 8
jd 23 32
1d 36 16
1421 6 19
c5 23 8
55 29 10
331 11 6
2053 6 17
1000001 2 36
344 10 36
a9 31 2
2j 31 31
3aa 11 5
621 8 2
b0 32 23
220 6 10
1k 36 3
1230 6 10
281 13 11
22002 3 36
1eb 16 17
194 12 29
10100 3 20
1145 7 29
39 36 29
6l 36 3
238 13 12
43 11 12
f9 16 20
dc 29 17
15g 19 36
636 7 36
bw 36 30
24c 13 31
50 19 2
bh 29 11
68 17 20
626 7 2
cg 19 29
1 6 32
274 8 31
723 8 36
48 31 6
bp 30 19
428 10 31
111200 3 17
1b 16 11
159 17 30
60 30 5
118 20 32
5a 31 19
73 29 17
512 7 8
231 11 17
3130 5 36
4j 32 2
1202 5 17
353 8 11
10012 3 16
112211 3 3
254 7 31
184 17 6
eh 19 8
460 7 13
69 36 19
22200 3 29
506 7 23
b6 20 5
ag 19 31
g6 17 6
129 20 8
11110000 2 32
70 30 13
fi 23 8
1b7 12 19
146 8 32
6n 36 13
d8 19 23
542 7 8
301 6 32
28b 12 36
1033 6 31
94 20 2
77 8 12
470 10 31
ag 30 7
2020 5 10
20 8 36
10011 2 23
652 7 5
159 19 13
3200 5 16
432 6 5
286 11 2
f5 31 13
196 11 31
246 13 19
62 7 19
351 8 13
110111 2 8
442 6 23
4b 29 13
252 13 13
ao 30 23
27 10 32
3f 32 31
322 12 31
1a 17 10
520 6 12
14d 20 10
1213 6 10
3k 29 8
a3 19 19
2443 5 11
157 16 23
22 10 17
100002 3 20
ct 32 30
1412 6 12
250 6 16
2213 5 31
4t 31 13
c4 29 19
22 30 30
6d 19 5
11 13 17
550 8 12
80 36 17
744 8 30
e8 19 29
bj 32 31
eg 23 7
161 11 10
160 12 11
6f 32 19
189 17 23
e9 30 3
7n 32 6
8x 36 29
16b 16 23
1400 6 17
22200 3 11
203 13 8
43 7 11
3f 23 6
174 19 16
ct 36 6
4b 12 12
9g 31 8
343 7 19
100000111 2 19
13a 19 6
713 8 16
1a6 11 2
2011 3 7
148 13 6
1111101 2 3
2b8 12 3
73 23 29
178 13 31
1a8 16 12
ef 23 29
d8 32 32
9 31 5
di 32 16
2123 6 20
2b9 13 17
12b 19 16
101000101 2 19
55 10 31
108 12 6
41 13 32
110010001 2 36
4c 30 7
4i 30 12
12b 19 11
266 8 17
244 12 17
1i 19 29
111011001 2 6
1d 23 10
h4 19 12
10g 20 20
7o 29 8
6b 36 12
ee 30 32
130 12 2
68 17 29
1e7 16 29
40 31 10
7j 23 3
3f 32 2
3p 30 13
g 30 23
101101000 2 36
8 17 36
3q 31 6
bo 32 3
7c 13 20
45 19 2
9d 36 11
gd 19 5
74 30 30
260 13 10
23 5 2
146 20 7
2a4 11 11
a0 31 7
260 7 10
26b 13 20
3j 23 8
282 13 30
a8 36 12
465 8 23
10110 3 20
331 10 6
11001 3 23
1145 6 29
502 6 36
a8 19 6
1a2 17 10
ac 29 11
2b4 13 6
244 6 17
b4 17 20
4 29 29
403 11 31
646 8 30
cw 36 17
g5 30 6
11e 19 11
10 2 29
74 31 20
d8 32 30
b4 36 12
5a 31 16
10100000 2 11
3m 31 5
195 13 2
bb 23 13
84 29 17
91 23 29
59 32 23
167 17 12
100101011 2 13
4x 36 29
3l 23 36
bf 20 13
5q 36 6
1404 6 19
1101000 2 13
117 11 7
139 10 31
132 16 3
6f 16 13
2041 5 5
12 17 13
22 8 16
1205 6 32
g2 20 6
7f 20 29
126 19 23
2j 29 12
10 13 17
3a1 11 16
105 17 31
9f 20 3
i4 19 3
420 10 29
138 12 31
1044 7 13
35 16 13
48 29 23
57 16 13
440 6 8
6a 30 10
12i 20 23
d 23 36
9e 19 5
ej 29 12
fg 32 32
253 12 5
285 12 13
60 30 6
eo 31 16
1432 5 29
8c 30 19
5a 36 12
h 36 19
dj 30 20
285 10 13
1304 6 30
10100001 2 36
2322 5 17
41 32 12
56 31 36
l 36 8
111202 3 20
ah 32 12
14i 20 36
10001011 2 16
h 36 29
139 17 10
247 13 30
560 8 32
2033 6 2
10010111 2 10
334 12 17
al 32 36
13 32 36
72 19 2
2331 5 17
13a 12 36
1312 7 29
ad 31 12
bi 29 23
6e 16 23
6m 31 16
364 10 30
566 7 30
355 6 13
be 17 2
e5 19 3
300 8 29
325 8 7
101000111 2 30
10110 3 32
aq 30 11
102102 3 3
0 36 12
b2 17 31
752 8 17
9a 11 23
1b 17 13
i7 23 8
10e 16 17
186 11 17
f6 29 5
f 32 19
ab 29 13
1323 6 2
2013 6 12
fs 31 29
100000000 2 6
8z 36 2
105 13 36
2q 32 3
1e2 16 16
90 30 2
a 23 36
h4 29 17
1g 30 20
1s 31 17
96 12 12
310 8 36
133 5 20
ii 19 16
3 32 20
264 11 3
ce 29 12
33 11 30
193 13 20
3j 29 16
b 13 19
1cd 16 5
2151 6 19
1341 6 7
197 12 36
12102 3 16
3f 23 5
ii 23 13
gh 30 12
b2 13 32
45 10 29
8d 20 17
7m 23 3
613 8 13
h 23 11
1011011 2 32
3b 31 7
k5 23 17
cj 31 3
2c 17 8
1be 17 29
7e 20 6
1011 2 10
1402 5 20
69 20 32
543 8 13
110100111 2 6
110100010 2 32
269 11 23
bk 31 6
i2 20 13
230 11 23
e2 30 30
560 8 30
3010 5 17
1e 36 29
178 10 13
8b 36 36
134 17 32
25 12 8
2031 5 31
132 7 17
gh 19 5
1045 6 2
bb 29 2
176 13 17
7f 36 6
f 30 6
100101001 2 5
77 17 23
g0 31 13
125 10 8
12 29 32
55 8 31
ch 23 16
c3 31 32
11f 20 2
c4 20 30
2r 30 16
bk 29 19
100011111 2 32
110212 3 11
8d 36 16
36 36 29
57 10 11
94 31 19
10101 3 36
122001 3 12
b0 32 36
7o 30 20
19 19 16
98 13 6
3t 36 23
5s 29 10
63 8 30
3 31 7
j2 20 12
ac 19 32
31 12 16
2ab 12 10
ga 29 16
30 11 2
110000011 2 2
296 12 12
445 7 12
407 8 8
a8 19 19
3t 30 11
g8 30 16
3o 30 3
69 10 3
100121 3 36
8i 30 32
112 11 16
3g 23 17
20 13 36
761 8 29
j4 23 5
291 10 29
623 8 3
f6 29 29
6f 30 31
57 11 30
111021 3 12
7i 32 31
478 10 31
722 8 36
d4 36 20
325 6 23
10001 2 17
af 17 31
122 12 8
c5 30 5
1203 7 3
63 36 30
183 17 16
49 20 16
106 13 5
660 8 19
1036 7 23
g8 20 20
86 12 5
222 13 23
2i 36 3
84 20 29
65 10 8
6k 30 19
1 10 8
1246 7 36
91 29 32
d2 20 19
92 16 11
d8 23 13
637 8 32
d2 29 23
5v 32 19
1d 16 32
1f3 16 10
ab 23 36
296 10 20
bh 32 8
224 10 23
6b 29 17
1b8 12 19
f8 20 6
b2 17 29
120 12 31
8 10 23
7 31 29
101001001 2 7
10100000 2 3
2h 23 29
661 8 16
1g 23 5
644 7 36
c5 19 3
3411 5 10
202 3 17
e9 29 13
g 32 10
1443 5 10
a0 19 30
2144 5 17
117 10 23
457 8 12
c3 19 7
22 12 13
20020 3 12
1k 23 10
1000010 2 17
c6 23 29
37 19 32
83 23 30
111011011 2 12
30 16 29
1413 6 5
215 12 13
ds 30 23
239 11 2
8p 32 17
404 7 32
bi 36 20
es 32 3
a0 20 7
164 10 23
102011 3 36
85 16 23
181 17 6
ia 20 7
101121 3 13
15a 13 6
33 13 29
101021 3 6
1b8 13 20
cv 32 30
6f 31 2
100011010 2 32
232 11 2
52 19 12
102 6 7
b0 29 30
1451 6 6
120 12 23
0 17 23
273 8 20
2111 6 6
121102 3 7
6i 19 3
b7 36 5
j7 23 19
6s 29 36
102 20 7
il 23 7
2a4 13 36
1135 7 16
gi 20 12
71 23 29
a 30 19
121 6 31
301 5 7
3014 5 17
120211 3 20
f0 17 2
ed 23 23
1p 30 19
73 30 2
40 6 8
101011000 2 12
ai 19 16
335 10 19
14c 20 3
16f 19 20
10a 12 19
104 16 5
c8 17 16
2e 31 32
91 13 2
141 6 31
ce 36 10
1k 32 2
110111001 2 32
54 23 19
1f 29 5
154 19 10
383 11 10
0 5 31
31a 11 30
434 6 12
242 12 36
517 8 19
5q 36 20
101110111 2 16
377 8 12
9k 32 6
2234 5 36
10000101 2 20
3g 30 17
11 32 17
gd 23 17
10i 19 11
1113 6 13
e5 29 6
3042 5 29
22 12 11
22202 3 30
2142 5 2
271 12 20
3102 5 10
fg 32 23
f1 20 30
736 8 17
17d 16 6
aj 36 36
10210 3 7
384 10 36
3243 5 11
2103 5 30
h6 20 10
ek 23 2
177 17 31
1a9 13 2
2l 30 16
56 7 7
c6 31 32
4g 29 29
110110010 2 8
216 7 11
e3 17 29
20010 3 13
435 7 7
2103 6 36
121202 3 13
c1 19 11
10110111 2 3
1dd 16 12
120022 3 10
100101101 2 2
