1
2
3
4
5
6
7
8
9
10
11
12
13
14
15
16
17
18
19
20
21
22
23
24
25
26
27
28
29
30
31
32
33
34
35
36
37
38
39
40
41
42
43
44
45
46
47
48
49
50
51
52
53
54
55
56
57
58
59
60
61
62
63
64
65
66
67
68
69
70
71
72
73
74
75
76
77
78
79
80
81
82
83
84
85
86
87
88
90
91
92
93
94
95
96
97
98
99
100
101
102
103
105
107
108
109
110
111
112
113
114
115
116
117
118
119
120
121
123
124
125
127
129
131
132
133
134
135
136
137
138
139
141
142
143
144
146
148
149
151
152
153
154
156
157
158
159
160
162
163
165
166
167
168
169
170
171
172
173
174
178
179
180
181
182
183
184
185
186
187
188
189
190
192
194
195
196
197
198
199
201
202
203
204
208
209
213
214
215
218
220
221
222
224
228
230
231
232
233
234
235
236
237
239
241
242
244
246
249
251
252
253
255
256
257
258
260
264
265
266
267
268
272
275
280
281
284
285
290
293
296
297
300
301
305
307
309
313
314
315
316
317
320
323
325
330
331
332
339
346
347
348
353
357
360
361
366
367
370
372
374
375
384
387
389
392
393
397
398
399
402
404
412
420
437
439
459
466
468
471
473
476
486
488
496
507
510
524
530
532
536
545
553
562
564
566
568
574
591
615
628
630
632
633
639
646
653
659
678
692
694
696
706
719
749
768
781
786
808
815
821
825
869
913
981
989
