6.28 3.14
12.57 12.57
18.85 28.27
25.13 50.27
31.42 78.54
37.70 113.10
43.98 153.94
50.27 201.06
56.55 254.47
62.83 314.16
69.12 380.13
75.40 452.39
81.68 530.93
87.96 615.75
94.25 706.86
100.53 804.25
106.81 907.92
113.10 1017.88
119.38 1134.11
125.66 1256.64
131.95 1385.44
138.23 1520.53
144.51 1661.90
150.80 1809.56
157.08 1963.50
163.36 2123.72
169.65 2290.22
175.93 2463.01
182.21 2642.08
188.50 2827.43
194.78 3019.07
201.06 3216.99
207.35 3421.19
213.63 3631.68
219.91 3848.45
226.19 4071.50
232.48 4300.84
238.76 4536.46
245.04 4778.36
251.33 5026.55
257.61 5281.02
263.89 5541.77
270.18 5808.80
276.46 6082.12
282.74 6361.73
289.03 6647.61
295.31 6939.78
301.59 7238.23
307.88 7542.96
314.16 7853.98
320.44 8171.28
326.73 8494.87
333.01 8824.73
339.29 9160.88
345.58 9503.32
351.86 9852.03
358.14 10207.03
364.42 10568.32
370.71 10935.88
376.99 11309.73
383.27 11689.87
389.56 12076.28
395.84 12468.98
402.12 12867.96
408.41 13273.23
414.69 13684.78
420.97 14102.61
427.26 14526.72
433.54 14957.12
439.82 15393.80
446.11 15836.77
452.39 16286.02
458.67 16741.55
464.96 17203.36
471.24 17671.46
477.52 18145.84
483.81 18626.50
490.09 19113.45
496.37 19606.68
502.65 20106.19
508.94 20611.99
515.22 21124.07
521.50 21642.43
527.79 22167.08
534.07 22698.01
540.35 23235.22
546.64 23778.71
552.92 24328.49
565.49 25446.90
571.77 26015.53
578.05 26590.44
584.34 27171.63
590.62 27759.11
596.90 28352.87
603.19 28952.92
609.47 29559.25
615.75 30171.86
622.04 30790.75
628.32 31415.93
634.60 32047.39
640.88 32685.13
647.17 33329.16
659.73 34636.06
672.30 35968.09
678.58 36643.54
684.87 37325.26
691.15 38013.27
697.43 38707.56
703.72 39408.14
710.00 40115.00
716.28 40828.14
722.57 41547.56
728.85 42273.27
735.13 43005.26
741.42 43743.54
747.70 44488.09
753.98 45238.93
760.27 45996.06
772.83 47529.16
779.11 48305.13
785.40 49087.39
797.96 50670.75
810.53 52279.24
823.10 53912.87
829.38 54739.11
835.66 55571.63
841.95 56410.44
848.23 57255.53
854.51 58106.90
860.80 58964.55
867.08 59828.49
873.36 60698.71
885.93 62458.00
892.21 63347.07
898.50 64242.43
904.78 65144.07
917.35 66966.19
929.91 68813.45
936.19 69746.50
948.76 71631.45
955.04 72583.36
961.33 73541.54
967.61 74506.01
980.18 76453.80
986.46 77437.12
992.74 78426.72
999.03 79422.60
1005.31 80424.77
1017.88 82447.96
1024.16 83468.98
1036.73 85529.86
1043.01 86569.73
1049.29 87615.88
1055.58 88668.31
1061.86 89727.03
1068.14 90792.03
1074.42 91863.31
1080.71 92940.88
1086.99 94024.73
1093.27 95114.86
1118.41 99538.22
1124.69 100659.77
1130.97 101787.60
1137.26 102921.72
1143.54 104062.12
1149.82 105208.80
1156.11 106361.76
1162.39 107521.01
1168.67 108686.54
1174.96 109858.35
1181.24 111036.45
1187.52 112220.83
1193.81 113411.49
1206.37 115811.67
1218.94 118236.98
1225.22 119459.06
1231.50 120687.42
1237.79 121922.07
1244.07 123163.00
1250.35 124410.21
1262.92 126923.48
1269.20 128189.55
1275.49 129461.89
1281.77 130740.52
1306.90 135917.86
1313.19 137227.91
1338.32 142530.92
1344.60 143872.38
1350.88 145220.12
1369.73 149301.05
1382.30 152053.08
1388.58 153438.53
1394.87 154830.25
1407.43 157632.55
1432.57 163312.55
1445.13 166190.25
1451.42 167638.53
1457.70 169093.08
1463.98 170553.92
1470.27 172021.05
1476.55 173494.45
1482.83 174974.14
1489.11 176460.12
1501.68 179450.91
1514.25 182466.84
1520.53 183984.23
1533.10 187037.86
1545.66 190116.62
1564.51 194781.89
1577.08 197923.48
1583.36 199503.70
1589.65 201090.20
1602.21 204282.06
1608.50 205887.42
1614.78 207499.05
1621.06 209116.97
1633.63 212371.66
1658.76 218956.44
1665.04 220618.34
1671.33 222286.53
1677.61 223961.00
1683.89 225641.75
1709.03 232427.59
1727.88 237582.94
1759.29 246300.86
1765.58 248063.30
1784.42 253388.30
1790.71 255175.86
1822.12 264207.94
1840.97 269702.59
1859.82 275253.78
1866.11 277116.75
1884.96 282743.34
1891.24 284631.44
1916.37 292246.66
1928.94 296091.97
1941.50 299962.41
1966.64 307778.69
1972.92 309748.47
1979.20 311724.53
1985.49 313706.88
1991.77 315695.50
2010.62 321699.09
2029.47 327759.22
2042.04 331830.72
2073.45 342119.44
2079.73 344196.03
2086.02 346278.91
2130.00 361034.97
2173.98 376098.91
2180.27 378276.03
2186.55 380459.44
2217.96 391470.72
2243.10 400392.84
2261.95 407150.41
2268.23 409415.50
2299.65 420835.19
2305.93 423137.97
2324.78 430084.03
2337.34 434746.16
2349.91 439433.41
2356.19 441786.47
2412.74 463246.69
2431.59 470513.19
2444.16 475388.94
2463.01 482749.69
2469.29 485215.84
2494.42 495143.28
2500.71 497640.84
2506.99 500144.69
2525.84 507693.94
2538.41 512758.19
2588.67 533266.50
2638.94 554176.94
2745.75 599946.81
2758.32 605450.88
2883.98 661873.88
2927.96 682215.69
2940.53 688084.19
2959.38 696934.06
2971.95 702865.38
2990.80 711809.50
3053.63 742031.62
3066.19 748151.44
3116.46 772882.06
3185.57 807543.25
3204.42 817128.25
3292.39 862605.94
3330.09 882473.38
3342.65 889146.12
3367.79 902567.00
3424.34 933131.56
3474.60 960727.31
3531.15 992253.19
3543.72 999328.06
3556.28 1006428.06
3568.85 1013553.19
3606.55 1035079.38
3713.36 1097298.62
3864.16 1188228.88
3945.84 1238993.88
3958.41 1246898.12
3970.97 1254827.50
3977.26 1258801.62
4014.96 1282778.25
4058.94 1311036.88
4102.92 1339603.38
4140.62 1364334.00
4260.00 1444139.88
4347.96 1504395.62
4360.53 1513104.12
4373.10 1521837.75
4435.93 1565882.88
4517.61 1624080.88
4706.11 1762436.62
4825.49 1852986.75
4907.17 1916249.00
4938.58 1940863.38
5076.81 2051032.75
5120.80 2086724.38
5158.50 2117562.25
5183.63 2138246.50
5460.09 2372408.25
5736.55 2618734.25
6163.80 3023346.25
6214.07 3072857.75
